0,-1.0296e-05
0.05,-7.7381e-05
0.1,-0.0001098
0.15,-9.3076e-05
0.2,-3.4746e-05
0.25,3.9083e-05
0.3,9.5411e-05
0.35,0.00010911
0.4,7.4101e-05
0.45,6.0596e-06
0.5,-6.4645e-05
0.55,-0.0001065
0.6,-0.00010089
0.65,-5.037e-05
0.7,2.2538e-05
0.75,8.5379e-05
0.8,0.00011023
0.85,8.6082e-05
0.9,2.3721e-05
0.95,-4.9132e-05
1,-0.00010014
1.05,-0.00010671
1.1,-6.5979e-05
1.15,3.9556e-06
1.2,7.2095e-05
1.25,0.00010828
1.3,9.6553e-05
1.35,4.2143e-05
1.4,-3.0853e-05
1.45,-9.0174e-05
1.5,-0.00010965
1.55,-8.0737e-05
1.6,-1.6241e-05
1.65,5.5368e-05
1.7,0.00010254
1.75,0.00010453
1.8,6.0525e-05
1.85,-1.007e-05
1.9,-7.6187e-05
1.95,-0.00010879
2,-9.3592e-05
2.05,-3.7335e-05
2.1,3.5257e-05
2.15,9.2338e-05
2.2,0.00010892
2.25,7.7788e-05
2.3,1.2635e-05
2.35,-5.7995e-05
2.4,-0.00010321
2.45,-0.0001033
2.5,-5.8269e-05
2.55,1.2157e-05
2.6,7.7224e-05
2.65,0.00010857
2.7,9.258e-05
2.75,3.6285e-05
2.8,-3.5756e-05
2.85,-9.2184e-05
2.9,-0.00010849
2.95,-7.7635e-05
3,-1.3096e-05
3.05,5.7072e-05
3.1,0.00010242
3.15,0.00010333
3.2,5.947e-05
3.25,-1.0106e-05
3.3,-7.5246e-05
3.35,-0.00010778
3.4,-9.3701e-05
3.45,-3.9152e-05
3.5,3.2251e-05
3.55,8.9672e-05
3.6,0.00010837
3.65,8.0345e-05
3.7,1.774e-05
3.75,-5.2442e-05
3.8,-9.9996e-05
3.85,-0.00010451
3.9,-6.4116e-05
3.95,3.7733e-06
4,6.9976e-05
4.05,0.0001061
4.1,9.6711e-05
4.15,4.5903e-05
4.2,-2.4505e-05
4.25,-8.4357e-05
4.3,-0.00010808
4.35,-8.5594e-05
4.4,-2.6581e-05
4.45,4.3715e-05
4.5,9.5292e-05
4.55,0.0001062
4.6,7.1857e-05
4.65,6.965e-06
4.7,-6.082e-05
4.75,-0.00010267
4.8,-0.00010086
4.85,-5.6224e-05
4.9,1.2219e-05
4.95,7.5404e-05
5,0.00010656
5.05,9.2561e-05
5.1,3.9402e-05
5.15,-3.036e-05
5.2,-8.7209e-05
5.25,-0.00010716
5.3,-8.1854e-05
5.35,-2.2054e-05
5.4,4.697e-05
5.45,9.6127e-05
5.5,0.00010476
5.55,6.9314e-05
5.6,4.7737e-06
5.65,-6.1692e-05
5.7,-0.00010218
5.75,-9.9748e-05
5.8,-5.5505e-05
5.85,1.1935e-05
5.9,7.4292e-05
5.95,0.00010549
6,9.2546e-05
6.05,4.0958e-05
6.1,-2.7662e-05
6.15,-8.4651e-05
6.2,-0.00010628
6.25,-8.36e-05
6.3,-2.6153e-05
6.35,4.2096e-05
6.4,9.2753e-05
6.45,0.00010481
6.5,7.335e-05
6.55,1.1507e-05
6.6,-5.502e-05
6.65,-9.8665e-05
6.7,-0.00010141
6.75,-6.2217e-05
6.8,2.635e-06
6.85,6.6306e-05
6.9,0.00010252
6.95,9.6414e-05
7,5.0588e-05
7.05,-1.5999e-05
7.1,-7.5904e-05
7.15,-0.00010452
7.2,-9.0151e-05
7.25,-3.8803e-05
7.3,2.8382e-05
7.35,8.3832e-05
7.4,0.00010486
7.45,8.2952e-05
7.5,2.7156e-05
7.55,-3.9649e-05
7.6,-9.016e-05
7.65,-0.00010381
7.7,-7.5126e-05
7.75,-1.5887e-05
7.8,4.9721e-05
7.85,9.5003e-05
7.9,0.00010161
7.95,6.695e-05
8,5.1889e-06
8.05,-5.8572e-05
8.1,-9.8504e-05
8.15,-9.8503e-05
8.2,-5.8672e-05
8.25,4.7971e-06
8.3,6.622e-05
8.35,0.00010083
8.4,9.4734e-05
8.45,5.0503e-05
8.5,-1.3971e-05
8.55,-7.2714e-05
8.6,-0.00010214
8.65,-9.0522e-05
8.7,-4.2621e-05
8.75,2.2271e-05
8.8,7.8128e-05
8.85,0.00010263
8.9,8.607e-05
8.95,3.5171e-05
9,-2.9666e-05
9.05,-8.2555e-05
9.1,-0.00010246
9.15,-8.1558e-05
9.2,-2.8266e-05
9.25,3.6152e-05
9.3,8.6096e-05
9.35,0.0001018
9.4,7.7142e-05
9.45,2.1995e-05
9.5,-4.1743e-05
9.55,-8.8859e-05
9.6,-0.0001008
9.65,-7.2957e-05
9.7,-1.6419e-05
9.75,4.6467e-05
9.8,9.0946e-05
9.85,9.959e-05
9.9,6.9112e-05
9.95,1.1586e-05
10,-5.036e-05
10.05,-9.2456e-05
10.1,-9.8294e-05
10.15,-6.5701e-05
10.2,-7.5238e-06
10.25,5.3463e-05
10.3,9.348e-05
10.35,9.7011e-05
10.4,6.2796e-05
10.45,4.2513e-06
10.5,-5.5814e-05
10.55,-9.4095e-05
10.6,-9.5825e-05
10.65,-6.0453e-05
10.7,-1.7787e-06
10.75,5.7449e-05
10.8,9.4363e-05
10.85,9.48e-05
10.9,5.8713e-05
10.95,1.1088e-07
11,-5.8396e-05
11.05,-9.4332e-05
11.1,-9.3983e-05
11.15,-5.7603e-05
11.2,7.5039e-07
11.25,5.8676e-05
11.3,9.4034e-05
11.35,9.3399e-05
11.4,5.7139e-05
11.45,-8.0494e-07
11.5,-5.8299e-05
11.55,-9.3479e-05
11.6,-9.3059e-05
11.65,-5.7323e-05
11.7,5.3399e-08
11.75,5.7263e-05
11.8,9.2663e-05
11.85,9.2951e-05
11.9,5.8146e-05
11.95,1.5028e-06
12,-5.5558e-05
12.05,-9.1559e-05
12.1,-9.3045e-05
12.15,-5.9584e-05
12.2,-3.8608e-06
12.25,5.3159e-05
12.3,9.0126e-05
12.35,9.3291e-05
12.4,6.1601e-05
12.45,7.0142e-06
12.5,-5.0036e-05
12.55,-8.8299e-05
12.6,-9.3618e-05
12.65,-6.4144e-05
12.7,-1.0951e-05
12.75,4.615e-05
12.8,8.6001e-05
12.85,9.3931e-05
12.9,6.7139e-05
12.95,1.565e-05
13,-4.1458e-05
13.05,-8.3134e-05
13.1,-9.4115e-05
13.15,-7.0492e-05
13.2,-2.1074e-05
13.25,3.5918e-05
13.3,7.9591e-05
13.35,9.4029e-05
13.4,7.4082e-05
13.45,2.7171e-05
13.5,-2.9497e-05
13.55,-7.5254e-05
13.6,-9.3513e-05
13.65,-7.7761e-05
13.7,-3.3858e-05
13.75,2.2172e-05
13.8,7.0002e-05
13.85,9.2383e-05
13.9,8.1348e-05
13.95,4.1023e-05
14,-1.3943e-05
14.05,-6.3716e-05
14.1,-9.044e-05
14.15,-8.463e-05
14.2,-4.8515e-05
14.25,4.8421e-06
14.3,5.6291e-05
14.35,8.7471e-05
14.4,8.7359e-05
14.45,5.6137e-05
14.5,5.0554e-06
14.55,-4.7647e-05
14.6,-8.3264e-05
14.65,-8.9255e-05
14.7,-6.364e-05
14.75,-1.5621e-05
14.8,3.7743e-05
14.85,7.7613e-05
14.9,9.0016e-05
14.95,7.0722e-05
15,2.6661e-05
15.05,-2.6592e-05
15.1,-7.0338e-05
15.15,-8.932e-05
15.2,-7.7028e-05
15.25,-3.7907e-05
15.3,1.4279e-05
15.35,6.1302e-05
15.4,8.6847e-05
15.45,8.2155e-05
15.5,4.9005e-05
15.55,-9.8076e-07
15.6,-5.0438e-05
15.65,-8.2295e-05
15.7,-8.5659e-05
15.75,-5.952e-05
15.8,-1.3019e-05
15.85,3.7771e-05
15.9,7.5412e-05
15.95,8.7083e-05
16,6.8932e-05
16.05,2.7316e-05
16.1,-2.3449e-05
16.15,-6.6026e-05
16.2,-8.5979e-05
16.25,-7.6657e-05
16.3,-4.1379e-05
16.35,7.7666e-06
16.4,5.4084e-05
16.45,8.1948e-05
16.5,8.2066e-05
16.55,5.4551e-05
16.6,8.8115e-06
16.65,-3.9694e-05
16.7,-7.4687e-05
16.75,-8.4529e-05
16.8,-6.6072e-05
16.85,-2.5639e-05
16.9,2.3166e-05
16.95,6.4049e-05
17,8.3468e-05
17.05,7.5103e-05
17.1,4.1889e-05
17.15,-5.0389e-06
17.2,-5.0094e-05
17.25,-7.8422e-05
17.3,-8.0792e-05
17.35,-5.6578e-05
17.4,-1.3892e-05
17.45,3.3155e-05
17.5,6.9132e-05
17.55,8.2343e-05
17.6,6.8614e-05
17.65,3.2585e-05
17.7,-1.3881e-05
17.75,-5.5619e-05
17.8,-7.9117e-05
17.85,-7.6876e-05
17.9,-4.9781e-05
17.95,-6.7392e-06
18,3.827e-05
18.05,7.0742e-05
18.1,8.0321e-05
18.15,6.4077e-05
18.2,2.7381e-05
18.25,-1.7894e-05
18.3,-5.7232e-05
18.35,-7.8125e-05
18.4,-7.4041e-05
18.45,-4.6443e-05
18.5,-4.2434e-06
18.55,3.9088e-05
18.6,6.9836e-05
18.65,7.8373e-05
18.7,6.2154e-05
18.75,2.6452e-05
18.8,-1.7379e-05
18.85,-5.5531e-05
18.9,-7.609e-05
18.95,-7.2746e-05
19,-4.6707e-05
19.05,-6.2469e-06
19.1,3.5944e-05
19.15,6.6744e-05
19.2,7.668e-05
19.25,6.2822e-05
19.3,2.9619e-05
19.35,-1.2543e-05
19.4,-5.0613e-05
19.45,-7.291e-05
19.5,-7.2702e-05
19.55,-5.0212e-05
19.6,-1.2484e-05
19.65,2.8848e-05
19.7,6.1154e-05
19.75,7.4664e-05
19.8,6.5412e-05
19.85,3.6371e-05
19.9,-3.5188e-06
19.95,-4.2117e-05
20,-6.7786e-05
20.05,-7.289e-05
20.1,-5.6048e-05
20.15,-2.2481e-05
20.2,1.7627e-05
20.25,5.2227e-05
20.3,7.1033e-05
20.35,6.8558e-05
20.4,4.5703e-05
20.45,9.4129e-06
20.5,-2.9451e-05
20.55,-5.9367e-05
20.6,-7.157e-05
20.65,-6.2599e-05
20.7,-3.5262e-05
20.75,2.2653e-06
20.8,3.8898e-05
20.85,6.3922e-05
20.9,7.0118e-05
20.95,5.5831e-05
21,2.5384e-05
21.05,-1.2246e-05
21.1,-4.6089e-05
21.15,-6.6379e-05
21.2,-6.7365e-05
21.25,-4.8922e-05
21.3,-1.6517e-05
21.35,2.0423e-05
21.4,5.127e-05
21.45,6.7246e-05
21.5,6.3911e-05
21.55,4.2379e-05
21.6,8.9304e-06
21.65,-2.6834e-05
21.7,-5.4756e-05
21.75,-6.7002e-05
21.8,-6.0249e-05
21.85,-3.6564e-05
21.9,-2.7546e-06
21.95,3.16e-05
22,5.6868e-05
22.05,6.6064e-05
22.1,5.6761e-05
22.15,3.1714e-05
22.2,-1.9756e-06
22.25,-3.4884e-05
22.3,-5.7905e-05
22.35,-6.4766e-05
22.4,-5.3719e-05
22.45,-2.7966e-05
22.5,5.2863e-06
22.55,3.6853e-05
22.6,5.8114e-05
22.65,6.3357e-05
22.7,5.13e-05
22.75,2.5382e-05
22.8,-7.2351e-06
22.85,-3.7656e-05
22.9,-5.7679e-05
22.95,-6.1999e-05
23,-4.9601e-05
23.05,-2.3973e-05
23.1,7.8903e-06
23.15,3.7406e-05
23.2,5.6716e-05
23.25,6.0774e-05
23.3,4.8646e-05
23.35,2.3707e-05
23.4,-7.3185e-06
23.45,-3.6174e-05
23.5,-5.5273e-05
23.55,-5.9685e-05
23.6,-4.8398e-05
23.65,-2.452e-05
23.7,5.58e-06
23.75,3.399e-05
23.8,5.333e-05
23.85,5.8668e-05
23.9,4.8759e-05
23.95,2.632e-05
24,-2.7321e-06
24.05,-3.0848e-05
24.1,-5.0812e-05
24.15,-5.7588e-05
24.2,-4.9577e-05
24.25,-2.8975e-05
24.3,-1.1618e-06
24.35,2.6719e-05
24.4,4.7595e-05
24.45,5.6255e-05
24.5,5.0639e-05
24.55,3.2313e-05
24.6,6.0164e-06
24.65,-2.1568e-05
24.7,-4.3523e-05
24.75,-5.4424e-05
24.8,-5.1673e-05
24.85,-3.6099e-05
24.9,-1.1704e-05
24.95,1.5378e-05
25,3.843e-05
25.05,5.1814e-05
25.1,5.2345e-05
25.15,4.0032e-05
25.2,1.8031e-05
25.25,-8.1799e-06
25.3,-3.2167e-05
25.35,-4.8124e-05
25.4,-5.2269e-05
25.45,-4.3731e-05
25.5,-2.4713e-05
25.55,8.6164e-08
25.6,2.4641e-05
25.65,4.3066e-05
25.7,5.1024e-05
25.75,4.6733e-05
25.8,3.1356e-05
25.85,8.6721e-06
25.9,-1.5858e-05
25.95,-3.6412e-05
26,-4.8186e-05
26.05,-4.8512e-05
26.1,-3.7446e-05
26.15,-1.7714e-05
26.2,5.972e-06
26.25,2.8042e-05
26.3,4.338e-05
26.35,4.8508e-05
26.4,4.2358e-05
26.45,2.6487e-05
26.5,4.6666e-06
26.55,-1.8015e-05
26.6,-3.6346e-05
26.65,-4.6186e-05
26.7,-4.539e-05
26.75,-3.4271e-05
26.8,-1.5478e-05
26.85,6.6352e-06
26.9,2.7029e-05
26.95,4.1127e-05
27,4.5834e-05
27.05,4.0211e-05
27.1,2.5644e-05
27.15,5.4993e-06
27.2,-1.5666e-05
27.25,-3.3135e-05
27.3,-4.3082e-05
27.35,-4.3401e-05
27.4,-3.4145e-05
27.45,-1.7471e-05
27.5,2.864e-06
27.55,2.2361e-05
27.6,3.677e-05
27.65,4.3018e-05
27.7,3.9852e-05
27.75,2.8079e-05
27.8,1.036e-05
27.85,-9.4062e-06
27.9,-2.6937e-05
27.95,-3.8499e-05
28,-4.1694e-05
28.05,-3.595e-05
28.1,-2.261e-05
28.15,-4.6096e-06
28.2,1.4171e-05
28.25,2.9751e-05
28.3,3.8884e-05
28.35,3.9737e-05
28.4,3.2243e-05
28.45,1.8082e-05
28.5,3.0432e-07
28.55,-1.7338e-05
28.6,-3.1181e-05
28.65,-3.8408e-05
28.7,-3.7616e-05
28.75,-2.9078e-05
28.8,-1.4658e-05
28.85,2.603e-06
28.9,1.9134e-05
28.95,3.1571e-05
29,3.7439e-05
29.05,3.5639e-05
29.1,2.6643e-05
29.15,1.2373e-05
29.2,-4.2236e-06
29.25,-1.9776e-05
29.3,-3.1182e-05
29.35,-3.6221e-05
29.4,-3.3978e-05
29.45,-2.5006e-05
29.5,-1.1182e-05
29.55,4.6885e-06
29.6,1.9443e-05
29.65,3.0193e-05
29.7,3.4886e-05
29.75,3.2693e-05
29.8,2.4143e-05
29.85,1.0997e-05
29.9,-4.1238e-06
29.95,-1.8259e-05
30,-2.8691e-05
30.05,-3.3464e-05
30.1,-3.1746e-05
30.15,-2.3964e-05
30.2,-1.1698e-05
30.25,2.6437e-06
30.3,1.6301e-05
30.35,2.6693e-05
30.4,3.1903e-05
30.45,3.1026e-05
30.5,2.4323e-05
30.55,1.3141e-05
30.6,-3.5651e-07
30.65,-1.3612e-05
30.7,-2.416e-05
30.75,-3.0084e-05
30.8,-3.0359e-05
30.85,-2.5022e-05
30.9,-1.5147e-05
30.95,-2.6202e-06
31,1.022e-05
31.05,2.1021e-05
31.1,2.7846e-05
31.15,2.9518e-05
31.2,2.5816e-05
31.25,1.7498e-05
31.3,6.1374e-06
31.35,-6.1713e-06
31.4,-1.7205e-05
31.45,-2.5009e-05
31.5,-2.8245e-05
31.55,-2.6411e-05
31.6,-1.9917e-05
31.65,-9.9905e-06
31.7,1.5601e-06
31.75,1.2674e-05
31.8,2.1406e-05
31.85,2.6268e-05
31.9,2.6476e-05
31.95,2.2072e-05
32,1.3899e-05
32.05,3.4374e-06
32.1,-7.4665e-06
32.15,-1.6927e-05
32.2,-2.3342e-05
32.25,-2.5666e-05
32.3,-2.3573e-05
32.35,-1.7495e-05
32.4,-8.5352e-06
32.45,1.7376e-06
32.5,1.1564e-05
32.55,1.9295e-05
32.6,2.3668e-05
32.65,2.401e-05
32.7,2.0334e-05
32.75,1.3325e-05
32.8,4.2088e-06
32.85,-5.4656e-06
32.9,-1.4088e-05
32.95,-2.0255e-05
33,-2.2998e-05
33.05,-2.1927e-05
33.1,-1.7289e-05
33.15,-9.9048e-06
33.2,-1.0264e-06
33.25,7.8782e-06
33.3,1.5368e-05
33.35,2.026e-05
33.4,2.1816e-05
33.45,1.9849e-05
33.5,1.4739e-05
33.55,7.3611e-06
33.6,-1.0676e-06
33.65,-9.1894e-06
33.7,-1.5725e-05
33.75,-1.9672e-05
33.8,-2.046e-05
33.85,-1.8025e-05
33.9,-1.2811e-05
33.95,-5.6858e-06
34,2.2043e-06
34.05,9.6193e-06
34.1,1.542e-05
34.15,1.8743e-05
34.2,1.9126e-05
34.25,1.6567e-05
34.3,1.1517e-05
34.35,4.7971e-06
34.4,-2.5357e-06
34.45,-9.3556e-06
34.5,-1.464e-05
34.55,-1.7622e-05
34.6,-1.7898e-05
34.65,-1.5484e-05
34.7,-1.0795e-05
34.75,-4.5794e-06
34.8,2.206e-06
34.85,8.5409e-06
34.9,1.3496e-05
34.95,1.6369e-05
35,1.6779e-05
35.05,1.4718e-05
35.1,1.0541e-05
35.15,4.9026e-06
35.2,-1.3437e-06
35.25,-7.2774e-06
35.3,-1.2045e-05
35.35,-1.4983e-05
35.4,-1.5708e-05
35.45,-1.4163e-05
35.5,-1.0619e-05
35.55,-5.6284e-06
35.6,6.6751e-08
35.65,5.6409e-06
35.7,1.0306e-05
35.75,1.3424e-05
35.8,1.4589e-05
35.85,1.3681e-05
35.9,1.0876e-05
35.95,6.6078e-06
36,1.5061e-06
36.05,-3.7006e-06
36.1,-8.2876e-06
36.15,-1.1635e-05
36.2,-1.331e-05
36.25,-1.3121e-05
36.3,-1.1139e-05
36.35,-7.6762e-06
36.4,-3.2412e-06
36.45,1.5395e-06
36.5,6.0087e-06
36.55,9.5694e-06
36.6,1.1763e-05
36.65,1.2328e-05
36.7,1.1228e-05
36.75,8.6513e-06
36.8,4.9791e-06
36.85,7.2733e-07
36.9,-3.525e-06
36.95,-7.2147e-06
37,-9.8691e-06
37.05,-1.1165e-05
37.1,-1.0967e-05
37.15,-9.339e-06
37.2,-6.5316e-06
37.25,-2.9411e-06
37.3,9.4562e-07
37.35,4.6171e-06
37.4,7.6047e-06
37.45,9.5415e-06
37.5,1.0207e-05
37.55,9.5504e-06
37.6,7.6914e-06
37.65,4.9001e-06
37.7,1.5571e-06
37.75,-1.8984e-06
37.8,-5.0262e-06
37.85,-7.441e-06
37.9,-8.8593e-06
37.95,-9.1315e-06
38,-8.2565e-06
38.05,-6.3766e-06
38.1,-3.755e-06
38.15,-7.3901e-07
38.2,2.2864e-06
38.25,4.9475e-06
38.3,6.9273e-06
38.35,8.0034e-06
38.4,8.0714e-06
38.45,7.1538e-06
38.5,5.3931e-06
38.55,3.0293e-06
38.6,3.6812e-07
38.65,-2.2594e-06
38.7,-4.5375e-06
38.75,-6.2034e-06
38.8,-7.0771e-06
38.85,-7.0799e-06
38.9,-6.2404e-06
38.95,-4.6866e-06
39,-2.6268e-06
39.05,-3.2233e-07
39.1,1.9463e-06
39.15,3.913e-06
39.2,5.3572e-06
39.25,6.1279e-06
39.3,6.159e-06
39.35,5.4735e-06
39.4,4.1771e-06
39.45,2.4427e-06
39.5,4.8745e-07
39.55,-1.4547e-06
39.6,-3.1603e-06
39.65,-4.4426e-06
39.7,-5.1708e-06
39.75,-5.2834e-06
39.8,-4.7919e-06
39.85,-3.7766e-06
39.9,-2.3739e-06
39.95,-7.5887e-07
40,8.7723e-07
40.05,2.349e-06
40.1,3.4977e-06
40.15,4.2085e-06
40.2,4.4209e-06
40.25,4.1334e-06
40.3,3.4005e-06
40.35,2.3243e-06
40.4,1.0402e-06
40.45,-2.9955e-07
40.5,-1.5442e-06
40.55,-2.5609e-06
40.6,-3.2489e-06
40.65,-3.549e-06
40.7,-3.4482e-06
40.75,-2.9782e-06
40.8,-2.2101e-06
40.85,-1.2438e-06
40.9,-1.9555e-07
40.95,8.158e-07
41,1.6824e-06
41.05,2.3184e-06
41.1,2.6686e-06
41.15,2.7122e-06
41.2,2.4635e-06
41.25,1.9679e-06
41.3,1.2951e-06
41.35,5.2944e-07
41.4,-2.3979e-07
41.45,-9.2913e-07
41.5,-1.4696e-06
41.55,-1.8135e-06
41.6,-1.9382e-06
41.65,-1.8471e-06
41.7,-1.5672e-06
41.75,-1.1444e-06
41.8,-6.3717e-07
41.85,-1.0852e-07
41.9,3.8112e-07
41.95,7.8085e-07
42,1.0544e-06
42.05,1.1833e-06
42.1,1.1675e-06
42.15,1.0239e-06
42.2,7.8321e-07
42.25,4.8485e-07
42.3,1.716e-07
42.35,-1.1602e-07
42.4,-3.4462e-07
42.45,-4.9166e-07
42.5,-5.4755e-07
42.55,-5.1592e-07
42.6,-4.1228e-07
42.65,-2.6109e-07
42.7,-9.1941e-08
42.75,6.4883e-08
42.8,1.8269e-07
42.85,2.4206e-07
42.9,2.3341e-07
42.95,1.5821e-07
43,2.8634e-08
43.05,-1.3418e-07
43.1,-3.0313e-07
43.15,-4.4891e-07
43.2,-5.4415e-07
43.25,-5.6729e-07
43.3,-5.0584e-07
43.35,-3.5844e-07
43.4,-1.3558e-07
43.45,1.4111e-07
43.5,4.4115e-07
43.55,7.2854e-07
43.6,9.6596e-07
43.65,1.1193e-06
43.7,1.1621e-06
43.75,1.0789e-06
43.8,8.6776e-07
43.85,5.415e-07
43.9,1.2674e-07
43.95,-3.3819e-07
44,-8.0694e-07
44.05,-1.2298e-06
44.1,-1.5589e-06
44.15,-1.7536e-06
44.2,-1.785e-06
44.25,-1.6396e-06
44.3,-1.3216e-06
44.35,-8.5291e-07
44.4,-2.7196e-07
44.45,3.6958e-07
44.5,1.0116e-06
44.55,1.5911e-06
44.6,2.0484e-06
44.65,2.3336e-06
44.7,2.411e-06
44.75,2.264e-06
44.8,1.8968e-06
44.85,1.335e-06
44.9,6.2379e-07
44.95,-1.7595e-07
45,-9.9271e-07
45.05,-1.751e-06
45.1,-2.3782e-06
45.15,-2.8116e-06
45.2,-3.0046e-06
45.25,-2.9314e-06
45.3,-2.5897e-06
45.35,-2.0022e-06
45.4,-1.2144e-06
45.45,-2.9148e-07
45.5,6.8751e-07
45.55,1.6362e-06
45.6,2.4689e-06
45.65,3.1079e-06
45.7,3.4913e-06
45.75,3.5782e-06
45.8,3.3532e-06
45.85,2.8283e-06
45.9,2.042e-06
45.95,1.0568e-06
46,-4.5891e-08
46.05,-1.173e-06
46.1,-2.2271e-06
46.15,-3.1155e-06
46.2,-3.7578e-06
46.25,-4.0934e-06
46.3,-4.0872e-06
46.35,-3.7325e-06
46.4,-3.0527e-06
46.45,-2.0991e-06
46.5,-9.4728e-07
46.55,3.0892e-07
46.6,1.5654e-06
46.65,2.7165e-06
46.7,3.6634e-06
46.75,4.3234e-06
46.8,4.6363e-06
46.85,4.57e-06
46.9,4.1238e-06
46.95,3.3285e-06
47,2.2441e-06
47.05,9.5556e-07
47.1,-4.3421e-07
47.15,-1.8127e-06
47.2,-3.0668e-06
47.25,-4.0922e-06
47.3,-4.802e-06
47.35,-5.1341e-06
47.4,-5.0561e-06
47.45,-4.5688e-06
47.5,-3.7059e-06
47.55,-2.532e-06
47.6,-1.1372e-06
47.65,3.6937e-07
47.7,1.8687e-06
47.75,3.2412e-06
47.8,4.3758e-06
47.85,5.1797e-06
47.9,5.5852e-06
47.95,5.5555e-06
48,5.0882e-06
48.05,4.2149e-06
48.1,2.9997e-06
48.15,1.5342e-06
48.2,-6.9898e-08
48.25,-1.6888e-06
48.3,-3.1967e-06
48.35,-4.4753e-06
48.4,-5.4233e-06
48.45,-5.964e-06
48.5,-6.0518e-06
48.55,-5.6754e-06
48.6,-4.8595e-06
48.65,-3.6624e-06
48.7,-2.1721e-06
48.75,-4.9981e-07
48.8,1.2288e-06
48.85,2.8828e-06
48.9,4.3362e-06
48.95,5.4772e-06
49,6.217e-06
49.05,6.4966e-06
49.1,6.2912e-06
49.15,5.6122e-06
49.2,4.5068e-06
49.25,3.0542e-06
49.3,1.3601e-06
49.35,-4.5118e-07
49.4,-2.2461e-06
49.45,-3.8915e-06
49.5,-5.2645e-06
49.55,-6.2618e-06
49.6,-6.8074e-06
49.65,-6.858e-06
49.7,-6.4064e-06
49.75,-5.4824e-06
49.8,-4.1504e-06
49.85,-2.5047e-06
49.9,-6.6314e-07
49.95,1.2417e-06
50,3.0723e-06
50.05,4.6955e-06
50.1,5.9931e-06
50.15,6.8695e-06
50.2,7.2592e-06
50.25,7.1313e-06
50.3,6.4921e-06
50.35,5.3844e-06
50.4,3.8845e-06
50.45,2.0973e-06
50.5,1.4799e-07
50.55,-1.8258e-06
50.6,-3.6845e-06
50.65,-5.2962e-06
50.7,-6.5458e-06
50.75,-7.3437e-06
50.8,-7.6313e-06
50.85,-7.3862e-06
50.9,-6.6228e-06
50.95,-5.3921e-06
51,-3.7776e-06
51.05,-1.8899e-06
51.1,1.41e-07
51.15,2.175e-06
51.2,4.0712e-06
51.25,5.6981e-06
51.3,6.9423e-06
51.35,7.7166e-06
51.4,7.9657e-06
51.45,7.6705e-06
51.5,6.8488e-06
51.55,5.5548e-06
51.6,3.8748e-06
51.65,1.9217e-06
51.7,-1.7291e-07
51.75,-2.2674e-06
51.8,-4.22e-06
51.85,-5.8982e-06
51.9,-7.1878e-06
51.95,-8.0005e-06
52,-8.2801e-06
52.05,-8.006e-06
52.1,-7.1945e-06
52.15,-5.8981e-06
52.2,-4.2018e-06
52.25,-2.2173e-06
52.3,-7.5584e-08
52.35,2.0816e-06
52.4,4.1115e-06
52.45,5.8792e-06
52.5,7.2673e-06
52.55,8.1831e-06
52.6,8.5649e-06
52.65,8.3862e-06
52.7,7.657e-06
52.75,6.4235e-06
52.8,4.7649e-06
52.85,2.7883e-06
52.9,6.2159e-07
52.95,-1.5949e-06
53,-3.7175e-06
53.05,-5.6082e-06
53.1,-7.1444e-06
53.15,-8.2258e-06
53.2,-8.7816e-06
53.25,-8.7748e-06
53.3,-8.2045e-06
53.35,-7.1059e-06
53.4,-5.5482e-06
53.45,-3.6299e-06
53.5,-1.4726e-06
53.55,7.8672e-07
53.6,3.0046e-06
53.65,5.0401e-06
53.7,6.7638e-06
53.75,8.0659e-06
53.8,8.8633e-06
53.85,9.1047e-06
53.9,8.7738e-06
53.95,7.8903e-06
54,6.5085e-06
54.05,4.7142e-06
54.1,2.6189e-06
54.15,3.5298e-07
54.2,-1.9426e-06
54.25,-4.1249e-06
54.3,-6.058e-06
54.35,-7.6216e-06
54.4,-8.7181e-06
54.45,-9.2789e-06
54.5,-9.2685e-06
54.55,-8.6866e-06
54.6,-7.5682e-06
54.65,-5.9813e-06
54.7,-4.0225e-06
54.75,-1.8114e-06
54.8,5.1717e-07
54.85,2.821e-06
54.9,4.9595e-06
54.95,6.8022e-06
55,8.2368e-06
55.05,9.1754e-06
55.1,9.5606e-06
55.15,9.3684e-06
55.2,8.6097e-06
55.25,7.3295e-06
55.3,5.6045e-06
55.35,3.5377e-06
55.4,1.2531e-06
55.45,-1.1127e-06
55.5,-3.4179e-06
55.55,-5.5248e-06
55.6,-7.3073e-06
55.65,-8.6587e-06
55.7,-9.4983e-06
55.75,-9.7756e-06
55.8,-9.4736e-06
55.85,-8.6096e-06
55.9,-7.2343e-06
55.95,-5.4285e-06
56,-3.2982e-06
56.05,-9.6882e-07
56.1,1.4229e-06
56.15,3.7365e-06
56.2,5.8363e-06
56.25,7.599e-06
56.3,8.9214e-06
56.35,9.7259e-06
56.4,9.9651e-06
56.45,9.6249e-06
56.5,8.7246e-06
56.55,7.3159e-06
56.6,5.4804e-06
56.65,3.324e-06
56.7,9.7103e-07
56.75,-1.4427e-06
56.8,-3.778e-06
56.85,-5.9006e-06
56.9,-7.6883e-06
56.95,-9.0382e-06
57,-9.8729e-06
57.05,-1.0144e-05
57.1,-9.8365e-06
57.15,-8.9669e-06
57.2,-7.5848e-06
57.25,-5.7686e-06
57.3,-3.6214e-06
57.35,-1.2649e-06
57.4,1.1674e-06
57.45,3.5379e-06
57.5,5.7126e-06
57.55,7.5686e-06
57.6,9.0013e-06
57.65,9.9298e-06
57.7,1.0302e-05
57.75,1.0096e-05
57.8,9.3246e-06
57.85,8.0298e-06
57.9,6.2842e-06
57.95,4.185e-06
58,1.8493e-06
58.05,-5.9291e-07
58.1,-3.0059e-06
58.15,-5.2556e-06
58.2,-7.2173e-06
58.25,-8.7822e-06
58.3,-9.8638e-06
58.35,-1.0402e-05
58.4,-1.0368e-05
58.45,-9.762e-06
58.5,-8.6186e-06
58.55,-7.0002e-06
58.6,-4.9955e-06
58.65,-2.7143e-06
58.7,-2.8167e-07
58.75,2.1696e-06
58.8,4.5057e-06
58.85,6.5992e-06
58.9,8.3361e-06
58.95,9.622e-06
59,1.0387e-05
59.05,1.059e-05
59.1,1.0219e-05
59.15,9.2955e-06
59.2,7.8686e-06
59.25,6.0154e-06
59.3,3.8359e-06
59.35,1.4475e-06
59.4,-1.0215e-06
59.45,-3.4384e-06
59.5,-5.6736e-06
59.55,-7.6075e-06
59.6,-9.1367e-06
59.65,-1.018e-05
59.7,-1.068e-05
59.75,-1.0613e-05
59.8,-9.9802e-06
59.85,-8.8167e-06
59.9,-7.1839e-06
59.95,-5.1686e-06
60,-2.8776e-06
60.05,-4.322e-07
60.1,2.0384e-06
60.15,4.4039e-06
60.2,6.5395e-06
60.25,8.3329e-06
60.3,9.6899e-06
60.35,1.0539e-05
60.4,1.0837e-05
60.45,1.0567e-05
60.5,9.7441e-06
60.55,8.4113e-06
60.6,6.6383e-06
60.65,4.5178e-06
60.7,2.1603e-06
60.75,-3.1157e-07
60.8,-2.7692e-06
60.85,-5.0852e-06
60.9,-7.1394e-06
60.95,-8.8257e-06
61,-1.0057e-05
61.05,-1.077e-05
61.1,-1.0928e-05
61.15,-1.0523e-05
61.2,-9.5757e-06
61.25,-8.1358e-06
61.3,-6.2773e-06
61.35,-4.0954e-06
61.4,-1.7023e-06
61.45,7.7964e-07
61.5,3.2234e-06
61.55,5.5042e-06
61.6,7.5058e-06
61.65,9.1264e-06
61.7,1.0284e-05
61.75,1.0919e-05
61.8,1.1e-05
61.85,1.0524e-05
61.9,9.5145e-06
61.95,8.0229e-06
62,6.1249e-06
62.05,3.9166e-06
62.1,1.5096e-06
62.15,-9.7486e-07
62.2,-3.4116e-06
62.25,-5.6782e-06
62.3,-7.661e-06
62.35,-9.2606e-06
62.4,-1.0397e-05
62.45,-1.1014e-05
62.5,-1.1081e-05
62.55,-1.0594e-05
62.6,-9.5786e-06
62.65,-8.0856e-06
62.7,-6.1895e-06
62.75,-3.9847e-06
62.8,-1.5811e-06
62.85,9.0207e-07
62.9,3.3416e-06
62.95,5.6168e-06
63,7.6152e-06
63.05,9.2383e-06
63.1,1.0406e-05
63.15,1.1061e-05
63.2,1.1172e-05
63.25,1.0734e-05
63.3,9.7674e-06
63.35,8.3213e-06
63.4,6.4665e-06
63.45,4.2944e-06
63.5,1.9113e-06
63.55,-5.6608e-07
63.6,-3.0166e-06
63.65,-5.3209e-06
63.7,-7.3665e-06
63.75,-9.0542e-06
63.8,-1.0302e-05
63.85,-1.105e-05
63.9,-1.1261e-05
63.95,-1.0927e-05
64,-1.0063e-05
64.05,-8.7125e-06
64.1,-6.94e-06
64.15,-4.8319e-06
64.2,-2.4902e-06
64.25,-2.7851e-08
64.3,2.4365e-06
64.35,4.7842e-06
64.4,6.9026e-06
64.45,8.6902e-06
64.5,1.0061e-05
64.55,1.0951e-05
64.6,1.1316e-05
64.65,1.1141e-05
64.7,1.0433e-05
64.75,9.2277e-06
64.8,7.5819e-06
64.85,5.5747e-06
64.9,3.3018e-06
64.95,8.7159e-07
65,-1.6004e-06
65.05,-3.9969e-06
65.1,-6.2044e-06
65.15,-8.1184e-06
65.2,-9.6486e-06
65.25,-1.0723e-05
65.3,-1.1291e-05
65.35,-1.1327e-05
65.4,-1.0829e-05
65.45,-9.8209e-06
65.5,-8.3508e-06
65.55,-6.4881e-06
65.6,-4.3206e-06
65.65,-1.9502e-06
65.7,5.1178e-07
65.75,2.9501e-06
65.8,5.2506e-06
65.85,7.3059e-06
65.9,9.0203e-06
65.95,1.0314e-05
66,1.1127e-05
66.05,1.1422e-05
66.1,1.1186e-05
66.15,1.043e-05
66.2,9.19e-06
66.25,7.5233e-06
66.3,5.5078e-06
66.35,3.2373e-06
66.4,8.1685e-07
66.45,-1.6414e-06
66.5,-4.0239e-06
66.55,-6.2208e-06
66.6,-8.1309e-06
66.65,-9.6666e-06
66.7,-1.0758e-05
66.75,-1.1354e-05
66.8,-1.1429e-05
66.85,-1.0979e-05
66.9,-1.0026e-05
66.95,-8.6137e-06
67,-6.8072e-06
67.05,-4.6894e-06
67.1,-2.3574e-06
67.15,8.2177e-08
67.2,2.5179e-06
67.25,4.8387e-06
67.3,6.9392e-06
67.35,8.7239e-06
67.4,1.0112e-05
67.45,1.1041e-05
67.5,1.1468e-05
67.55,1.1376e-05
67.6,1.0769e-05
67.65,9.6739e-06
67.7,8.1417e-06
67.75,6.2417e-06
67.8,4.0602e-06
67.85,1.6957e-06
67.9,-7.4499e-07
67.95,-3.1519e-06
68,-5.4168e-06
68.05,-7.438e-06
68.1,-9.1248e-06
68.15,-1.0402e-05
68.2,-1.1213e-05
68.25,-1.1521e-05
68.3,-1.1313e-05
68.35,-1.06e-05
68.4,-9.4123e-06
68.45,-7.8048e-06
68.5,-5.8494e-06
68.55,-3.6334e-06
68.6,-1.2559e-06
68.65,1.1772e-06
68.7,3.5576e-06
68.75,5.7795e-06
68.8,7.7445e-06
68.85,9.3656e-06
68.9,1.0571e-05
68.95,1.1308e-05
69,1.1545e-05
69.05,1.1271e-05
69.1,1.0499e-05
69.15,9.2636e-06
69.2,7.6197e-06
69.25,5.6402e-06
69.3,3.4126e-06
69.35,1.0353e-06
69.4,-1.3872e-06
69.45,-3.7483e-06
69.5,-5.9443e-06
69.55,-7.879e-06
69.6,-9.468e-06
69.65,-1.0642e-05
69.7,-1.135e-05
69.75,-1.1561e-05
69.8,-1.1267e-05
69.85,-1.0481e-05
69.9,-9.2375e-06
69.95,-7.5917e-06
70,-5.6156e-06
70.05,-3.3953e-06
70.1,-1.0279e-06
70.15,1.3837e-06
70.2,3.7346e-06
70.25,5.9229e-06
70.3,7.8537e-06
70.35,9.4437e-06
70.4,1.0624e-05
70.45,1.1345e-05
70.5,1.1575e-05
70.55,1.1304e-05
70.6,1.0546e-05
70.65,9.3327e-06
70.7,7.7174e-06
70.75,5.77e-06
70.8,3.5747e-06
70.85,1.2263e-06
70.9,-1.1743e-06
70.95,-3.5237e-06
71,-5.7213e-06
71.05,-7.6728e-06
71.1,-9.295e-06
71.15,-1.0519e-05
71.2,-1.1292e-05
71.25,-1.1582e-05
71.3,-1.1376e-05
71.35,-1.0685e-05
71.4,-9.5388e-06
71.45,-7.9856e-06
71.5,-6.0925e-06
71.55,-3.9406e-06
71.6,-1.6216e-06
71.65,7.6559e-07
71.7,3.1196e-06
71.75,5.3404e-06
71.8,7.3338e-06
71.85,9.0157e-06
71.9,1.0315e-05
71.95,1.1177e-05
72,1.1566e-05
72.05,1.1466e-05
72.1,1.0881e-05
72.15,9.837e-06
72.2,8.3782e-06
72.25,6.5665e-06
72.3,4.4788e-06
72.35,2.2031e-06
72.4,-1.6447e-07
72.45,-2.5244e-06
72.5,-4.7774e-06
72.55,-6.8291e-06
72.6,-8.5934e-06
72.65,-9.9968e-06
72.7,-1.0981e-05
72.75,-1.1504e-05
72.8,-1.1546e-05
72.85,-1.1106e-05
72.9,-1.0201e-05
72.95,-8.8699e-06
73,-7.1694e-06
73.05,-5.1705e-06
73.1,-2.9568e-06
73.15,-6.2068e-07
73.2,1.7404e-06
73.25,4.0283e-06
73.3,6.1478e-06
73.35,8.0111e-06
73.4,9.5411e-06
73.45,1.0675e-05
73.5,1.1365e-05
73.55,1.1584e-05
73.6,1.1324e-05
73.65,1.0595e-05
73.7,9.4278e-06
73.75,7.8716e-06
73.8,5.9908e-06
73.85,3.8635e-06
73.9,1.5775e-06
73.95,-7.7252e-07
74,-3.0899e-06
74.05,-5.2791e-06
74.1,-7.2502e-06
74.15,-8.9225e-06
74.2,-1.0227e-05
74.25,-1.1112e-05
74.3,-1.154e-05
74.35,-1.1494e-05
74.4,-1.0977e-05
74.45,-1.0011e-05
74.5,-8.6357e-06
74.55,-6.9073e-06
74.6,-4.8971e-06
74.65,-2.6877e-06
74.7,-3.6934e-07
74.75,1.9631e-06
74.8,4.2145e-06
74.85,6.2932e-06
74.9,8.1146e-06
74.95,9.605e-06
75,1.0704e-05
75.05,1.1367e-05
75.1,1.1568e-05
75.15,1.1299e-05
75.2,1.0572e-05
75.25,9.4157e-06
75.3,7.8785e-06
75.35,6.0227e-06
75.4,3.9239e-06
75.45,1.6672e-06
75.5,-6.5603e-07
75.55,-2.9517e-06
75.6,-5.1271e-06
75.65,-7.0947e-06
75.7,-8.7751e-06
75.75,-1.0101e-05
75.8,-1.1019e-05
75.85,-1.1493e-05
75.9,-1.1504e-05
75.95,-1.1053e-05
76,-1.0157e-05
76.05,-8.8533e-06
76.1,-7.1948e-06
76.15,-5.2483e-06
76.2,-3.0922e-06
76.25,-8.13e-07
76.3,1.4977e-06
76.35,3.7474e-06
76.4,5.8462e-06
76.45,7.7101e-06
76.5,9.265e-06
76.55,1.0449e-05
76.6,1.1215e-05
76.65,1.1534e-05
76.7,1.1392e-05
76.75,1.0796e-05
76.8,9.7708e-06
76.85,8.3567e-06
76.9,6.6107e-06
76.95,4.6026e-06
77,2.4125e-06
77.05,1.275e-07
77.1,-2.1615e-06
77.15,-4.3636e-06
77.2,-6.3916e-06
77.25,-8.1654e-06
77.3,-9.6148e-06
77.35,-1.0683e-05
77.4,-1.1328e-05
77.45,-1.1524e-05
77.5,-1.1265e-05
77.55,-1.0561e-05
77.6,-9.4403e-06
77.65,-7.9476e-06
77.7,-6.142e-06
77.75,-4.0953e-06
77.8,-1.8881e-06
77.85,3.9235e-07
77.9,2.6563e-06
77.95,4.8146e-06
78,6.7826e-06
78.05,8.4832e-06
78.1,9.8498e-06
78.15,1.0829e-05
78.2,1.1383e-05
78.25,1.149e-05
78.3,1.1147e-05
78.35,1.0368e-05
78.4,9.1829e-06
78.45,7.6392e-06
78.5,5.7975e-06
78.55,3.7301e-06
78.6,1.518e-06
78.65,-7.5234e-07
78.7,-2.9922e-06
78.75,-5.1142e-06
78.8,-7.0358e-06
78.85,-8.6823e-06
78.9,-9.9898e-06
78.95,-1.0908e-05
79,-1.1401e-05
79.05,-1.1451e-05
79.1,-1.1055e-05
79.15,-1.0231e-05
79.2,-9.009e-06
79.25,-7.4385e-06
79.3,-5.5803e-06
79.35,-3.5067e-06
79.4,-1.2982e-06
79.45,9.5939e-07
79.5,3.1787e-06
79.55,5.274e-06
79.6,7.1642e-06
79.65,8.7766e-06
79.7,1.0049e-05
79.75,1.0933e-05
79.8,1.1394e-05
79.85,1.1416e-05
79.9,1.0998e-05
79.95,1.0156e-05
80,8.9229e-06
80.05,7.3473e-06
80.1,5.4897e-06
80.15,3.4219e-06
80.2,1.2237e-06
80.25,-1.0204e-06
80.3,-3.2242e-06
80.35,-5.3031e-06
80.4,-7.1775e-06
80.45,-8.7756e-06
80.5,-1.0037e-05
80.55,-1.0912e-05
80.6,-1.137e-05
80.65,-1.1392e-05
80.7,-1.0978e-05
80.75,-1.0145e-05
80.8,-8.9241e-06
80.85,-7.3631e-06
80.9,-5.5219e-06
80.95,-3.4708e-06
81,-1.2884e-06
81.05,9.4199e-07
81.1,3.1353e-06
81.15,5.208e-06
81.2,7.0814e-06
81.25,8.6842e-06
81.3,9.9559e-06
81.35,1.0848e-05
81.4,1.1328e-05
81.45,1.1377e-05
81.5,1.0994e-05
81.55,1.0194e-05
81.6,9.0078e-06
81.65,7.4806e-06
81.7,5.6707e-06
81.75,3.6468e-06
81.8,1.486e-06
81.85,-7.2992e-07
81.9,-2.9171e-06
81.95,-4.9927e-06
82,-6.8786e-06
82.05,-8.5036e-06
82.1,-9.8066e-06
82.15,-1.0739e-05
82.2,-1.1265e-05
82.25,-1.1366e-05
82.3,-1.1039e-05
82.35,-1.0296e-05
82.4,-9.166e-06
82.45,-7.6912e-06
82.5,-5.9277e-06
82.55,-3.9423e-06
82.6,-1.8097e-06
82.65,3.8974e-07
82.7,2.5734e-06
82.75,4.6592e-06
82.8,6.5691e-06
82.85,8.2315e-06
82.9,9.5843e-06
82.95,1.0577e-05
83,1.1173e-05
83.05,1.1351e-05
83.1,1.1103e-05
83.15,1.044e-05
83.2,9.387e-06
83.25,7.9836e-06
83.3,6.2826e-06
83.35,4.3479e-06
83.4,2.2519e-06
83.45,7.3001e-08
83.5,-2.1074e-06
83.55,-4.2081e-06
83.6,-6.1508e-06
83.65,-7.8633e-06
83.7,-9.2819e-06
83.75,-1.0354e-05
83.8,-1.1041e-05
83.85,-1.1316e-05
83.9,-1.1171e-05
83.95,-1.061e-05
84,-9.6561e-06
84.05,-8.3438e-06
84.1,-6.7224e-06
84.15,-4.8526e-06
84.2,-2.8038e-06
84.25,-6.5214e-07
84.3,1.5225e-06
84.35,3.6395e-06
84.4,5.6206e-06
84.45,7.3926e-06
84.5,8.8901e-06
84.55,1.0058e-05
84.6,1.0854e-05
84.65,1.1248e-05
84.7,1.1226e-05
84.75,1.079e-05
84.8,9.9558e-06
84.85,8.7549e-06
84.9,7.2319e-06
84.95,5.4431e-06
85,3.4547e-06
85.05,1.3402e-06
85.1,-8.2253e-07
85.15,-2.9538e-06
85.2,-4.9751e-06
85.25,-6.8125e-06
85.3,-8.3983e-06
85.35,-9.6747e-06
85.4,-1.0595e-05
85.45,-1.1126e-05
85.5,-1.1248e-05
85.55,-1.0958e-05
85.6,-1.0265e-05
85.65,-9.1972e-06
85.7,-7.7926e-06
85.75,-6.1034e-06
85.8,-4.1916e-06
85.85,-2.1275e-06
85.9,1.3359e-08
85.95,2.1525e-06
86,4.2118e-06
86.05,6.116e-06
86.1,7.7957e-06
86.15,9.1898e-06
86.2,1.0248e-05
86.25,1.0931e-05
86.3,1.1215e-05
86.35,1.109e-05
86.4,1.0561e-05
86.45,9.6478e-06
86.5,8.3834e-06
86.55,6.8145e-06
86.6,4.9985e-06
86.65,3.0016e-06
86.7,8.9668e-07
86.75,-1.2397e-06
86.8,-3.3297e-06
86.85,-5.2977e-06
86.9,-7.0722e-06
86.95,-8.589e-06
87,-9.7932e-06
87.05,-1.0642e-05
87.1,-1.1104e-05
87.15,-1.1163e-05
87.2,-1.0818e-05
87.25,-1.0081e-05
87.3,-8.9796e-06
87.35,-7.5538e-06
87.4,-5.8556e-06
87.45,-3.9465e-06
87.5,-1.8958e-06
87.55,2.2229e-07
87.6,2.3311e-06
87.65,4.3546e-06
87.7,6.2197e-06
87.75,7.8593e-06
87.8,9.2145e-06
87.85,1.0237e-05
87.9,1.0889e-05
87.95,1.1149e-05
88,1.1007e-05
88.05,1.0468e-05
88.1,9.5534e-06
88.15,8.2952e-06
88.2,6.7392e-06
88.25,4.9419e-06
88.3,2.9678e-06
88.35,8.8825e-07
88.4,-1.2221e-06
88.45,-3.2873e-06
88.5,-5.2333e-06
88.55,-6.9905e-06
88.6,-8.4959e-06
88.65,-9.6958e-06
88.7,-1.0547e-05
88.75,-1.102e-05
88.8,-1.1099e-05
88.85,-1.0779e-05
88.9,-1.0074e-05
88.95,-9.0087e-06
89,-7.6217e-06
89.05,-5.9629e-06
89.1,-4.0919e-06
89.15,-2.0757e-06
89.2,1.3563e-08
89.25,2.1011e-06
89.3,4.1125e-06
89.35,5.9759e-06
89.4,7.6251e-06
89.45,9.0014e-06
89.5,1.0056e-05
89.55,1.0751e-05
89.6,1.1064e-05
89.65,1.0981e-05
89.7,1.0508e-05
89.75,9.6611e-06
89.8,8.4708e-06
89.85,6.9799e-06
89.9,5.2416e-06
89.95,3.3179e-06
90,1.2774e-06
90.05,-8.0729e-07
90.1,-2.8622e-06
90.15,-4.8143e-06
90.2,-6.5944e-06
90.25,-8.1395e-06
90.3,-9.3951e-06
90.35,-1.0317e-05
90.4,-1.0872e-05
90.45,-1.1042e-05
90.5,-1.0821e-05
90.55,-1.0217e-05
90.6,-9.251e-06
90.65,-7.9585e-06
90.7,-6.3852e-06
90.75,-4.5869e-06
90.8,-2.6275e-06
90.85,-5.7631e-07
90.9,1.4941e-06
90.95,3.5105e-06
91,5.4018e-06
91.05,7.1014e-06
91.1,8.5495e-06
91.15,9.6951e-06
91.2,1.0498e-05
91.25,1.0931e-05
91.3,1.0978e-05
91.35,1.0638e-05
91.4,9.9235e-06
91.45,8.8602e-06
91.5,7.4856e-06
91.55,5.8483e-06
91.6,4.0063e-06
91.65,2.0244e-06
91.7,-2.7559e-08
91.75,-2.0774e-06
91.8,-4.053e-06
91.85,-5.8852e-06
91.9,-7.5097e-06
91.95,-8.8697e-06
92,-9.9176e-06
92.05,-1.0617e-05
92.1,-1.0944e-05
92.15,-1.0886e-05
92.2,-1.0448e-05
92.25,-9.643e-06
92.3,-8.501e-06
92.35,-7.062e-06
92.4,-5.3766e-06
92.45,-3.5039e-06
92.5,-1.5098e-06
92.55,5.3609e-07
92.6,2.562e-06
92.65,4.4973e-06
92.7,6.2743e-06
92.75,7.8311e-06
92.8,9.1135e-06
92.85,1.0077e-05
92.9,1.0688e-05
92.95,1.0926e-05
93,1.0783e-05
93.05,1.0263e-05
93.1,9.3863e-06
93.15,8.1827e-06
93.2,6.6947e-06
93.25,4.9744e-06
93.3,3.0817e-06
93.35,1.0829e-06
93.4,-9.525e-07
93.45,-2.9536e-06
93.5,-4.8509e-06
93.55,-6.5783e-06
93.6,-8.0762e-06
93.65,-9.2924e-06
93.7,-1.0185e-05
93.75,-1.0724e-05
93.8,-1.0889e-05
93.85,-1.0677e-05
93.9,-1.0094e-05
93.95,-9.1616e-06
94,-7.9117e-06
94.05,-6.3881e-06
94.1,-4.6439e-06
94.15,-2.7398e-06
94.2,-7.4185e-07
94.25,1.2807e-06
94.3,3.2577e-06
94.35,5.1209e-06
94.4,6.8058e-06
94.45,8.2542e-06
94.5,9.4164e-06
94.55,1.0252e-05
94.6,1.0733e-05
94.65,1.0843e-05
94.7,1.0578e-05
94.75,9.9478e-06
94.8,8.9744e-06
94.85,7.6918e-06
94.9,6.1444e-06
94.95,4.3859e-06
95,2.4771e-06
95.05,4.8392e-07
95.1,-1.5248e-06
95.15,-3.4799e-06
95.2,-5.3139e-06
95.25,-6.9638e-06
95.3,-8.373e-06
95.35,-9.4931e-06
95.4,-1.0286e-05
95.45,-1.0724e-05
95.5,-1.0793e-05
95.55,-1.0491e-05
95.6,-9.8285e-06
95.65,-8.8283e-06
95.7,-7.5253e-06
95.75,-5.9645e-06
95.8,-4.1997e-06
95.85,-2.2917e-06
95.9,-3.0602e-07
95.95,1.689e-06
96,3.6249e-06
96.05,5.4355e-06
96.1,7.0585e-06
96.15,8.4387e-06
96.2,9.5289e-06
96.25,1.0292e-05
96.3,1.0702e-05
96.35,1.0745e-05
96.4,1.042e-05
96.45,9.7391e-06
96.5,8.7249e-06
96.55,7.4128e-06
96.6,5.8478e-06
96.65,4.0838e-06
96.7,2.1811e-06
96.75,2.0492e-07
96.8,-1.7771e-06
96.85,-3.6974e-06
96.9,-5.4903e-06
96.95,-7.0947e-06
97,-8.456e-06
97.05,-9.528e-06
97.1,-1.0274e-05
97.15,-1.067e-05
97.2,-1.0701e-05
97.25,-1.0367e-05
97.3,-9.6808e-06
97.35,-8.6645e-06
97.4,-7.3537e-06
97.45,-5.7931e-06
97.5,-4.0361e-06
97.55,-2.1427e-06
97.6,-1.774e-07
97.65,1.7928e-06
97.7,3.7009e-06
97.75,5.4821e-06
97.8,7.0759e-06
97.85,8.4283e-06
97.9,9.4935e-06
97.95,1.0236e-05
98,1.0629e-05
98.05,1.0662e-05
98.1,1.0333e-05
98.15,9.6531e-06
98.2,8.646e-06
98.25,7.3462e-06
98.3,5.7979e-06
98.35,4.0539e-06
98.4,2.1734e-06
98.45,2.203e-07
98.5,-1.7392e-06
98.55,-3.6387e-06
98.6,-5.4139e-06
98.65,-7.0047e-06
98.7,-8.3576e-06
98.75,-9.4268e-06
98.8,-1.0176e-05
98.85,-1.0581e-05
98.9,-1.0628e-05
98.95,-1.0316e-05
99,-9.6544e-06
99.05,-8.6673e-06
99.1,-7.3879e-06
99.15,-5.8596e-06
99.2,-4.1342e-06
99.25,-2.2702e-06
99.3,-3.3058e-07
99.35,1.6191e-06
99.4,3.5131e-06
99.45,5.2875e-06
99.5,6.8826e-06
99.55,8.2447e-06
99.6,9.3282e-06
99.65,1.0097e-05
99.7,1.0524e-05
99.75,1.0597e-05
99.8,1.0313e-05
99.85,9.6821e-06
99.9,8.7253e-06
99.95,7.4753e-06
100,5.9745e-06
100.05,4.2736e-06
100.1,2.4298e-06
100.15,5.0528e-07
100.2,-1.4351e-06
100.25,-3.3262e-06
100.3,-5.1045e-06
100.35,-6.7103e-06
100.4,-8.0898e-06
100.45,-9.1968e-06
100.5,-9.9945e-06
100.55,-1.0456e-05
100.6,-1.0567e-05
100.65,-1.0323e-05
100.7,-9.7323e-06
100.75,-8.816e-06
100.8,-7.6045e-06
100.85,-6.1388e-06
100.9,-4.4681e-06
100.95,-2.6486e-06
101,-7.4141e-07
101.05,1.1896e-06
101.1,3.0797e-06
101.15,4.8657e-06
101.2,6.4878e-06
101.25,7.8919e-06
101.3,9.0311e-06
101.35,9.8677e-06
101.4,1.0374e-05
101.45,1.0533e-05
101.5,1.0339e-05
101.55,9.8006e-06
101.6,8.9347e-06
101.65,7.7707e-06
101.7,6.3478e-06
101.75,4.7137e-06
101.8,2.9231e-06
101.85,1.036e-06
101.9,-8.8475e-07
101.95,-2.7749e-06
102,-4.5714e-06
102.05,-6.2145e-06
102.1,-7.6495e-06
102.15,-8.8286e-06
102.2,-9.7129e-06
102.25,-1.0273e-05
102.3,-1.0491e-05
102.35,-1.0358e-05
102.4,-9.8815e-06
102.45,-9.0758e-06
102.5,-7.9684e-06
102.55,-6.5964e-06
102.6,-5.0057e-06
102.65,-3.2493e-06
102.7,-1.3857e-06
102.75,5.229e-07
102.8,2.4131e-06
102.85,4.222e-06
102.9,5.8897e-06
102.95,7.3607e-06
103,8.5864e-06
103.05,9.5262e-06
103.1,1.0149e-05
103.15,1.0435e-05
103.2,1.0374e-05
103.25,9.9689e-06
103.3,9.2332e-06
103.35,8.1917e-06
103.4,6.879e-06
103.45,5.3389e-06
103.5,3.6226e-06
103.55,1.7871e-06
103.6,-1.0652e-07
103.65,-1.9956e-06
103.7,-3.8176e-06
103.75,-5.5121e-06
103.8,-7.0232e-06
103.85,-8.301e-06
103.9,-9.3033e-06
103.95,-9.9971e-06
104,-1.036e-05
104.05,-1.038e-05
104.1,-1.0056e-05
104.15,-9.4001e-06
104.2,-8.4337e-06
104.25,-7.1891e-06
104.3,-5.7075e-06
104.35,-4.0382e-06
104.4,-2.2363e-06
104.45,-3.6156e-07
104.5,1.5241e-06
104.55,3.3585e-06
104.6,5.081e-06
104.65,6.6348e-06
104.7,7.9689e-06
104.75,9.0394e-06
104.8,9.8111e-06
104.85,1.0259e-05
104.9,1.0368e-05
104.95,1.0135e-05
105,9.5688e-06
105.05,8.6872e-06
105.1,7.5198e-06
105.15,6.1053e-06
105.2,4.4906e-06
105.25,2.7288e-06
105.3,8.7808e-07
105.35,-1.0005e-06
105.4,-2.8452e-06
105.45,-4.5952e-06
105.5,-6.1932e-06
105.55,-7.5866e-06
105.6,-8.7297e-06
105.65,-9.5852e-06
105.7,-1.0125e-05
105.75,-1.0332e-05
105.8,-1.0199e-05
105.85,-9.7313e-06
105.9,-8.9441e-06
105.95,-7.8635e-06
106,-6.5253e-06
106.05,-4.9735e-06
106.1,-3.2593e-06
106.15,-1.4391e-06
106.2,4.2738e-07
106.25,2.2789e-06
106.3,4.0546e-06
106.35,5.6964e-06
106.4,7.1506e-06
106.45,8.3695e-06
106.5,9.3135e-06
106.55,9.9517e-06
106.6,1.0264e-05
106.65,1.0239e-05
106.7,9.8791e-06
106.75,9.1958e-06
106.8,8.2118e-06
106.85,6.9595e-06
106.9,5.4801e-06
106.95,3.8222e-06
107,2.04e-06
107.05,1.9206e-07
107.1,-1.6612e-06
107.15,-3.4591e-06
107.2,-5.143e-06
107.25,-6.6579e-06
107.3,-7.9543e-06
107.35,-8.9902e-06
107.4,-9.7317e-06
107.45,-1.0155e-05
107.5,-1.0246e-05
107.55,-1.0003e-05
107.6,-9.4333e-06
107.65,-8.5559e-06
107.7,-7.3997e-06
107.75,-6.0026e-06
107.8,-4.4104e-06
107.85,-2.6752e-06
107.9,-8.5368e-07
107.95,9.9474e-07
108,2.8098e-06
108.05,4.5322e-06
108.1,6.1061e-06
108.15,7.4801e-06
108.2,8.6097e-06
108.25,9.4582e-06
108.3,9.9982e-06
108.35,1.0212e-05
108.4,1.0094e-05
108.45,9.6467e-06
108.5,8.8859e-06
108.55,7.8364e-06
108.6,6.5323e-06
108.65,5.0165e-06
108.7,3.3383e-06
108.75,1.5524e-06
108.8,-2.8308e-07
108.85,-2.1084e-06
108.9,-3.8642e-06
108.95,-5.4934e-06
109,-6.9434e-06
109.05,-8.167e-06
109.1,-9.1246e-06
109.15,-9.7854e-06
109.2,-1.0128e-05
109.25,-1.0142e-05
109.3,-9.8262e-06
109.35,-9.1919e-06
109.4,-8.2597e-06
109.45,-7.0599e-06
109.5,-5.6317e-06
109.55,-4.0216e-06
109.6,-2.2819e-06
109.65,-4.6913e-07
109.7,1.3579e-06
109.75,3.14e-06
109.8,4.8193e-06
109.85,6.3417e-06
109.9,7.6578e-06
109.95,8.7251e-06
110,9.5093e-06
110.05,9.9851e-06
110.1,1.0137e-05
110.15,9.9615e-06
110.2,9.4632e-06
110.25,8.659e-06
110.3,7.5749e-06
110.35,6.2464e-06
110.4,4.7165e-06
110.45,3.0349e-06
110.5,1.256e-06
110.55,-5.6263e-07
110.6,-2.3621e-06
110.65,-4.0843e-06
110.7,-5.6736e-06
110.75,-7.0787e-06
110.8,-8.2545e-06
110.85,-9.163e-06
110.9,-9.7751e-06
110.95,-1.0071e-05
111,-1.0042e-05
111.05,-9.6889e-06
111.1,-9.0231e-06
111.15,-8.0664e-06
111.2,-6.85e-06
111.25,-5.4132e-06
111.3,-3.8026e-06
111.35,-2.0701e-06
111.4,-2.7182e-07
111.45,1.5343e-06
111.5,3.2901e-06
111.55,4.9389e-06
111.6,6.4277e-06
111.65,7.7086e-06
111.7,8.7406e-06
111.75,9.4905e-06
111.8,9.9343e-06
111.85,1.0058e-05
111.9,9.8578e-06
111.95,9.3404e-06
112,8.5227e-06
112.05,7.431e-06
112.1,6.1009e-06
112.15,4.5751e-06
112.2,2.903e-06
112.25,1.1383e-06
112.3,-6.6205e-07
112.35,-2.4402e-06
112.4,-4.139e-06
112.45,-5.7039e-06
112.5,-7.0847e-06
112.55,-8.2371e-06
112.6,-9.1243e-06
112.65,-9.7179e-06
112.7,-9.9991e-06
112.75,-9.9591e-06
112.8,-9.5993e-06
112.85,-8.9315e-06
112.9,-7.9773e-06
112.95,-6.7676e-06
113,-5.3413e-06
113.05,-3.7444e-06
113.1,-2.0282e-06
113.15,-2.4773e-07
113.2,1.5397e-06
113.25,3.2769e-06
113.3,4.9081e-06
113.35,6.3812e-06
113.4,7.649e-06
113.45,8.671e-06
113.5,9.4146e-06
113.55,9.8562e-06
113.6,9.9819e-06
113.65,9.7877e-06
113.7,9.2802e-06
113.75,8.4759e-06
113.8,7.4005e-06
113.85,6.0888e-06
113.9,4.5829e-06
113.95,2.9311e-06
114,1.1863e-06
114.05,-5.9556e-07
114.1,-2.3575e-06
114.15,-4.0431e-06
114.2,-5.5985e-06
114.25,-6.9742e-06
114.3,-8.1262e-06
114.35,-9.0178e-06
114.4,-9.6208e-06
114.45,-9.9161e-06
114.5,-9.8943e-06
114.55,-9.5564e-06
114.6,-8.9135e-06
114.65,-7.9861e-06
114.7,-6.8042e-06
114.75,-5.4057e-06
114.8,-3.8352e-06
114.85,-2.1432e-06
114.9,-3.8352e-07
114.95,1.3875e-06
115,3.1133e-06
115.05,4.7389e-06
115.1,6.2126e-06
115.15,7.4874e-06
115.2,8.5227e-06
115.25,9.2858e-06
115.3,9.7524e-06
115.35,9.9079e-06
115.4,9.7476e-06
115.45,9.2767e-06
115.5,8.5104e-06
115.55,7.4733e-06
115.6,6.1987e-06
115.65,4.7273e-06
115.7,3.1061e-06
115.75,1.3868e-06
115.8,-3.7582e-07
115.85,-2.1256e-06
115.9,-3.8068e-06
115.95,-5.3661e-06
116,-6.7538e-06
116.05,-7.9259e-06
116.1,-8.8453e-06
116.15,-9.4829e-06
116.2,-9.8186e-06
116.25,-9.8419e-06
116.3,-9.5522e-06
116.35,-8.9589e-06
116.4,-8.0812e-06
116.45,-6.9471e-06
116.5,-5.5927e-06
116.55,-4.0614e-06
116.6,-2.4017e-06
116.65,-6.6657e-07
116.7,1.0889e-06
116.75,2.8089e-06
116.8,4.4388e-06
116.85,5.927e-06
116.9,7.2263e-06
116.95,8.2956e-06
117,9.1011e-06
117.05,9.6174e-06
117.1,9.8282e-06
117.15,9.7272e-06
117.2,9.3176e-06
117.25,8.6127e-06
117.3,7.635e-06
117.35,6.4157e-06
117.4,4.9936e-06
117.45,3.4138e-06
117.5,1.7267e-06
117.55,-1.4357e-08
117.6,-1.7541e-06
117.65,-3.4374e-06
117.7,-5.011e-06
117.75,-6.425e-06
117.8,-7.6349e-06
117.85,-8.6024e-06
117.9,-9.297e-06
117.95,-9.6969e-06
118,-9.7897e-06
118.05,-9.5725e-06
118.1,-9.0525e-06
118.15,-8.2463e-06
118.2,-7.1795e-06
118.25,-5.8861e-06
118.3,-4.4072e-06
118.35,-2.7896e-06
118.4,-1.0845e-06
118.45,6.5396e-07
118.5,2.3709e-06
118.55,4.0121e-06
118.6,5.5257e-06
118.65,6.8639e-06
118.7,7.9845e-06
118.75,8.8523e-06
118.8,9.4399e-06
118.85,9.7291e-06
118.9,9.7109e-06
118.95,9.3859e-06
119,8.7647e-06
119.05,7.8671e-06
119.1,6.7215e-06
119.15,5.3643e-06
119.2,3.8385e-06
119.25,2.1923e-06
119.3,4.7766e-07
119.35,-1.2512e-06
119.4,-2.9397e-06
119.45,-4.5347e-06
119.5,-5.9859e-06
119.55,-7.2476e-06
119.6,-8.2802e-06
119.65,-9.0512e-06
119.7,-9.5365e-06
119.75,-9.7209e-06
119.8,-9.5989e-06
119.85,-9.1744e-06
119.9,-8.4611e-06
119.95,-7.4815e-06
120,-6.2667e-06
120.05,-4.8551e-06
120.1,-3.2913e-06
120.15,-1.6246e-06
120.2,9.2496e-08
120.25,1.8058e-06
120.3,3.4615e-06
120.35,5.0074e-06
120.4,6.395e-06
120.45,7.5806e-06
120.5,8.5272e-06
120.55,9.205e-06
120.6,9.5929e-06
120.65,9.6789e-06
120.7,9.4604e-06
120.75,8.9446e-06
120.8,8.1477e-06
120.85,7.0951e-06
120.9,5.8199e-06
120.95,4.3624e-06
121,2.7685e-06
121.05,1.0884e-06
121.1,-6.2518e-07
121.15,-2.3183e-06
121.2,-3.9377e-06
121.25,-5.4327e-06
121.3,-6.7563e-06
121.35,-7.8671e-06
121.4,-8.7304e-06
121.45,-9.3191e-06
121.5,-9.615e-06
121.55,-9.609e-06
121.6,-9.3014e-06
121.65,-8.702e-06
121.7,-7.8299e-06
121.75,-6.7125e-06
121.8,-5.385e-06
121.85,-3.8893e-06
121.9,-2.2723e-06
121.95,-5.8476e-07
122,1.1203e-06
122.05,2.7894e-06
122.1,4.3702e-06
122.15,5.8133e-06
122.2,7.0735e-06
122.25,8.1115e-06
122.3,8.8947e-06
122.35,9.3989e-06
122.4,9.6084e-06
122.45,9.5167e-06
122.5,9.1271e-06
122.55,8.4517e-06
122.6,7.512e-06
122.65,6.3376e-06
122.7,4.9652e-06
122.75,3.4381e-06
122.8,1.8041e-06
122.85,1.1435e-07
122.9,-1.5781e-06
122.95,-3.2205e-06
123,-4.7612e-06
123.05,-6.1523e-06
123.1,-7.3503e-06
123.15,-8.3178e-06
123.2,-9.0247e-06
123.25,-9.4491e-06
123.3,-9.5778e-06
123.35,-9.407e-06
123.4,-8.9422e-06
123.45,-8.1981e-06
123.5,-7.1981e-06
123.55,-5.9736e-06
123.6,-4.5631e-06
123.65,-3.0106e-06
123.7,-1.3649e-06
123.75,3.2279e-07
123.8,1.9996e-06
123.85,3.6131e-06
123.9,5.1131e-06
123.95,6.4526e-06
124,7.5901e-06
124.05,8.4902e-06
124.1,9.1247e-06
124.15,9.4742e-06
124.2,9.5279e-06
124.25,9.2842e-06
124.3,8.7509e-06
124.35,7.9449e-06
124.4,6.8914e-06
124.45,5.6234e-06
124.5,4.1806e-06
124.55,2.6082e-06
124.6,9.5511e-07
124.65,-7.2695e-07
124.7,-2.3856e-06
124.75,-3.969e-06
124.8,-5.4281e-06
124.85,-6.7173e-06
124.9,-7.7965e-06
124.95,-8.6323e-06
125,-9.1988e-06
125.05,-9.4784e-06
125.1,-9.4626e-06
125.15,-9.1522e-06
125.2,-8.5568e-06
125.25,-7.6952e-06
125.3,-6.5945e-06
125.35,-5.2889e-06
125.4,-3.8193e-06
125.45,-2.2315e-06
125.5,-5.7494e-07
125.55,1.0987e-06
125.6,2.7374e-06
125.65,4.2902e-06
125.7,5.7087e-06
125.75,6.9491e-06
125.8,7.9726e-06
125.85,8.7478e-06
125.9,9.2505e-06
125.95,9.4654e-06
126,9.3858e-06
126.05,9.0144e-06
126.1,8.363e-06
126.15,7.452e-06
126.2,6.3097e-06
126.25,4.9719e-06
126.3,3.4802e-06
126.35,1.881e-06
126.4,2.2415e-07
126.45,-1.4389e-06
126.5,-3.0565e-06
126.55,-4.5784e-06
126.6,-5.9575e-06
126.65,-7.1509e-06
126.7,-8.1217e-06
126.75,-8.8399e-06
126.8,-9.2834e-06
126.85,-9.4384e-06
126.9,-9.3005e-06
126.95,-8.874e-06
127,-8.1723e-06
127.05,-7.2173e-06
127.1,-6.0388e-06
127.15,-4.6736e-06
127.2,-3.164e-06
127.25,-1.5569e-06
127.3,9.7689e-08
127.35,1.7485e-06
127.4,3.3444e-06
127.45,4.8358e-06
127.5,6.1766e-06
127.55,7.3254e-06
127.6,8.2465e-06
127.65,8.9117e-06
127.7,9.3004e-06
127.75,9.4007e-06
127.8,9.2096e-06
127.85,8.7334e-06
127.9,7.9868e-06
127.95,6.9931e-06
128,5.7833e-06
128.05,4.395e-06
128.1,2.8711e-06
128.15,1.2591e-06
128.2,-3.9118e-07
128.25,-2.0286e-06
128.3,-3.6025e-06
128.35,-5.0642e-06
128.4,-6.3684e-06
128.45,-7.475e-06
128.5,-8.3498e-06
128.55,-8.9659e-06
128.6,-9.3042e-06
128.65,-9.3546e-06
128.7,-9.1157e-06
128.75,-8.5948e-06
128.8,-7.8084e-06
128.85,-6.7809e-06
128.9,-5.5442e-06
128.95,-4.1367e-06
129,-2.6018e-06
129.05,-9.8728e-07
129.1,6.5706e-07
129.15,2.2804e-06
129.2,3.8325e-06
129.25,5.2654e-06
129.3,6.535e-06
129.35,7.6022e-06
129.4,8.434e-06
129.45,9.005e-06
129.5,9.2975e-06
129.55,9.3027e-06
129.6,9.0207e-06
129.65,8.4603e-06
129.7,7.6389e-06
129.75,6.582e-06
129.8,5.3224e-06
129.85,3.8991e-06
129.9,2.3561e-06
129.95,7.4101e-07
130,-8.9617e-07
130.05,-2.505e-06
130.1,-4.0358e-06
130.15,-5.4414e-06
130.2,-6.6785e-06
130.25,-7.709e-06
130.3,-8.5014e-06
130.35,-9.0312e-06
130.4,-9.2822e-06
130.45,-9.247e-06
130.5,-8.9266e-06
130.55,-8.3312e-06
130.6,-7.4793e-06
130.65,-6.3972e-06
130.7,-5.1184e-06
130.75,-3.6824e-06
130.8,-2.1336e-06
130.85,-5.1976e-07
130.9,1.1094e-06
130.95,2.7036e-06
131,4.2139e-06
131.05,5.5937e-06
131.1,6.8006e-06
131.15,7.7975e-06
131.2,8.5539e-06
131.25,9.0465e-06
131.3,9.2604e-06
131.35,9.1891e-06
131.4,8.835e-06
131.45,8.2091e-06
131.5,7.3308e-06
131.55,6.2272e-06
131.6,4.9326e-06
131.65,3.4867e-06
131.7,1.9342e-06
131.75,3.229e-07
131.8,-1.2976e-06
131.85,-2.8775e-06
131.9,-4.3683e-06
131.95,-5.724e-06
132,-6.9031e-06
132.05,-7.8694e-06
132.1,-8.5933e-06
132.15,-9.0527e-06
132.2,-9.2336e-06
132.25,-9.1306e-06
132.3,-8.747e-06
132.35,-8.0948e-06
132.4,-7.1941e-06
132.45,-6.0727e-06
132.5,-4.7652e-06
132.55,-3.3119e-06
132.6,-1.7575e-06
132.65,-1.4977e-07
132.7,1.4618e-06
132.75,3.0279e-06
132.8,4.5002e-06
132.85,5.8337e-06
132.9,6.9875e-06
132.95,7.9262e-06
133,8.6212e-06
133.05,9.0513e-06
133.1,9.2033e-06
133.15,9.0728e-06
133.2,8.6639e-06
133.25,7.9893e-06
133.3,7.0698e-06
133.35,5.9338e-06
133.4,4.6163e-06
133.45,3.1577e-06
133.5,1.6029e-06
133.55,-3.62e-10
133.6,-1.6029e-06
133.65,-3.1557e-06
133.7,-4.6109e-06
133.75,-5.9242e-06
133.8,-7.0552e-06
133.85,-7.9695e-06
133.9,-8.6391e-06
133.95,-9.0435e-06
134,-9.1706e-06
134.05,-9.0166e-06
134.1,-8.5863e-06
134.15,-7.8931e-06
134.2,-6.9584e-06
134.25,-5.8108e-06
134.3,-4.4858e-06
134.35,-3.0239e-06
134.4,-1.47e-06
134.45,1.282e-07
134.5,1.7218e-06
134.55,3.262e-06
134.6,4.7017e-06
134.65,5.9967e-06
134.7,7.1076e-06
134.75,8.0005e-06
134.8,8.648e-06
134.85,9.0306e-06
134.9,9.1366e-06
134.95,8.9629e-06
135,8.515e-06
135.05,7.8068e-06
135.1,6.86e-06
135.15,5.7038e-06
135.2,4.3735e-06
135.25,2.9101e-06
135.3,1.3582e-06
135.35,-2.3448e-07
135.4,-1.8193e-06
135.45,-3.3479e-06
135.5,-4.7734e-06
135.55,-6.0523e-06
135.6,-7.1457e-06
135.65,-8.0202e-06
135.7,-8.6491e-06
135.75,-9.0133e-06
135.8,-9.102e-06
135.85,-8.9124e-06
135.9,-8.4505e-06
135.95,-7.7307e-06
136,-6.7749e-06
136.05,-5.6126e-06
136.1,-4.2793e-06
136.15,-2.8158e-06
136.2,-1.267e-06
136.25,3.1992e-07
136.3,1.8963e-06
136.35,3.4142e-06
136.4,4.8271e-06
136.45,6.0921e-06
136.5,7.1705e-06
136.55,8.0295e-06
136.6,8.6431e-06
136.65,8.9926e-06
136.7,9.0674e-06
136.75,8.8655e-06
136.8,8.3931e-06
136.85,7.6649e-06
136.9,6.703e-06
136.95,5.537e-06
137,4.2026e-06
137.05,2.7406e-06
137.1,1.1956e-06
137.15,-3.8521e-07
137.2,-1.9536e-06
137.25,-3.4618e-06
137.3,-4.8637e-06
137.35,-6.1168e-06
137.4,-7.1828e-06
137.45,-8.0294e-06
137.5,-8.6308e-06
137.55,-8.9689e-06
137.6,-9.0334e-06
137.65,-8.8226e-06
137.7,-8.3431e-06
137.75,-7.6094e-06
137.8,-6.6442e-06
137.85,-5.477e-06
137.9,-4.1433e-06
137.95,-2.684e-06
138,-1.1436e-06
138.05,4.3104e-07
138.1,1.9919e-06
138.15,3.4914e-06
138.2,4.8839e-06
138.25,6.1272e-06
138.3,7.1833e-06
138.35,8.0203e-06
138.4,8.6127e-06
138.45,8.9427e-06
138.5,9.0003e-06
138.55,8.784e-06
138.6,8.3003e-06
138.65,7.5643e-06
138.7,6.5983e-06
138.75,5.432e-06
138.8,4.1009e-06
138.85,2.6455e-06
138.9,1.1103e-06
138.95,-4.5807e-07
139,-2.0118e-06
139.05,-3.5038e-06
139.1,-4.8885e-06
139.15,-6.124e-06
139.2,-7.1727e-06
139.25,-8.0029e-06
139.3,-8.5893e-06
139.35,-8.9144e-06
139.4,-8.9683e-06
139.45,-8.7496e-06
139.5,-8.265e-06
139.55,-7.5293e-06
139.6,-6.5651e-06
139.65,-5.4018e-06
139.7,-4.0748e-06
139.75,-2.6245e-06
139.8,-1.0951e-06
139.85,4.6692e-07
139.9,2.0141e-06
139.95,3.4995e-06
140,4.878e-06
140.05,6.1077e-06
140.1,7.1514e-06
140.15,7.9774e-06
140.2,8.5609e-06
140.25,8.8841e-06
140.3,8.9375e-06
140.35,8.7195e-06
140.4,8.2368e-06
140.45,7.5042e-06
140.5,6.5442e-06
140.55,5.3859e-06
140.6,4.0646e-06
140.65,2.6205e-06
140.7,1.0975e-06
140.75,-4.5818e-07
140.8,-1.9993e-06
140.85,-3.4792e-06
140.9,-4.8529e-06
140.95,-6.0788e-06
141,-7.1198e-06
141.05,-7.9443e-06
141.1,-8.5276e-06
141.15,-8.852e-06
141.2,-8.9078e-06
141.25,-8.6934e-06
141.3,-8.2156e-06
141.35,-7.4887e-06
141.4,-6.5352e-06
141.45,-5.3839e-06
141.5,-4.0698e-06
141.55,-2.633e-06
141.6,-1.1169e-06
141.65,4.3245e-07
141.7,1.968e-06
141.75,3.4433e-06
141.8,4.8137e-06
141.85,6.0376e-06
141.9,7.0781e-06
141.95,7.9037e-06
142,8.4896e-06
142.05,8.818e-06
142.1,8.8791e-06
142.15,8.6713e-06
142.2,8.201e-06
142.25,7.4824e-06
142.3,6.5376e-06
142.35,5.3952e-06
142.4,4.0898e-06
142.45,2.6612e-06
142.5,1.1526e-06
142.55,-3.9027e-07
142.6,-1.9207e-06
142.65,-3.3924e-06
142.7,-4.7608e-06
142.75,-5.9845e-06
142.8,-7.0267e-06
142.85,-7.8558e-06
142.9,-8.4468e-06
142.95,-8.782e-06
143,-8.8513e-06
143.05,-8.6528e-06
143.1,-8.1927e-06
143.15,-7.4848e-06
143.2,-6.5509e-06
143.25,-5.4192e-06
143.3,-4.1241e-06
143.35,-2.7048e-06
143.4,-1.2042e-06
143.45,3.3216e-07
143.5,1.8579e-06
143.55,3.3268e-06
143.6,4.6945e-06
143.65,5.9197e-06
143.7,6.9656e-06
143.75,7.8004e-06
143.8,8.3991e-06
143.85,8.7437e-06
143.9,8.824e-06
143.95,8.6375e-06
144,8.1901e-06
144.05,7.4955e-06
144.1,6.5746e-06
144.15,5.4554e-06
144.2,4.172e-06
144.25,2.7629e-06
144.3,1.271e-06
144.35,-2.5864e-07
144.4,-1.7799e-06
144.45,-3.2468e-06
144.5,-4.6151e-06
144.55,-5.8434e-06
144.6,-6.8948e-06
144.65,-7.7376e-06
144.7,-8.3465e-06
144.75,-8.7031e-06
144.8,-8.7968e-06
144.85,-8.625e-06
144.9,-8.1929e-06
144.95,-7.5137e-06
145,-6.608e-06
145.05,-5.5032e-06
145.1,-4.2328e-06
145.15,-2.8352e-06
145.2,-1.3526e-06
145.25,1.7021e-07
145.3,1.6873e-06
145.35,3.1528e-06
145.4,4.5227e-06
145.45,5.7556e-06
145.5,6.8144e-06
145.55,7.6673e-06
145.6,8.2885e-06
145.65,8.6596e-06
145.7,8.7694e-06
145.75,8.6147e-06
145.8,8.2004e-06
145.85,7.5389e-06
145.9,6.6505e-06
145.95,5.5619e-06
146,4.3061e-06
146.05,2.9209e-06
146.1,1.4483e-06
146.15,-6.7329e-08
146.2,-1.5804e-06
146.25,-3.0452e-06
146.3,-4.4176e-06
146.35,-5.6565e-06
146.4,-6.7243e-06
146.45,-7.5892e-06
146.5,-8.2251e-06
146.55,-8.613e-06
146.6,-8.7412e-06
146.65,-8.6061e-06
146.7,-8.2119e-06
146.75,-7.5705e-06
146.8,-6.7013e-06
146.85,-5.6307e-06
146.9,-4.391e-06
146.95,-3.0195e-06
147,-1.5577e-06
147.05,-4.951e-08
147.1,1.4595e-06
147.15,2.9241e-06
147.2,4.3e-06
147.25,5.5459e-06
147.3,6.6245e-06
147.35,7.5032e-06
147.4,8.1558e-06
147.45,8.5627e-06
147.5,8.7117e-06
147.55,8.5986e-06
147.6,8.2268e-06
147.65,7.6077e-06
147.7,6.7599e-06
147.75,5.709e-06
147.8,4.4869e-06
147.85,3.1303e-06
147.9,1.68e-06
147.95,1.7984e-07
148,-1.3252e-06
148.05,-2.7898e-06
148.1,-4.1699e-06
148.15,-5.4241e-06
148.2,-6.5147e-06
148.25,-7.409e-06
148.3,-8.0802e-06
148.35,-8.5083e-06
148.4,-8.6804e-06
148.45,-8.5915e-06
148.5,-8.2444e-06
148.55,-7.6497e-06
148.6,-6.8253e-06
148.65,-5.7961e-06
148.7,-4.5931e-06
148.75,-3.2526e-06
148.8,-1.8149e-06
148.85,-3.2318e-07
148.9,1.1776e-06
148.95,2.6425e-06
149,4.0274e-06
149.05,5.2908e-06
149.1,6.3948e-06
149.15,7.3062e-06
149.2,7.9979e-06
149.25,8.4492e-06
149.3,8.6465e-06
149.35,8.5841e-06
149.4,8.2639e-06
149.45,7.6958e-06
149.5,6.8968e-06
149.55,5.8911e-06
149.6,4.7089e-06
149.65,3.3858e-06
149.7,1.9616e-06
149.75,4.7907e-07
149.8,-1.0173e-06
149.85,-2.4825e-06
149.9,-3.8727e-06
149.95,-5.1461e-06
150,-6.2646e-06
150.05,-7.1947e-06
150.1,-7.9085e-06
150.15,-8.3848e-06
150.2,-8.6094e-06
150.25,-8.5756e-06
150.3,-8.2846e-06
150.35,-7.7451e-06
150.4,-6.9736e-06
150.45,-5.9932e-06
150.5,-4.8335e-06
150.55,-3.5292e-06
150.6,-2.1196e-06
150.65,-6.4699e-07
150.7,8.4445e-07
150.75,2.31e-06
150.8,3.7057e-06
150.85,4.9898e-06
150.9,6.1238e-06
150.95,7.0738e-06
151,7.8114e-06
151.05,8.3146e-06
151.1,8.5684e-06
151.15,8.5653e-06
151.2,8.3055e-06
151.25,7.7968e-06
151.3,7.0548e-06
151.35,6.1016e-06
151.4,4.966e-06
151.45,3.6821e-06
151.5,2.2883e-06
151.55,8.2645e-07
151.6,-6.5955e-07
151.65,-2.1252e-06
151.7,-3.5267e-06
151.75,-4.822e-06
151.8,-5.9724e-06
151.85,-6.9435e-06
151.9,-7.7062e-06
151.95,-8.2379e-06
152,-8.5228e-06
152.05,-8.5523e-06
152.1,-8.3258e-06
152.15,-7.85e-06
152.2,-7.1395e-06
152.25,-6.2155e-06
152.3,-5.1058e-06
152.35,-3.8436e-06
152.4,-2.4669e-06
152.45,-1.0169e-06
152.5,4.6297e-07
152.55,1.9284e-06
152.6,3.3356e-06
152.65,4.6425e-06
152.7,5.81e-06
152.75,6.8031e-06
152.8,7.5924e-06
152.85,8.1542e-06
152.9,8.4718e-06
152.95,8.5359e-06
153,8.3446e-06
153.05,7.9038e-06
153.1,7.2268e-06
153.15,6.3338e-06
153.2,5.2518e-06
153.25,4.0132e-06
153.3,2.6549e-06
153.35,1.2179e-06
153.4,-2.5511e-07
153.45,-1.7199e-06
153.5,-3.1327e-06
153.55,-4.4513e-06
153.6,-5.6363e-06
153.65,-6.6524e-06
153.7,-7.4693e-06
153.75,-8.0626e-06
153.8,-8.4147e-06
153.85,-8.5151e-06
153.9,-8.3611e-06
153.95,-7.9572e-06
154,-7.3157e-06
154.05,-6.4558e-06
154.1,-5.4033e-06
154.15,-4.1898e-06
154.2,-2.8516e-06
154.25,-1.4287e-06
154.3,3.6417e-08
154.35,1.4999e-06
154.4,2.9179e-06
154.45,4.2483e-06
154.5,5.4513e-06
154.55,6.4911e-06
154.6,7.3366e-06
154.65,7.9626e-06
154.7,8.3507e-06
154.75,8.4892e-06
154.8,8.3742e-06
154.85,8.0092e-06
154.9,7.4052e-06
154.95,6.5804e-06
155,5.5594e-06
155.05,4.3728e-06
155.1,3.0561e-06
155.15,1.6487e-06
155.2,1.9264e-07
155.25,-1.2687e-06
155.3,-2.6915e-06
155.35,-4.0336e-06
155.4,-5.2547e-06
155.45,-6.3186e-06
155.5,-7.1936e-06
155.55,-7.8536e-06
155.6,-8.279e-06
155.65,-8.4572e-06
155.7,-8.3831e-06
155.75,-8.0589e-06
155.8,-7.4944e-06
155.85,-6.7066e-06
155.9,-5.719e-06
155.95,-4.5612e-06
156,-3.2678e-06
156.05,-1.8774e-06
156.1,-4.3154e-07
156.15,1.0266e-06
156.2,2.4537e-06
156.25,3.807e-06
156.3,5.0464e-06
156.35,6.1348e-06
156.4,7.0399e-06
156.45,7.7348e-06
156.5,8.1988e-06
156.55,8.4183e-06
156.6,8.3867e-06
156.65,8.1052e-06
156.7,7.5822e-06
156.75,6.8334e-06
156.8,5.8812e-06
156.85,4.7541e-06
156.9,3.4858e-06
156.95,2.114e-06
157,6.7976e-07
157.05,-7.7421e-07
157.1,-2.2046e-06
157.15,-3.5687e-06
157.2,-4.8261e-06
157.25,-5.9392e-06
157.3,-6.8749e-06
157.35,-7.6056e-06
157.4,-8.1094e-06
157.45,-8.3715e-06
157.5,-8.3842e-06
157.55,-8.1471e-06
157.6,-7.6675e-06
157.65,-6.9598e-06
157.7,-6.045e-06
157.75,-4.9506e-06
157.8,-3.7092e-06
157.85,-2.3578e-06
157.9,-9.3669e-07
157.95,5.1178e-07
158,1.9445e-06
158.05,3.3188e-06
158.1,4.5938e-06
158.15,5.7316e-06
158.2,6.6984e-06
158.25,7.4654e-06
158.3,8.01e-06
158.35,8.316e-06
158.4,8.3744e-06
158.45,8.1836e-06
158.5,7.7493e-06
158.55,7.0846e-06
158.6,6.2094e-06
158.65,5.1497e-06
158.7,3.9372e-06
158.75,2.608e-06
158.8,1.2017e-06
158.85,-2.3983e-07
158.9,-1.6737e-06
158.95,-3.0573e-06
159,-4.3494e-06
159.05,-5.5117e-06
159.1,-6.5097e-06
159.15,-7.3137e-06
159.2,-7.8999e-06
159.25,-8.251e-06
159.3,-8.3566e-06
159.35,-8.2136e-06
159.4,-7.8266e-06
159.45,-7.2069e-06
159.5,-6.3732e-06
159.55,-5.3504e-06
159.6,-4.1688e-06
159.65,-2.8638e-06
159.7,-1.4741e-06
159.75,-4.1104e-08
159.8,1.3926e-06
159.85,2.7844e-06
159.9,4.0929e-06
159.95,5.2794e-06
160,6.3085e-06
160.05,7.1498e-06
160.1,7.7783e-06
160.15,8.1755e-06
160.2,8.3296e-06
160.25,8.2361e-06
160.3,7.8981e-06
160.35,7.3255e-06
160.4,6.5354e-06
160.45,5.5516e-06
160.5,4.4031e-06
160.55,3.1243e-06
160.6,1.7532e-06
160.65,3.3045e-07
160.7,-1.1016e-06
160.75,-2.5004e-06
160.8,-3.8244e-06
160.85,-5.0344e-06
160.9,-6.0945e-06
160.95,-6.9732e-06
161,-7.6446e-06
161.05,-8.0887e-06
161.1,-8.2925e-06
161.15,-8.2501e-06
161.2,-7.9627e-06
161.25,-7.4391e-06
161.3,-6.6949e-06
161.35,-5.7522e-06
161.4,-4.639e-06
161.45,-3.3886e-06
161.5,-2.0381e-06
161.55,-6.2755e-07
161.6,8.0111e-07
161.65,2.2055e-06
161.7,3.5439e-06
161.75,4.7767e-06
161.8,5.8673e-06
161.85,6.7835e-06
161.9,7.498e-06
161.95,7.9898e-06
162,8.2445e-06
162.05,8.2544e-06
162.1,8.0195e-06
162.15,7.5468e-06
162.2,6.8504e-06
162.25,5.951e-06
162.3,4.8755e-06
162.35,3.6558e-06
162.4,2.328e-06
162.45,9.317e-07
162.5,-4.9174e-07
162.55,-1.9001e-06
162.6,-3.2516e-06
162.65,-4.5062e-06
162.7,-5.6268e-06
162.75,-6.5801e-06
162.8,-7.338e-06
162.85,-7.8781e-06
162.9,-8.1845e-06
162.95,-8.2481e-06
163,-8.0672e-06
163.05,-7.6473e-06
163.1,-7.0008e-06
163.15,-6.1471e-06
163.2,-5.1114e-06
163.25,-3.9247e-06
163.3,-2.622e-06
163.35,-1.2422e-06
163.4,1.7405e-07
163.45,1.5846e-06
163.5,2.9477e-06
163.55,4.223e-06
163.6,5.3727e-06
163.65,6.3628e-06
163.7,7.1641e-06
163.75,7.7528e-06
163.8,8.1117e-06
163.85,8.2302e-06
163.9,8.1048e-06
163.95,7.7394e-06
164,7.1449e-06
164.05,6.339e-06
164.1,5.3456e-06
164.15,4.1943e-06
164.2,2.9192e-06
164.25,1.5581e-06
164.3,1.5126e-07
164.35,-1.2595e-06
164.4,-2.6325e-06
164.45,-3.9271e-06
164.5,-5.1049e-06
164.55,-6.1312e-06
164.6,-6.9756e-06
164.65,-7.6132e-06
164.7,-8.0252e-06
164.75,-8.1996e-06
164.8,-8.1311e-06
164.85,-7.822e-06
164.9,-7.2815e-06
164.95,-6.5257e-06
165,-5.577e-06
165.05,-4.4636e-06
165.1,-3.2184e-06
165.15,-1.8785e-06
165.2,-4.8347e-07
165.25,9.2539e-07
165.3,2.3064e-06
165.35,3.6187e-06
165.4,4.8234e-06
165.45,5.885e-06
165.5,6.7722e-06
165.55,7.4587e-06
165.6,7.9243e-06
165.65,8.1554e-06
165.7,8.1451e-06
165.75,7.8939e-06
165.8,7.4093e-06
165.85,6.7058e-06
165.9,5.8042e-06
165.95,4.7312e-06
166,3.5187e-06
166.05,2.2026e-06
166.1,8.2175e-07
166.15,-5.8288e-07
166.2,-1.9698e-06
166.25,-3.298e-06
166.3,-4.5282e-06
166.35,-5.6241e-06
166.4,-6.5534e-06
166.45,-7.2886e-06
166.5,-7.8081e-06
166.55,-8.0966e-06
166.6,-8.1457e-06
166.65,-7.954e-06
166.7,-7.5272e-06
166.75,-6.8781e-06
166.8,-6.026e-06
166.85,-4.9961e-06
166.9,-3.8188e-06
166.95,-2.5292e-06
167,-1.1652e-06
167.05,2.3271e-07
167.1,1.6233e-06
167.15,2.9654e-06
167.2,4.2194e-06
167.25,5.3484e-06
167.3,6.3189e-06
167.35,7.1025e-06
167.4,7.6759e-06
167.45,8.0224e-06
167.5,8.1318e-06
167.55,8.001e-06
167.6,7.6339e-06
167.65,7.0414e-06
167.7,6.2412e-06
167.75,5.2569e-06
167.8,4.1177e-06
167.85,2.8573e-06
167.9,1.5129e-06
167.95,1.2432e-07
168,-1.2674e-06
168.05,-2.6213e-06
168.1,-3.8973e-06
168.15,-5.0578e-06
168.2,-6.0686e-06
168.25,-6.8999e-06
168.3,-7.5271e-06
168.35,-7.932e-06
168.4,-8.1026e-06
168.45,-8.0339e-06
168.5,-7.7281e-06
168.55,-7.1943e-06
168.6,-6.4483e-06
168.65,-5.5123e-06
168.7,-4.4139e-06
168.75,-3.1856e-06
168.8,-1.8638e-06
168.85,-4.8732e-07
168.9,9.0302e-07
168.95,2.2662e-06
169,3.5621e-06
169.05,4.7525e-06
169.1,5.8022e-06
169.15,6.6804e-06
169.2,7.3611e-06
169.25,7.8245e-06
169.3,8.0569e-06
169.35,8.0515e-06
169.4,7.8087e-06
169.45,7.3355e-06
169.5,6.6462e-06
169.55,5.7611e-06
169.6,4.7063e-06
169.65,3.5131e-06
169.7,2.2167e-06
169.75,8.5532e-07
169.8,-5.3079e-07
169.85,-1.9008e-06
169.9,-3.2143e-06
169.95,-4.4325e-06
170,-5.5196e-06
170.05,-6.4437e-06
170.1,-7.1774e-06
170.15,-7.6993e-06
170.2,-7.994e-06
170.25,-8.0529e-06
170.3,-7.8744e-06
170.35,-7.4638e-06
170.4,-6.8334e-06
170.45,-6.0017e-06
170.5,-4.9935e-06
170.55,-3.8383e-06
170.6,-2.5705e-06
170.65,-1.2273e-06
170.7,1.5165e-07
170.75,1.5256e-06
170.8,2.8542e-06
170.85,4.0982e-06
170.9,5.221e-06
170.95,6.1896e-06
171,6.9755e-06
171.05,7.5556e-06
171.1,7.9129e-06
171.15,8.0369e-06
171.2,7.9241e-06
171.25,7.5779e-06
171.3,7.0086e-06
171.35,6.233e-06
171.4,5.274e-06
171.45,4.16e-06
171.5,2.9239e-06
171.55,1.602e-06
171.6,2.3342e-07
171.65,-1.1416e-06
171.7,-2.4825e-06
171.75,-3.7499e-06
171.8,-4.9064e-06
171.85,-5.9181e-06
171.9,-6.7551e-06
171.95,-7.3929e-06
172,-7.8129e-06
172.05,-8.0026e-06
172.1,-7.9567e-06
172.15,-7.6765e-06
172.2,-7.1704e-06
172.25,-6.4533e-06
172.3,-5.5465e-06
172.35,-4.4768e-06
172.4,-3.2756e-06
172.45,-1.9784e-06
172.5,-6.2335e-07
172.55,7.4957e-07
172.6,2.1e-06
172.65,3.3881e-06
172.7,4.5761e-06
172.75,5.629e-06
172.8,6.5159e-06
172.85,7.2108e-06
172.9,7.6932e-06
172.95,7.9491e-06
173,7.971e-06
173.05,7.7583e-06
173.1,7.3174e-06
173.15,6.6614e-06
173.2,5.8096e-06
173.25,4.7872e-06
173.3,3.6242e-06
173.35,2.355e-06
173.4,1.017e-06
173.45,-3.5055e-07
173.5,-1.7073e-06
173.55,-3.0134e-06
173.6,-4.2304e-06
173.65,-5.3226e-06
173.7,-6.2579e-06
173.75,-7.0088e-06
173.8,-7.5533e-06
173.85,-7.8755e-06
173.9,-7.966e-06
173.95,-7.8222e-06
174,-7.4485e-06
174.05,-6.8558e-06
174.1,-6.0617e-06
174.15,-5.0897e-06
174.2,-3.9683e-06
174.25,-2.7306e-06
174.3,-1.413e-06
174.35,-5.4375e-08
174.4,1.3054e-06
174.45,2.6264e-06
174.5,3.8698e-06
174.55,4.999e-06
174.6,5.9808e-06
174.65,6.7866e-06
174.7,7.3926e-06
174.75,7.7811e-06
174.8,7.9408e-06
174.85,7.867e-06
174.9,7.5621e-06
174.95,7.035e-06
175,6.3014e-06
175.05,5.3828e-06
175.1,4.3063e-06
175.15,3.1037e-06
175.2,1.8102e-06
175.25,4.6401e-07
175.3,-8.954e-07
175.35,-2.2281e-06
175.4,-3.4948e-06
175.45,-4.6585e-06
175.5,-5.6849e-06
175.55,-6.544e-06
175.6,-7.2106e-06
175.65,-7.6651e-06
175.7,-7.8943e-06
175.75,-7.8916e-06
175.8,-7.6571e-06
175.85,-7.1977e-06
175.9,-6.5271e-06
175.95,-5.665e-06
176,-4.6368e-06
176.05,-3.4728e-06
176.1,-2.2071e-06
176.15,-8.7707e-07
176.2,4.783e-07
176.25,1.8192e-06
176.3,3.1062e-06
176.35,4.3016e-06
176.4,5.3703e-06
176.45,6.281e-06
176.5,7.007e-06
176.55,7.527e-06
176.6,7.8259e-06
176.65,7.8949e-06
176.7,7.7322e-06
176.75,7.3425e-06
176.8,6.7374e-06
176.85,5.9347e-06
176.9,4.9581e-06
176.95,3.8363e-06
177,2.6022e-06
177.05,1.2922e-06
177.1,-5.5358e-08
177.15,-1.4008e-06
177.2,-2.7048e-06
177.25,-3.9289e-06
177.3,-5.0373e-06
177.35,-5.9976e-06
177.4,-6.7816e-06
177.45,-7.3663e-06
177.5,-7.7346e-06
177.55,-7.876e-06
177.6,-7.7862e-06
177.65,-7.4679e-06
177.7,-6.9307e-06
177.75,-6.1903e-06
177.8,-5.2686e-06
177.85,-4.1926e-06
177.9,-2.994e-06
177.95,-1.7079e-06
178,-3.7209e-07
178.05,9.7416e-07
178.1,2.2914e-06
178.15,3.541e-06
178.2,4.6864e-06
178.25,5.6939e-06
178.3,6.5342e-06
178.35,7.1825e-06
178.4,7.62e-06
178.45,7.8339e-06
178.5,7.818e-06
178.55,7.5728e-06
178.6,7.1057e-06
178.65,6.4303e-06
178.7,5.5667e-06
178.75,4.5401e-06
178.8,3.3807e-06
178.85,2.1226e-06
178.9,8.0263e-07
178.95,-5.4043e-07
179,-1.8672e-06
179.05,-3.1388e-06
179.1,-4.3181e-06
179.15,-5.3703e-06
179.2,-6.2648e-06
179.25,-6.9754e-06
179.3,-7.4813e-06
179.35,-7.7678e-06
179.4,-7.8265e-06
179.45,-7.6558e-06
179.5,-7.2608e-06
179.55,-6.6531e-06
179.6,-5.8507e-06
179.65,-4.877e-06
179.7,-3.7608e-06
179.75,-2.5347e-06
179.8,-1.2347e-06
179.85,1.0101e-07
179.9,1.4334e-06
179.95,2.7233e-06
180,3.933e-06
180.05,5.0272e-06
180.1,5.9737e-06
180.15,6.7448e-06
180.2,7.3182e-06
180.25,7.677e-06
180.3,7.8108e-06
180.35,7.7157e-06
180.4,7.3947e-06
180.45,6.8571e-06
180.5,6.1189e-06
180.55,5.2017e-06
180.6,4.1325e-06
180.65,2.9425e-06
180.7,1.6668e-06
180.75,3.4262e-07
180.8,-9.9115e-07
180.85,-2.2955e-06
180.9,-3.5322e-06
180.95,-4.665e-06
181,-5.661e-06
181.05,-6.4908e-06
181.1,-7.1303e-06
181.15,-7.5609e-06
181.2,-7.7699e-06
181.25,-7.7514e-06
181.3,-7.506e-06
181.35,-7.0409e-06
181.4,-6.3698e-06
181.45,-5.5124e-06
181.5,-4.494e-06
181.55,-3.3443e-06
181.6,-2.0971e-06
181.65,-7.8889e-07
181.7,5.4199e-07
181.75,1.8566e-06
181.8,3.1164e-06
181.85,4.2847e-06
181.9,5.3271e-06
181.95,6.2134e-06
182,6.9175e-06
182.05,7.4189e-06
182.1,7.7031e-06
182.15,7.7618e-06
182.2,7.5934e-06
182.25,7.2028e-06
182.3,6.6015e-06
182.35,5.8073e-06
182.4,4.8435e-06
182.45,3.7382e-06
182.5,2.5239e-06
182.55,1.2361e-06
182.6,-8.7409e-08
182.65,-1.408e-06
182.7,-2.6869e-06
182.75,-3.8869e-06
182.8,-4.9727e-06
182.85,-5.9128e-06
182.9,-6.6796e-06
182.95,-7.2508e-06
183,-7.6098e-06
183.05,-7.746e-06
183.1,-7.6557e-06
183.15,-7.3415e-06
183.2,-6.8127e-06
183.25,-6.0848e-06
183.3,-5.1791e-06
183.35,-4.1223e-06
183.4,-2.9453e-06
183.45,-1.6825e-06
183.5,-3.7094e-07
183.55,9.5108e-07
183.6,2.2449e-06
183.65,3.4726e-06
183.7,4.5985e-06
183.75,5.5895e-06
183.8,6.4169e-06
183.85,7.0563e-06
183.9,7.4893e-06
183.95,7.7032e-06
184,7.6918e-06
184.05,7.4556e-06
184.1,7.0015e-06
184.15,6.3429e-06
184.2,5.4991e-06
184.25,4.4948e-06
184.3,3.3595e-06
184.35,2.1263e-06
184.4,8.3133e-07
184.45,-4.8752e-07
184.5,-1.7917e-06
184.55,-3.0431e-06
184.6,-4.2052e-06
184.65,-5.2441e-06
184.7,-6.1294e-06
184.75,-6.8353e-06
184.8,-7.3412e-06
184.85,-7.6325e-06
184.9,-7.7007e-06
184.95,-7.5438e-06
185,-7.1666e-06
185.05,-6.5801e-06
185.1,-5.8016e-06
185.15,-4.8537e-06
185.2,-3.7644e-06
185.25,-2.5654e-06
185.3,-1.2919e-06
185.35,1.8986e-08
185.4,1.3289e-06
185.45,2.5996e-06
185.5,3.794e-06
185.55,4.8772e-06
185.6,5.8176e-06
185.65,6.5878e-06
185.7,7.1653e-06
185.75,7.5334e-06
185.8,7.6814e-06
185.85,7.605e-06
185.9,7.3065e-06
185.95,6.7947e-06
186,6.0847e-06
186.05,5.1971e-06
186.1,4.1581e-06
186.15,2.998e-06
186.2,1.7507e-06
186.25,4.5271e-07
186.3,-8.5814e-07
186.35,-2.1435e-06
186.4,-3.366e-06
186.45,-4.4897e-06
186.5,-5.4821e-06
186.55,-6.3141e-06
186.6,-6.9615e-06
186.65,-7.4055e-06
186.7,-7.6331e-06
186.75,-7.6379e-06
186.8,-7.4197e-06
186.85,-6.985e-06
186.9,-6.3466e-06
186.95,-5.5231e-06
187,-4.5386e-06
187.05,-3.422e-06
187.1,-2.2058e-06
187.15,-9.2565e-07
187.2,3.8114e-07
187.25,1.6764e-06
187.3,2.9224e-06
187.35,4.0827e-06
187.4,5.1235e-06
187.45,6.0145e-06
187.5,6.7297e-06
187.55,7.2483e-06
187.6,7.5552e-06
187.65,7.6416e-06
187.7,7.5051e-06
187.75,7.1496e-06
187.8,6.5856e-06
187.85,5.8296e-06
187.9,4.9038e-06
187.95,3.8352e-06
188,2.6551e-06
188.05,1.3978e-06
188.1,1.0019e-07
188.15,-1.2e-06
188.2,-2.4648e-06
188.25,-3.6573e-06
188.3,-4.7427e-06
188.35,-5.6895e-06
188.4,-6.4701e-06
188.45,-7.0617e-06
188.5,-7.4472e-06
188.55,-7.6153e-06
188.6,-7.5613e-06
188.65,-7.2868e-06
188.7,-6.7999e-06
188.75,-6.1149e-06
188.8,-5.2517e-06
188.85,-4.2356e-06
188.9,-3.0964e-06
188.95,-1.8671e-06
189,-5.8386e-07
189.05,7.1606e-07
189.1,1.9947e-06
189.15,3.2148e-06
189.2,4.3408e-06
189.25,5.3399e-06
189.3,6.1831e-06
189.35,6.8457e-06
189.4,7.3085e-06
189.45,7.5582e-06
189.5,7.5874e-06
189.55,7.3954e-06
189.6,6.988e-06
189.65,6.3769e-06
189.7,5.5802e-06
189.75,4.621e-06
189.8,3.5275e-06
189.85,2.3314e-06
189.9,1.0678e-06
189.95,-2.2661e-07
190,-1.514e-06
190.05,-2.7569e-06
190.1,-3.919e-06
190.15,-4.9666e-06
190.2,-5.8692e-06
190.25,-6.6004e-06
190.3,-7.1391e-06
190.35,-7.4696e-06
190.4,-7.5824e-06
190.45,-7.4741e-06
190.5,-7.1482e-06
190.55,-6.614e-06
190.6,-5.8873e-06
190.65,-4.9893e-06
190.7,-3.9462e-06
190.75,-2.7884e-06
190.8,-1.5497e-06
190.85,-2.6631e-07
190.9,1.0245e-06
190.95,2.2851e-06
191,3.4787e-06
191.05,4.5707e-06
191.1,5.5292e-06
191.15,6.3263e-06
191.2,6.9389e-06
191.25,7.3493e-06
191.3,7.5454e-06
191.35,7.5218e-06
191.4,7.279e-06
191.45,6.8244e-06
191.5,6.1711e-06
191.55,5.3383e-06
191.6,4.3503e-06
191.65,3.2358e-06
191.7,2.0275e-06
191.75,7.6052e-07
191.8,-5.2825e-07
191.85,-1.8013e-06
191.9,-3.0214e-06
191.95,-4.1533e-06
192,-5.1639e-06
192.05,-6.0238e-06
192.1,-6.7081e-06
192.15,-7.1968e-06
192.2,-7.4759e-06
192.25,-7.5373e-06
192.3,-7.3792e-06
192.35,-7.0063e-06
192.4,-6.4296e-06
192.45,-5.6659e-06
192.5,-4.7374e-06
192.55,-3.6714e-06
192.6,-2.4987e-06
192.65,-1.2537e-06
192.7,2.7406e-08
192.75,1.3074e-06
192.8,2.5489e-06
192.85,3.7159e-06
192.9,4.7744e-06
192.95,5.6936e-06
193,6.4468e-06
193.05,7.0122e-06
193.1,7.3734e-06
193.15,7.5198e-06
193.2,7.4474e-06
193.25,7.1583e-06
193.3,6.661e-06
193.35,5.97e-06
193.4,5.1055e-06
193.45,4.0926e-06
193.5,2.961e-06
193.55,1.7436e-06
193.6,4.7578e-07
193.65,-8.055e-07
193.7,-2.063e-06
193.75,-3.2601e-06
193.8,-4.3619e-06
193.85,-5.3366e-06
193.9,-6.1557e-06
193.95,-6.7955e-06
194,-7.2375e-06
194.05,-7.4687e-06
194.1,-7.4827e-06
194.15,-7.279e-06
194.2,-6.8636e-06
194.25,-6.2486e-06
194.3,-5.4521e-06
194.35,-4.4973e-06
194.4,-3.4119e-06
194.45,-2.2277e-06
194.5,-9.7894e-07
194.55,2.9789e-07
194.6,1.5657e-06
194.65,2.7876e-06
194.7,3.9281e-06
194.75,4.954e-06
194.8,5.8355e-06
194.85,6.5471e-06
194.9,7.0681e-06
194.95,7.3834e-06
195,7.484e-06
195.05,7.3669e-06
195.1,7.0356e-06
195.15,6.4998e-06
195.2,5.7753e-06
195.25,4.883e-06
195.3,3.849e-06
195.35,2.7035e-06
195.4,1.4796e-06
195.45,2.1311e-07
195.5,-1.0592e-06
195.55,-2.3004e-06
195.6,-3.4743e-06
195.65,-4.5469e-06
195.7,-5.487e-06
195.75,-6.2674e-06
195.8,-6.8653e-06
195.85,-7.2635e-06
195.9,-7.4505e-06
195.95,-7.4209e-06
196,-7.1756e-06
196.05,-6.7218e-06
196.1,-6.0727e-06
196.15,-5.2474e-06
196.2,-4.2698e-06
196.25,-3.1684e-06
196.3,-1.9753e-06
196.35,-7.2505e-07
196.4,5.4587e-07
196.45,1.8006e-06
196.5,3.0026e-06
196.55,4.117e-06
196.6,5.1114e-06
196.65,5.9571e-06
196.7,6.6294e-06
196.75,7.1089e-06
196.8,7.3817e-06
196.85,7.44e-06
196.9,7.2821e-06
196.95,6.9126e-06
197,6.3425e-06
197.05,5.5882e-06
197.1,4.6718e-06
197.15,3.62e-06
197.2,2.4633e-06
197.25,1.2354e-06
197.3,-2.8072e-08
197.35,-1.2904e-06
197.4,-2.5148e-06
197.45,-3.6658e-06
197.5,-4.71e-06
197.55,-5.6172e-06
197.6,-6.3609e-06
197.65,-6.9196e-06
197.7,-7.2772e-06
197.75,-7.4234e-06
197.8,-7.3539e-06
197.85,-7.0709e-06
197.9,-6.5826e-06
197.95,-5.9032e-06
198,-5.0527e-06
198.05,-4.0556e-06
198.1,-2.9411e-06
198.15,-1.7415e-06
198.2,-4.9162e-07
198.25,7.7214e-07
198.3,2.0131e-06
198.35,3.1953e-06
198.4,4.2843e-06
198.45,5.2487e-06
198.5,6.0604e-06
198.55,6.6959e-06
198.6,7.1368e-06
198.65,7.3704e-06
198.7,7.3899e-06
198.75,7.1949e-06
198.8,6.7911e-06
198.85,6.1903e-06
198.9,5.4099e-06
198.95,4.4727e-06
199,3.4059e-06
199.05,2.2406e-06
199.1,1.0106e-06
199.15,-2.4844e-07
199.2,-1.4999e-06
199.25,-2.7074e-06
199.3,-3.8361e-06
199.35,-4.853e-06
199.4,-5.7289e-06
199.45,-6.4382e-06
199.5,-6.9604e-06
199.55,-7.2805e-06
199.6,-7.3893e-06
199.65,-7.2835e-06
199.7,-6.9664e-06
199.75,-6.4473e-06
199.8,-5.7412e-06
199.85,-4.8687e-06
199.9,-3.8552e-06
199.95,-2.73e-06
200,-1.526e-06
200.05,-2.781e-07
200.1,9.7756e-07
200.15,2.2045e-06
200.2,3.3671e-06
200.25,4.4317e-06
200.3,5.3675e-06
200.35,6.1472e-06
200.4,6.7484e-06
200.45,7.1536e-06
200.5,7.3512e-06
200.55,7.3355e-06
200.6,7.107e-06
200.65,6.6723e-06
200.7,6.0443e-06
200.75,5.2411e-06
200.8,4.2861e-06
200.85,3.207e-06
200.9,2.0352e-06
200.95,8.0474e-07
201,-4.4874e-07
201.05,-1.6888e-06
201.1,-2.8796e-06
201.15,-3.9866e-06
201.2,-4.9775e-06
201.25,-5.8239e-06
201.3,-6.5011e-06
201.35,-6.9896e-06
201.4,-7.2753e-06
201.45,-7.3498e-06
201.5,-7.2113e-06
201.55,-6.8636e-06
201.6,-6.317e-06
201.65,-5.5874e-06
201.7,-4.696e-06
201.75,-3.6687e-06
201.8,-2.5353e-06
201.85,-1.3287e-06
201.9,-8.385e-08
201.95,1.163e-06
202,2.3758e-06
202.05,3.5194e-06
202.1,4.5607e-06
202.15,5.4694e-06
202.2,6.2193e-06
202.25,6.7887e-06
202.3,7.1611e-06
202.35,7.3258e-06
202.4,7.2781e-06
202.45,7.0195e-06
202.5,6.5574e-06
202.55,5.9054e-06
202.6,5.0824e-06
202.65,4.1123e-06
202.7,3.0233e-06
202.75,1.8469e-06
202.8,6.1737e-07
202.85,-6.2974e-07
202.9,-1.8582e-06
202.95,-3.0326e-06
203,-4.1186e-06
203.05,-5.0851e-06
203.1,-5.9038e-06
203.15,-6.5513e-06
203.2,-7.0087e-06
203.25,-7.2629e-06
203.3,-7.3066e-06
203.35,-7.1384e-06
203.4,-6.7635e-06
203.45,-6.1927e-06
203.5,-5.4427e-06
203.55,-4.5351e-06
203.6,-3.4964e-06
203.65,-2.3566e-06
203.7,-1.1489e-06
203.75,9.1787e-08
203.8,1.3295e-06
203.85,2.5283e-06
203.9,3.6535e-06
203.95,4.6725e-06
204,5.5559e-06
204.05,6.2782e-06
204.1,6.8183e-06
204.15,7.1607e-06
204.2,7.2957e-06
204.25,7.2192e-06
204.3,6.9336e-06
204.35,6.4473e-06
204.4,5.7743e-06
204.45,4.9343e-06
204.5,3.9516e-06
204.55,2.8547e-06
204.6,1.6754e-06
204.65,4.4789e-07
204.7,-7.9224e-07
204.75,-2.0091e-06
