0,-2.0713e-05
0.05,-1.2485e-05
0.1,-1.5651e-06
0.15,9.6802e-06
0.2,1.8821e-05
0.25,2.3887e-05
0.3,2.3792e-05
0.35,1.8565e-05
0.4,9.343e-06
0.45,-1.8809e-06
0.5,-1.2686e-05
0.55,-2.0749e-05
0.6,-2.4339e-05
0.65,-2.2694e-05
0.7,-1.6177e-05
0.75,-6.1943e-06
0.8,5.1044e-06
0.85,1.5294e-05
0.9,2.2194e-05
0.95,2.4332e-05
1,2.126e-05
1.05,1.3644e-05
1.1,3.1211e-06
1.15,-8.0547e-06
1.2,-1.7496e-05
1.25,-2.3192e-05
1.3,-2.3934e-05
1.35,-1.9575e-05
1.4,-1.1053e-05
1.45,-1.8934e-07
1.5,1.07e-05
1.55,1.9299e-05
1.6,2.3787e-05
1.65,2.3218e-05
1.7,1.7723e-05
1.75,8.4781e-06
1.8,-2.5508e-06
1.85,-1.3024e-05
1.9,-2.0726e-05
1.95,-2.4033e-05
2,-2.2255e-05
2.05,-1.5779e-05
2.1,-5.981e-06
2.15,5.0642e-06
2.2,1.5025e-05
2.25,2.1806e-05
2.3,2.3985e-05
2.35,2.1114e-05
2.4,1.3808e-05
2.45,3.6106e-06
2.5,-7.3293e-06
2.55,-1.6714e-05
2.6,-2.2579e-05
2.65,-2.3703e-05
2.7,-1.9861e-05
2.75,-1.1867e-05
2.8,-1.4042e-06
2.85,9.3357e-06
2.9,1.8108e-05
2.95,2.3087e-05
3,2.3242e-05
3.05,1.8551e-05
3.1,1.0004e-05
3.15,-6.1173e-07
3.2,-1.1083e-05
3.25,-1.9233e-05
3.3,-2.3373e-05
3.35,-2.2655e-05
3.4,-1.7238e-05
3.45,-8.2568e-06
3.5,2.4197e-06
3.55,1.2577e-05
3.6,2.0115e-05
3.65,2.3482e-05
3.7,2.1992e-05
3.75,1.5965e-05
3.8,6.6549e-06
3.85,-4.0101e-06
3.9,-1.383e-05
3.95,-2.0786e-05
4,-2.3453e-05
4.05,-2.1295e-05
4.1,-1.4768e-05
4.15,-5.2208e-06
4.2,5.3792e-06
4.25,1.4857e-05
4.3,2.1275e-05
4.35,2.3327e-05
4.4,2.0605e-05
4.45,1.3677e-05
4.5,3.9707e-06
4.55,-6.5275e-06
4.6,-1.5675e-05
4.65,-2.1611e-05
4.7,-2.3136e-05
4.75,-1.9952e-05
4.8,-1.2718e-05
4.85,-2.9158e-06
4.9,7.4588e-06
4.95,1.63e-05
5,2.182e-05
5.05,2.2911e-05
5.1,1.9363e-05
5.15,1.1909e-05
5.2,2.0631e-06
5.25,-8.1784e-06
5.3,-1.6749e-05
5.35,-2.1926e-05
5.4,-2.2676e-05
5.45,-1.8861e-05
5.5,-1.1263e-05
5.55,-1.417e-06
5.6,8.6918e-06
5.65,1.7035e-05
5.7,2.1946e-05
5.75,2.2451e-05
5.8,1.8462e-05
5.85,1.079e-05
5.9,9.7963e-07
5.95,-9.0045e-06
6,-1.717e-05
6.05,-2.1895e-05
6.1,-2.2249e-05
6.15,-1.8175e-05
6.2,-1.0497e-05
6.25,-7.5189e-07
6.3,9.1203e-06
6.35,1.7161e-05
6.4,2.1782e-05
6.45,2.2079e-05
6.5,1.8008e-05
6.55,1.0388e-05
6.6,7.3378e-07
6.65,-9.0417e-06
6.7,-1.7011e-05
6.75,-2.161e-05
6.8,-2.1944e-05
6.85,-1.7962e-05
6.9,-1.0461e-05
6.95,-9.247e-07
7,8.769e-06
7.05,1.672e-05
7.1,2.1377e-05
7.15,2.184e-05
7.2,1.8033e-05
7.25,1.0714e-05
7.3,1.3234e-06
7.35,-8.3006e-06
7.4,-1.6283e-05
7.45,-2.1075e-05
7.5,-2.1757e-05
7.55,-1.8211e-05
7.6,-1.114e-05
7.65,-1.9279e-06
7.7,7.6331e-06
7.75,1.5691e-05
7.8,2.0692e-05
7.85,2.1682e-05
7.9,1.8483e-05
7.95,1.1729e-05
8,2.7343e-06
8.05,-6.762e-06
8.1,-1.4931e-05
8.15,-2.0208e-05
8.2,-2.1591e-05
8.25,-1.8829e-05
8.3,-1.2467e-05
8.35,-3.7368e-06
8.4,5.6825e-06
8.45,1.3988e-05
8.5,1.96e-05
8.55,2.1457e-05
8.6,1.922e-05
8.65,1.3331e-05
8.7,4.9255e-06
8.75,-4.3908e-06
8.8,-1.2845e-05
8.85,-1.8839e-05
8.9,-2.1245e-05
8.95,-1.9623e-05
9,-1.4296e-05
9.05,-6.2856e-06
9.1,2.8858e-06
9.15,1.1484e-05
9.2,1.7893e-05
9.25,2.0915e-05
9.3,1.9996e-05
9.35,1.5325e-05
9.4,7.7954e-06
9.45,-1.1709e-06
9.5,-9.8886e-06
9.55,-1.6728e-05
9.6,-2.042e-05
9.65,-2.0289e-05
9.7,-1.6375e-05
9.75,-9.424e-06
9.8,-7.4328e-07
9.85,8.0461e-06
9.9,1.5311e-05
9.95,1.9712e-05
10,2.0444e-05
10.05,1.7389e-05
10.1,1.113e-05
10.15,2.8361e-06
10.2,-5.9516e-06
10.25,-1.3611e-05
10.3,-1.8737e-05
10.35,-2.0398e-05
10.4,-1.8304e-05
10.45,-1.2858e-05
10.5,-5.0743e-06
10.55,3.6105e-06
10.6,1.1603e-05
10.65,1.7445e-05
10.7,2.008e-05
10.75,1.9043e-05
10.8,1.454e-05
10.85,7.4084e-06
10.9,-1.043e-06
10.95,-9.2727e-06
11,-1.5789e-05
11.05,-1.9419e-05
11.1,-1.952e-05
11.15,-1.6092e-05
11.2,-9.7707e-06
11.25,-1.712e-06
11.3,6.6233e-06
11.35,1.3733e-05
11.4,1.8345e-05
11.45,1.9644e-05
11.5,1.7414e-05
11.55,1.2073e-05
11.6,4.5924e-06
11.65,-3.6782e-06
11.7,-1.1258e-05
11.75,-1.6798e-05
11.8,-1.9322e-05
11.85,-1.8397e-05
11.9,-1.4205e-05
11.95,-7.5099e-06
12,4.8888e-07
12.05,8.3667e-06
12.1,1.473e-05
12.15,1.8463e-05
12.2,1.892e-05
12.25,1.604e-05
12.3,1.0348e-05
12.35,2.8608e-06
12.4,-5.0954e-06
12.45,-1.2122e-05
12.5,-1.6992e-05
12.55,-1.8866e-05
12.6,-1.7432e-05
12.65,-1.2961e-05
12.7,-6.2502e-06
12.75,1.5185e-06
12.8,8.9868e-06
12.85,1.4858e-05
12.9,1.8123e-05
12.95,1.8231e-05
13,1.5182e-05
13.05,9.5214e-06
13.1,2.244e-06
13.15,-5.3853e-06
13.2,-1.205e-05
13.25,-1.6608e-05
13.3,-1.829e-05
13.35,-1.6824e-05
13.4,-1.2481e-05
13.45,-6.0234e-06
13.5,1.4318e-06
13.55,8.6048e-06
13.6,1.4274e-05
13.65,1.7482e-05
13.7,1.77e-05
13.75,1.491e-05
13.8,9.6038e-06
13.85,2.6981e-06
13.9,-4.628e-06
13.95,-1.1133e-05
14,-1.5724e-05
14.05,-1.764e-05
14.1,-1.6576e-05
14.15,-1.273e-05
14.2,-6.7674e-06
14.25,2.9746e-07
14.3,7.2737e-06
14.35,1.2995e-05
14.4,1.6514e-05
14.45,1.7258e-05
14.5,1.5124e-05
14.55,1.0485e-05
14.6,4.1309e-06
14.65,-2.8723e-06
14.7,-9.3594e-06
14.75,-1.426e-05
14.8,-1.6777e-05
14.85,-1.651e-05
14.9,-1.3524e-05
14.95,-8.3302e-06
15,-1.7984e-06
15.05,4.9895e-06
15.1,1.0919e-05
15.15,1.5026e-05
15.2,1.6652e-05
15.25,1.5551e-05
15.3,1.1922e-05
15.35,6.3759e-06
15.4,-1.722e-07
15.45,-6.6514e-06
15.5,-1.2012e-05
15.55,-1.5395e-05
15.6,-1.6269e-05
15.65,-1.4512e-05
15.7,-1.0428e-05
15.75,-4.6932e-06
15.8,1.7588e-06
15.85,7.8865e-06
15.9,1.271e-05
15.95,1.5469e-05
16,1.5739e-05
16.05,1.3496e-05
16.1,9.1193e-06
16.15,3.3217e-06
16.2,-2.9639e-06
16.25,-8.7365e-06
16.3,-1.3086e-05
16.35,-1.5337e-05
16.4,-1.5151e-05
16.45,-1.2578e-05
16.5,-8.0437e-06
16.55,-2.2775e-06
16.6,3.805e-06
16.65,9.2477e-06
16.7,1.3204e-05
16.75,1.507e-05
16.8,1.4571e-05
16.85,1.1807e-05
16.9,7.2278e-06
16.95,1.5602e-06
17,-4.307e-06
17.05,-9.4633e-06
17.1,-1.3118e-05
17.15,-1.4721e-05
17.2,-1.4044e-05
17.25,-1.1212e-05
17.3,-6.6802e-06
17.35,-1.1591e-06
17.4,4.4961e-06
17.45,9.4195e-06
17.5,1.2866e-05
17.55,1.4325e-05
17.6,1.3593e-05
17.65,1.0802e-05
17.7,6.3961e-06
17.75,1.0576e-06
17.8,-4.3969e-06
17.85,-9.1426e-06
17.9,-1.2471e-05
17.95,-1.3896e-05
18,-1.3222e-05
18.05,-1.0571e-05
18.1,-6.3601e-06
18.15,-1.235e-06
18.2,4.0301e-06
18.25,8.649e-06
18.3,1.1941e-05
18.35,1.3432e-05
18.4,1.2918e-05
18.45,1.0497e-05
18.5,6.5472e-06
18.55,1.6675e-06
18.6,-3.4134e-06
18.65,-7.946e-06
18.7,-1.1271e-05
18.75,-1.2914e-05
18.8,-1.2653e-05
18.85,-1.0547e-05
18.9,-6.9234e-06
18.95,-2.3271e-06
19,2.5632e-06
19.05,7.0347e-06
19.1,1.0445e-05
19.15,1.2312e-05
19.2,1.2384e-05
19.25,1.0673e-05
19.3,7.444e-06
19.35,3.1791e-06
19.4,-1.4982e-06
19.45,-5.9138e-06
19.5,-9.44e-06
19.55,-1.1585e-05
19.6,-1.2059e-05
19.65,-1.0816e-05
19.7,-8.0523e-06
19.75,-4.1787e-06
19.8,2.4394e-07
19.85,4.5848e-06
19.9,8.2335e-06
19.95,1.0686e-05
20,1.1613e-05
20.05,1.0903e-05
20.1,8.6783e-06
20.15,5.2675e-06
20.2,1.1617e-06
20.25,-3.0591e-06
20.3,-6.8074e-06
20.35,-9.5699e-06
20.4,-1.0978e-05
20.45,-1.0854e-05
20.5,-9.2376e-06
20.55,-6.3701e-06
20.6,-2.6628e-06
20.65,1.3648e-06
20.7,5.1572e-06
20.75,8.1998e-06
20.8,1.0088e-05
20.85,1.0582e-05
20.9,9.6338e-06
20.95,7.3928e-06
21,4.1808e-06
21.05,4.4559e-07
21.1,-3.3018e-06
21.15,-6.557e-06
21.2,-8.8902e-06
21.25,-1.0002e-05
21.3,-9.7632e-06
21.35,-8.225e-06
21.4,-5.6125e-06
21.45,-2.2895e-06
21.5,1.2918e-06
21.55,4.6529e-06
21.6,7.3528e-06
21.65,9.0456e-06
21.7,9.5243e-06
21.75,8.7454e-06
21.8,6.8314e-06
21.85,4.0513e-06
21.9,7.8261e-07
21.95,-2.5401e-06
22,-5.4834e-06
22.05,-7.6712e-06
22.1,-8.8326e-06
22.15,-8.8345e-06
22.2,-7.6967e-06
22.25,-5.5854e-06
22.3,-2.7892e-06
22.35,3.2081e-07
22.4,3.3406e-06
22.45,5.8856e-06
22.5,7.6395e-06
22.55,8.3931e-06
22.6,8.069e-06
22.65,6.728e-06
22.7,4.5587e-06
22.75,1.8508e-06
22.8,-1.0443e-06
22.85,-3.7585e-06
22.9,-5.9545e-06
22.95,-7.3671e-06
23,-7.8348e-06
23.05,-7.318e-06
23.1,-5.9004e-06
23.15,-3.7762e-06
23.2,-1.2234e-06
23.25,1.4335e-06
23.3,3.864e-06
23.35,5.7733e-06
23.4,6.9372e-06
23.45,7.2288e-06
23.5,6.6307e-06
23.55,5.2354e-06
23.6,3.2302e-06
23.65,8.7275e-07
23.7,-1.5428e-06
23.75,-3.7223e-06
23.8,-5.4074e-06
23.85,-6.4059e-06
23.9,-6.6134e-06
23.95,-6.0233e-06
24,-4.725e-06
24.05,-2.8909e-06
24.1,-7.5279e-07
24.15,1.4271e-06
24.2,3.3884e-06
24.25,4.9038e-06
24.3,5.8049e-06
24.35,6.0009e-06
24.4,5.4865e-06
24.45,4.3407e-06
24.5,2.7146e-06
24.55,8.1126e-07
24.6,-1.1393e-06
24.65,-2.9082e-06
24.7,-4.2945e-06
24.75,-5.1479e-06
24.8,-5.3843e-06
24.85,-4.9939e-06
24.9,-4.0397e-06
24.95,-2.6481e-06
25,-9.9183e-07
25.05,7.3133e-07
25.1,2.3222e-06
25.15,3.6032e-06
25.2,4.4381e-06
25.25,4.746e-06
25.3,4.5087e-06
25.35,3.7709e-06
25.4,2.6321e-06
25.45,1.2341e-06
25.5,-2.5712e-07
25.55,-1.6712e-06
25.6,-2.8524e-06
25.65,-3.677e-06
25.7,-4.066e-06
25.75,-3.9918e-06
25.8,-3.48e-06
25.85,-2.6036e-06
25.9,-1.4735e-06
25.95,-2.2422e-07
26,1.0021e-06
26.05,2.0716e-06
26.1,2.8736e-06
26.15,3.3315e-06
26.2,3.41e-06
26.25,3.1169e-06
26.3,2.5006e-06
26.35,1.6425e-06
26.4,6.4663e-07
26.45,-3.729e-07
26.5,-1.305e-06
26.55,-2.0535e-06
26.6,-2.5473e-06
26.65,-2.7463e-06
26.7,-2.6447e-06
26.75,-2.2696e-06
26.8,-1.6759e-06
26.85,-9.3924e-07
26.9,-1.4637e-07
26.95,6.1513e-07
27,1.2663e-06
27.05,1.745e-06
27.1,2.0116e-06
27.15,2.052e-06
27.2,1.8773e-06
27.25,1.5212e-06
27.3,1.0346e-06
27.35,4.7877e-07
27.4,-8.2072e-08
27.45,-5.881e-07
27.5,-9.9022e-07
27.55,-1.2547e-06
27.6,-1.3659e-06
27.65,-1.3264e-06
27.7,-1.1552e-06
27.75,-8.8435e-07
27.8,-5.5409e-07
27.85,-2.0731e-07
27.9,1.1563e-07
27.95,3.815e-07
28,5.6757e-07
28.05,6.634e-07
28.1,6.7102e-07
28.15,6.0341e-07
28.2,4.8186e-07
28.25,3.3227e-07
28.3,1.8123e-07
28.35,5.2233e-08
28.4,-3.75e-08
28.45,-7.9085e-08
28.5,-7.2802e-08
28.55,-2.7572e-08
28.6,4.0794e-08
28.65,1.123e-07
28.7,1.6604e-07
28.75,1.8361e-07
28.8,1.5213e-07
28.85,6.6584e-08
28.9,-6.9028e-08
28.95,-2.4168e-07
29,-4.3066e-07
29.05,-6.0998e-07
29.1,-7.5171e-07
29.15,-8.2965e-07
29.2,-8.2305e-07
29.25,-7.1981e-07
29.3,-5.1881e-07
29.35,-2.3098e-07
29.4,1.2107e-07
29.45,5.0482e-07
29.5,8.8087e-07
29.55,1.2071e-06
29.6,1.4431e-06
29.65,1.555e-06
29.7,1.5199e-06
29.75,1.3285e-06
29.8,9.8773e-07
29.85,5.2059e-07
29.9,-3.5132e-08
29.95,-6.3e-07
30,-1.2074e-06
30.05,-1.7088e-06
30.1,-2.0799e-06
30.15,-2.2763e-06
30.2,-2.2681e-06
30.25,-2.0442e-06
30.3,-1.6138e-06
30.35,-1.0066e-06
30.4,-2.7107e-07
30.45,5.2988e-07
30.5,1.3241e-06
30.55,2.0367e-06
30.6,2.5974e-06
30.65,2.9471e-06
30.7,3.0438e-06
30.75,2.8676e-06
30.8,2.423e-06
30.85,1.7395e-06
30.9,8.6976e-07
30.95,-1.1482e-07
31,-1.1297e-06
31.05,-2.0846e-06
31.1,-2.8917e-06
31.15,-3.4735e-06
31.2,-3.7704e-06
31.25,-3.7461e-06
31.3,-3.392e-06
31.35,-2.7284e-06
31.4,-1.8037e-06
31.45,-6.9048e-07
31.5,5.1989e-07
31.55,1.7251e-06
31.6,2.8206e-06
31.65,3.7085e-06
31.7,4.3064e-06
31.75,4.5548e-06
31.8,4.423e-06
31.85,3.9118e-06
31.9,3.0547e-06
31.95,1.9154e-06
32,5.8295e-07
32.05,-8.3526e-07
32.1,-2.2222e-06
32.15,-3.461e-06
32.2,-4.4447e-06
32.25,-5.0854e-06
32.3,-5.3222e-06
32.35,-5.1263e-06
32.4,-4.5042e-06
32.45,-3.4978e-06
32.5,-2.1813e-06
32.55,-6.5587e-07
32.6,9.5856e-07
32.65,2.5326e-06
32.7,3.9379e-06
32.75,5.0575e-06
32.8,5.7957e-06
32.85,6.0858e-06
32.9,5.8961e-06
32.95,5.2328e-06
33,4.14e-06
33.05,2.6967e-06
33.1,1.011e-06
33.15,-7.8832e-07
33.2,-2.5616e-06
33.25,-4.1692e-06
33.3,-5.4825e-06
33.35,-6.3941e-06
33.4,-6.8265e-06
33.45,-6.7385e-06
33.5,-6.1285e-06
33.55,-5.0354e-06
33.6,-3.536e-06
33.65,-1.7391e-06
33.7,2.2225e-07
33.75,2.2009e-06
33.8,4.0466e-06
33.85,5.6173e-06
33.9,6.7903e-06
33.95,7.4716e-06
34,7.6031e-06
34.05,7.1673e-06
34.1,6.1894e-06
34.15,4.735e-06
34.2,2.906e-06
34.25,8.3335e-07
34.3,-1.3328e-06
34.35,-3.4339e-06
34.4,-5.3144e-06
34.45,-6.8339e-06
34.5,-7.8767e-06
34.55,-8.361e-06
34.6,-8.2451e-06
34.65,-7.5303e-06
34.7,-6.2615e-06
34.75,-4.5239e-06
34.8,-2.4371e-06
34.85,-1.4711e-07
34.9,2.1846e-06
34.95,4.392e-06
35,6.3169e-06
35.05,7.8197e-06
35.1,8.7896e-06
35.15,9.1527e-06
35.2,8.8775e-06
35.25,7.9766e-06
35.3,6.507e-06
35.35,4.5657e-06
35.4,2.2832e-06
35.45,-1.8552e-07
35.5,-2.6713e-06
35.55,-5.0027e-06
35.6,-7.0179e-06
35.65,-8.5758e-06
35.7,-9.5656e-06
35.75,-9.9148e-06
35.8,-9.5939e-06
35.85,-8.619e-06
35.9,-7.0503e-06
35.95,-4.9889e-06
36,-2.5692e-06
36.05,4.911e-08
36.1,2.6925e-06
36.15,5.1847e-06
36.2,7.3586e-06
36.25,9.0674e-06
36.3,1.0194e-05
36.35,1.066e-05
36.4,1.043e-05
36.45,9.5129e-06
36.5,7.9644e-06
36.55,5.8807e-06
36.6,3.3938e-06
36.65,6.6224e-07
36.7,-2.1388e-06
36.75,-4.8287e-06
36.8,-7.2337e-06
36.85,-9.1972e-06
36.9,-1.059e-05
36.95,-1.1321e-05
37,-1.1337e-05
37.05,-1.0634e-05
37.1,-9.2509e-06
37.15,-7.2715e-06
37.2,-4.8166e-06
37.25,-2.0374e-06
37.3,8.9375e-07
37.35,3.7946e-06
37.4,6.4842e-06
37.45,8.794e-06
37.5,1.0579e-05
37.55,1.1725e-05
37.6,1.2158e-05
37.65,1.1848e-05
37.7,1.081e-05
37.75,9.1021e-06
37.8,6.826e-06
37.85,4.1168e-06
37.9,1.1365e-06
37.95,-1.936e-06
38,-4.9159e-06
38.05,-7.6232e-06
38.1,-9.8944e-06
38.15,-1.1591e-05
38.2,-1.261e-05
38.25,-1.2886e-05
38.3,-1.24e-05
38.35,-1.1177e-05
38.4,-9.2851e-06
38.45,-6.8337e-06
38.5,-3.9636e-06
38.55,-8.4104e-07
38.6,2.3528e-06
38.65,5.4321e-06
38.7,8.2177e-06
38.75,1.0547e-05
38.8,1.2283e-05
38.85,1.3324e-05
38.9,1.3607e-05
38.95,1.3113e-05
39,1.1866e-05
39.05,9.9354e-06
39.1,7.4276e-06
39.15,4.4828e-06
39.2,1.2656e-06
39.25,-2.0435e-06
39.3,-5.2587e-06
39.35,-8.1995e-06
39.4,-1.07e-05
39.45,-1.262e-05
39.5,-1.385e-05
39.55,-1.432e-05
39.6,-1.4e-05
39.65,-1.2907e-05
39.7,-1.1097e-05
39.75,-8.667e-06
39.8,-5.7489e-06
39.85,-2.5001e-06
39.9,9.0352e-07
39.95,4.2777e-06
40,7.4395e-06
40.05,1.0218e-05
40.1,1.2461e-05
40.15,1.4048e-05
40.2,1.4891e-05
40.25,1.4943e-05
40.3,1.42e-05
40.35,1.2698e-05
40.4,1.0515e-05
40.45,7.7647e-06
40.5,4.5906e-06
40.55,1.1585e-06
40.6,-2.3521e-06
40.65,-5.7578e-06
40.7,-8.8806e-06
40.75,-1.1557e-05
40.8,-1.3648e-05
40.85,-1.5043e-05
40.9,-1.5668e-05
40.95,-1.549e-05
41,-1.4516e-05
41.05,-1.2794e-05
41.1,-1.041e-05
41.15,-7.4845e-06
41.2,-4.165e-06
41.25,-6.1882e-07
41.3,2.9752e-06
41.35,6.4358e-06
41.4,9.5889e-06
41.45,1.2276e-05
41.5,1.436e-05
41.55,1.5738e-05
41.6,1.634e-05
41.65,1.6133e-05
41.7,1.5127e-05
41.75,1.3369e-05
41.8,1.0946e-05
41.85,7.9753e-06
41.9,4.6011e-06
41.95,9.879e-07
42,-2.6886e-06
42.05,-6.2497e-06
42.1,-9.5227e-06
42.15,-1.2349e-05
42.2,-1.4591e-05
42.25,-1.614e-05
42.3,-1.6921e-05
42.35,-1.6896e-05
42.4,-1.6064e-05
42.45,-1.4465e-05
42.5,-1.2172e-05
42.55,-9.2941e-06
42.6,-5.9662e-06
42.65,-2.3445e-06
42.7,1.401e-06
42.75,5.0948e-06
42.8,8.5641e-06
42.85,1.1647e-05
42.9,1.4199e-05
42.95,1.6102e-05
43,1.7266e-05
43.05,1.7638e-05
43.1,1.7199e-05
43.15,1.5968e-05
43.2,1.4002e-05
43.25,1.1389e-05
43.3,8.2484e-06
43.35,4.7218e-06
43.4,9.6925e-07
43.45,-2.8398e-06
43.5,-6.5334e-06
43.55,-9.9452e-06
43.6,-1.2922e-05
43.65,-1.5329e-05
43.7,-1.706e-05
43.75,-1.8037e-05
43.8,-1.8215e-05
43.85,-1.7586e-05
43.9,-1.6178e-05
43.95,-1.4052e-05
44,-1.1301e-05
44.05,-8.0455e-06
44.1,-4.4283e-06
44.15,-6.068e-07
44.2,3.2525e-06
44.25,6.982e-06
44.3,1.042e-05
44.35,1.3417e-05
44.4,1.5845e-05
44.45,1.7598e-05
44.5,1.8601e-05
44.55,1.881e-05
44.6,1.8217e-05
44.65,1.6847e-05
44.7,1.4757e-05
44.75,1.2036e-05
44.8,8.7984e-06
44.85,5.1813e-06
44.9,1.3366e-06
44.95,-2.5745e-06
45,-6.388e-06
45.05,-9.9448e-06
45.1,-1.3097e-05
45.15,-1.5712e-05
45.2,-1.7683e-05
45.25,-1.8928e-05
45.3,-1.9395e-05
45.35,-1.9065e-05
45.4,-1.7952e-05
45.45,-1.6101e-05
45.5,-1.3587e-05
45.55,-1.0514e-05
45.6,-7.0065e-06
45.65,-3.2062e-06
45.7,7.3281e-07
45.75,4.6514e-06
45.8,8.3918e-06
45.85,1.1804e-05
45.9,1.4751e-05
45.95,1.7114e-05
46,1.8801e-05
46.05,1.9744e-05
46.1,1.9905e-05
46.15,1.9279e-05
46.2,1.7889e-05
46.25,1.5792e-05
46.3,1.307e-05
46.35,9.8296e-06
46.4,6.1978e-06
46.45,2.3166e-06
46.5,-1.6628e-06
46.55,-5.5858e-06
46.6,-9.3003e-06
46.65,-1.2663e-05
46.7,-1.5544e-05
46.75,-1.7832e-05
46.8,-1.9441e-05
46.85,-2.0308e-05
46.9,-2.0401e-05
46.95,-1.9717e-05
47,-1.8281e-05
47.05,-1.615e-05
47.1,-1.3403e-05
47.15,-1.0145e-05
47.2,-6.4993e-06
47.25,-2.6025e-06
47.3,1.399e-06
47.35,5.3552e-06
47.4,9.1186e-06
47.45,1.2549e-05
47.5,1.5519e-05
47.55,1.792e-05
47.6,1.9661e-05
47.65,2.0681e-05
47.7,2.0941e-05
47.75,2.0432e-05
47.8,1.9174e-05
47.85,1.7213e-05
47.9,1.4622e-05
47.95,1.1494e-05
48,7.9435e-06
48.05,4.1e-06
48.1,1.0241e-07
48.15,-3.9051e-06
48.2,-7.7783e-06
48.25,-1.1378e-05
48.3,-1.4576e-05
48.35,-1.7258e-05
48.4,-1.9329e-05
48.45,-2.0715e-05
48.5,-2.1369e-05
48.55,-2.1266e-05
48.6,-2.0412e-05
48.65,-1.8838e-05
48.7,-1.6599e-05
48.75,-1.3774e-05
48.8,-1.0464e-05
48.85,-6.783e-06
48.9,-2.8609e-06
48.95,1.166e-06
49,5.1577e-06
49.05,8.9761e-06
49.1,1.2489e-05
49.15,1.5577e-05
49.2,1.8132e-05
49.25,2.0069e-05
49.3,2.1321e-05
49.35,2.1846e-05
49.4,2.1627e-05
49.45,2.0672e-05
49.5,1.9014e-05
49.55,1.6711e-05
49.6,1.384e-05
49.65,1.0499e-05
49.7,6.8013e-06
49.75,2.8709e-06
49.8,-1.1602e-06
49.85,-5.1571e-06
49.9,-8.9864e-06
49.95,-1.2521e-05
50,-1.5643e-05
50.05,-1.8251e-05
50.1,-2.0258e-05
50.15,-2.1599e-05
50.2,-2.223e-05
50.25,-2.2131e-05
50.3,-2.1307e-05
50.35,-1.9785e-05
50.4,-1.7616e-05
50.45,-1.4871e-05
50.5,-1.164e-05
50.55,-8.0285e-06
50.6,-4.1535e-06
50.65,-1.4079e-07
50.7,3.8803e-06
50.75,7.7803e-06
50.8,1.1434e-05
50.85,1.4725e-05
50.9,1.7549e-05
50.95,1.9816e-05
51,2.1454e-05
51.05,2.2412e-05
51.1,2.2661e-05
51.15,2.2194e-05
51.2,2.1026e-05
51.25,1.9195e-05
51.3,1.6759e-05
51.35,1.3796e-05
51.4,1.0399e-05
51.45,6.6745e-06
51.5,2.739e-06
51.55,-1.2846e-06
51.6,-5.2715e-06
51.65,-9.0981e-06
51.7,-1.2646e-05
51.75,-1.5807e-05
51.8,-1.8484e-05
51.85,-2.0595e-05
51.9,-2.2076e-05
51.95,-2.2883e-05
52,-2.2992e-05
52.05,-2.24e-05
52.1,-2.1128e-05
52.15,-1.9213e-05
52.2,-1.6715e-05
52.25,-1.371e-05
52.3,-1.029e-05
52.35,-6.5586e-06
52.4,-2.6274e-06
52.45,1.3849e-06
52.5,5.3583e-06
52.55,9.1741e-06
52.6,1.2719e-05
52.65,1.5887e-05
52.7,1.8586e-05
52.75,2.0736e-05
52.8,2.2275e-05
52.85,2.3157e-05
52.9,2.3357e-05
52.95,2.2872e-05
53,2.1715e-05
53.05,1.9923e-05
53.1,1.7547e-05
53.15,1.4659e-05
53.2,1.1343e-05
53.25,7.6956e-06
53.3,3.8236e-06
53.35,-1.6085e-07
53.4,-4.1425e-06
53.45,-8.0067e-06
53.5,-1.1642e-05
53.55,-1.4946e-05
53.6,-1.7822e-05
53.65,-2.019e-05
53.7,-2.1984e-05
53.75,-2.3151e-05
53.8,-2.3662e-05
53.85,-2.3501e-05
53.9,-2.2675e-05
53.95,-2.1207e-05
54,-1.9141e-05
54.05,-1.6535e-05
54.1,-1.3464e-05
54.15,-1.0014e-05
54.2,-6.282e-06
54.25,-2.3735e-06
54.3,1.6026e-06
54.35,5.5354e-06
54.4,9.3157e-06
54.45,1.2839e-05
54.5,1.6008e-05
54.55,1.8736e-05
54.6,2.0948e-05
54.65,2.2584e-05
54.7,2.36e-05
54.75,2.397e-05
54.8,2.3683e-05
54.85,2.275e-05
54.9,2.1196e-05
54.95,1.9065e-05
55,1.6415e-05
55.05,1.332e-05
55.1,9.8628e-06
55.15,6.1388e-06
55.2,2.2484e-06
55.25,-1.7034e-06
55.3,-5.6103e-06
55.35,-9.3676e-06
55.4,-1.2875e-05
55.45,-1.6039e-05
55.5,-1.8776e-05
55.55,-2.1013e-05
55.6,-2.2693e-05
55.65,-2.3771e-05
55.7,-2.4219e-05
55.75,-2.4028e-05
55.8,-2.3203e-05
55.85,-2.1766e-05
55.9,-1.9757e-05
55.95,-1.7229e-05
56,-1.425e-05
56.05,-1.0897e-05
56.1,-7.2597e-06
56.15,-3.4327e-06
56.2,4.8404e-07
56.25,4.3887e-06
56.3,8.18e-06
56.35,1.176e-05
56.4,1.5037e-05
56.45,1.7926e-05
56.5,2.0355e-05
56.55,2.226e-05
56.6,2.3595e-05
56.65,2.4326e-05
56.7,2.4436e-05
56.75,2.3922e-05
56.8,2.2799e-05
56.85,2.1096e-05
56.9,1.8857e-05
56.95,1.6141e-05
57,1.3017e-05
57.05,9.5634e-06
57.1,5.869e-06
57.15,2.0268e-06
57.2,-1.8664e-06
57.25,-5.7128e-06
57.3,-9.4163e-06
57.35,-1.2885e-05
57.4,-1.6031e-05
57.45,-1.8779e-05
57.5,-2.106e-05
57.55,-2.2818e-05
57.6,-2.401e-05
57.65,-2.4609e-05
57.7,-2.46e-05
57.75,-2.3985e-05
57.8,-2.2779e-05
57.85,-2.1013e-05
57.9,-1.8733e-05
57.95,-1.5993e-05
58,-1.2863e-05
58.05,-9.4188e-06
58.1,-5.7455e-06
58.15,-1.9325e-06
58.2,1.9271e-06
58.25,5.7397e-06
58.3,9.4131e-06
58.35,1.2859e-05
58.4,1.5994e-05
58.45,1.8744e-05
58.5,2.1042e-05
58.55,2.2836e-05
58.6,2.4081e-05
58.65,2.4751e-05
58.7,2.4829e-05
58.75,2.4315e-05
58.8,2.3221e-05
58.85,2.1576e-05
58.9,1.9419e-05
58.95,1.6802e-05
59,1.3788e-05
59.05,1.0448e-05
59.1,6.8628e-06
59.15,3.1162e-06
59.2,-7.0318e-07
59.25,-4.5055e-06
59.3,-8.2017e-06
59.35,-1.1705e-05
59.4,-1.4935e-05
59.45,-1.7816e-05
59.5,-2.0282e-05
59.55,-2.2275e-05
59.6,-2.3751e-05
59.65,-2.4677e-05
59.7,-2.5031e-05
59.75,-2.4807e-05
59.8,-2.401e-05
59.85,-2.2661e-05
59.9,-2.0791e-05
59.95,-1.8444e-05
60,-1.5674e-05
60.05,-1.2547e-05
60.1,-9.1327e-06
60.15,-5.5111e-06
60.2,-1.7647e-06
60.25,2.0211e-06
60.3,5.7601e-06
60.35,9.3677e-06
60.4,1.2762e-05
60.45,1.5868e-05
60.5,1.8614e-05
60.55,2.094e-05
60.6,2.2794e-05
60.65,2.4136e-05
60.7,2.4936e-05
60.75,2.5176e-05
60.8,2.4854e-05
60.85,2.3976e-05
60.9,2.2564e-05
60.95,2.0649e-05
61,1.8276e-05
61.05,1.5498e-05
61.1,1.2376e-05
61.15,8.9818e-06
61.2,5.3897e-06
61.25,1.6795e-06
61.3,-2.0666e-06
61.35,-5.7662e-06
61.4,-9.3381e-06
61.45,-1.2704e-05
61.5,-1.5791e-05
61.55,-1.8531e-05
61.6,-2.0865e-05
61.65,-2.2744e-05
61.7,-2.4127e-05
61.75,-2.4984e-05
61.8,-2.5298e-05
61.85,-2.5064e-05
61.9,-2.4287e-05
61.95,-2.2985e-05
62,-2.1186e-05
62.05,-1.8932e-05
62.1,-1.627e-05
62.15,-1.326e-05
62.2,-9.9654e-06
62.25,-6.4585e-06
62.3,-2.8144e-06
62.35,8.8862e-07
62.4,4.5715e-06
62.45,8.1556e-06
62.5,1.1565e-05
62.55,1.4727e-05
62.6,1.7576e-05
62.65,2.0051e-05
62.7,2.21e-05
62.75,2.3682e-05
62.8,2.4763e-05
62.85,2.5321e-05
62.9,2.5346e-05
62.95,2.4839e-05
63,2.381e-05
63.05,2.2282e-05
63.1,2.0288e-05
63.15,1.7871e-05
63.2,1.5081e-05
63.25,1.1978e-05
63.3,8.6272e-06
63.35,5.0978e-06
63.4,1.4639e-06
63.45,-2.1989e-06
63.5,-5.8149e-06
63.55,-9.3092e-06
63.6,-1.261e-05
63.65,-1.5649e-05
63.7,-1.8365e-05
63.75,-2.0702e-05
63.8,-2.2613e-05
63.85,-2.4059e-05
63.9,-2.5011e-05
63.95,-2.5452e-05
64,-2.5372e-05
64.05,-2.4775e-05
64.1,-2.3673e-05
64.15,-2.2089e-05
64.2,-2.0058e-05
64.25,-1.762e-05
64.3,-1.4826e-05
64.35,-1.1733e-05
64.4,-8.4035e-06
64.45,-4.9062e-06
64.5,-1.3115e-06
64.55,2.3082e-06
64.6,5.8798e-06
64.65,9.3319e-06
64.7,1.2595e-05
64.75,1.5605e-05
64.8,1.8301e-05
64.85,2.063e-05
64.9,2.2547e-05
64.95,2.4013e-05
65,2.5001e-05
65.05,2.5491e-05
65.1,2.5475e-05
65.15,2.4954e-05
65.2,2.3939e-05
65.25,2.245e-05
65.3,2.0519e-05
65.35,1.8185e-05
65.4,1.5492e-05
65.45,1.2497e-05
65.5,9.2566e-06
65.55,5.8364e-06
65.6,2.3033e-06
65.65,-1.2733e-06
65.7,-4.8233e-06
65.75,-8.2775e-06
65.8,-1.1569e-05
65.85,-1.4633e-05
65.9,-1.7411e-05
65.95,-1.9849e-05
66,-2.1901e-05
66.05,-2.3527e-05
66.1,-2.4697e-05
66.15,-2.5389e-05
66.2,-2.559e-05
66.25,-2.5298e-05
66.3,-2.4518e-05
66.35,-2.3267e-05
66.4,-2.1569e-05
66.45,-1.9457e-05
66.5,-1.6974e-05
66.55,-1.4167e-05
66.6,-1.109e-05
66.65,-7.8034e-06
66.7,-4.369e-06
66.75,-8.5311e-07
66.8,2.6773e-06
66.85,6.1551e-06
66.9,9.5143e-06
66.95,1.2691e-05
67,1.5626e-05
67.05,1.8264e-05
67.1,2.0555e-05
67.15,2.2457e-05
67.2,2.3935e-05
67.25,2.4961e-05
67.3,2.5517e-05
67.35,2.5594e-05
67.4,2.519e-05
67.45,2.4314e-05
67.5,2.2983e-05
67.55,2.1223e-05
67.6,1.9067e-05
67.65,1.6557e-05
67.7,1.374e-05
67.75,1.0668e-05
67.8,7.3996e-06
67.85,3.9954e-06
67.9,5.1885e-07
67.95,-2.9655e-06
68,-6.3931e-06
68.05,-9.7008e-06
68.1,-1.2828e-05
68.15,-1.5716e-05
68.2,-1.8313e-05
68.25,-2.0572e-05
68.3,-2.2452e-05
68.35,-2.3918e-05
68.4,-2.4945e-05
68.45,-2.5515e-05
68.5,-2.5617e-05
68.55,-2.525e-05
68.6,-2.4423e-05
68.65,-2.3151e-05
68.7,-2.1458e-05
68.75,-1.9375e-05
68.8,-1.6941e-05
68.85,-1.4201e-05
68.9,-1.1205e-05
68.95,-8.0075e-06
69,-4.6667e-06
69.05,-1.2434e-06
69.1,2.2005e-06
69.15,5.6028e-06
69.2,8.9023e-06
69.25,1.204e-05
69.3,1.4959e-05
69.35,1.7608e-05
69.4,1.9939e-05
69.45,2.1912e-05
69.5,2.3492e-05
69.55,2.4651e-05
69.6,2.5368e-05
69.65,2.5633e-05
69.7,2.544e-05
69.75,2.4795e-05
69.8,2.3709e-05
69.85,2.2202e-05
69.9,2.0303e-05
69.95,1.8044e-05
70,1.5467e-05
70.05,1.2617e-05
70.1,9.5468e-06
70.15,6.3093e-06
70.2,2.9625e-06
70.25,-4.3472e-07
70.3,-3.8223e-06
70.35,-7.1408e-06
70.4,-1.0332e-05
70.45,-1.334e-05
70.5,-1.6112e-05
70.55,-1.8601e-05
70.6,-2.0763e-05
70.65,-2.2561e-05
70.7,-2.3965e-05
70.75,-2.4949e-05
70.8,-2.5499e-05
70.85,-2.5604e-05
70.9,-2.5264e-05
70.95,-2.4486e-05
71,-2.3284e-05
71.05,-2.1678e-05
71.1,-1.9699e-05
71.15,-1.7379e-05
71.2,-1.4761e-05
71.25,-1.189e-05
71.3,-8.8154e-06
71.35,-5.5907e-06
71.4,-2.2717e-06
71.45,1.0844e-06
71.5,4.42e-06
71.55,7.6777e-06
71.6,1.0802e-05
71.65,1.3739e-05
71.7,1.644e-05
71.75,1.8858e-05
71.8,2.0953e-05
71.85,2.2689e-05
71.9,2.4038e-05
71.95,2.4977e-05
72,2.549e-05
72.05,2.557e-05
72.1,2.5217e-05
72.15,2.4435e-05
72.2,2.3241e-05
72.25,2.1654e-05
72.3,1.9702e-05
72.35,1.7418e-05
72.4,1.4842e-05
72.45,1.2017e-05
72.5,8.9914e-06
72.55,5.8165e-06
72.6,2.5457e-06
72.65,-7.6588e-07
72.7,-4.0626e-06
72.75,-7.2893e-06
72.8,-1.0392e-05
72.85,-1.3319e-05
72.9,-1.6021e-05
72.95,-1.8455e-05
73,-2.0579e-05
73.05,-2.2359e-05
73.1,-2.3766e-05
73.15,-2.4776e-05
73.2,-2.5375e-05
73.25,-2.5551e-05
73.3,-2.5304e-05
73.35,-2.4637e-05
73.4,-2.3563e-05
73.45,-2.21e-05
73.5,-2.0273e-05
73.55,-1.8112e-05
73.6,-1.5654e-05
73.65,-1.2939e-05
73.7,-1.0013e-05
73.75,-6.9241e-06
73.8,-3.7232e-06
73.85,-4.6308e-07
73.9,2.8026e-06
73.95,6.0203e-06
74,9.1375e-06
74.05,1.2103e-05
74.1,1.4869e-05
74.15,1.7391e-05
74.2,1.9627e-05
74.25,2.1542e-05
74.3,2.3105e-05
74.35,2.4292e-05
74.4,2.5082e-05
74.45,2.5465e-05
74.5,2.5434e-05
74.55,2.4991e-05
74.6,2.4143e-05
74.65,2.2905e-05
74.7,2.1298e-05
74.75,1.9347e-05
74.8,1.7086e-05
74.85,1.455e-05
74.9,1.1781e-05
74.95,8.825e-06
75,5.7283e-06
75.05,2.5416e-06
75.1,-6.8397e-07
75.15,-3.8965e-06
75.2,-7.0447e-06
75.25,-1.0078e-05
75.3,-1.2948e-05
75.35,-1.561e-05
75.4,-1.802e-05
75.45,-2.0141e-05
75.5,-2.194e-05
75.55,-2.3388e-05
75.6,-2.4463e-05
75.65,-2.5148e-05
75.7,-2.5433e-05
75.75,-2.5314e-05
75.8,-2.4794e-05
75.85,-2.3881e-05
75.9,-2.259e-05
75.95,-2.0943e-05
76,-1.8965e-05
76.05,-1.6689e-05
76.1,-1.4151e-05
76.15,-1.1392e-05
76.2,-8.4548e-06
76.25,-5.3864e-06
76.3,-2.2351e-06
76.35,9.4929e-07
76.4,4.1168e-06
76.45,7.2177e-06
76.5,1.0203e-05
76.55,1.3027e-05
76.6,1.5646e-05
76.65,1.8018e-05
76.7,2.0106e-05
76.75,2.188e-05
76.8,2.3311e-05
76.85,2.4378e-05
76.9,2.5064e-05
76.95,2.536e-05
77,2.5261e-05
77.05,2.477e-05
77.1,2.3894e-05
77.15,2.2648e-05
77.2,2.1052e-05
77.25,1.9131e-05
77.3,1.6915e-05
77.35,1.4439e-05
77.4,1.1742e-05
77.45,8.8644e-06
77.5,5.8522e-06
77.55,2.7517e-06
77.6,-3.8913e-07
77.65,-3.522e-06
77.7,-6.5987e-06
77.75,-9.5721e-06
77.8,-1.2397e-05
77.85,-1.5029e-05
77.9,-1.7429e-05
77.95,-1.9561e-05
78,-2.1392e-05
78.05,-2.2895e-05
78.1,-2.4047e-05
78.15,-2.4831e-05
78.2,-2.5235e-05
78.25,-2.5255e-05
78.3,-2.489e-05
78.35,-2.4146e-05
78.4,-2.3035e-05
78.45,-2.1575e-05
78.5,-1.9788e-05
78.55,-1.7702e-05
78.6,-1.5348e-05
78.65,-1.2764e-05
78.7,-9.988e-06
78.75,-7.0627e-06
78.8,-4.0325e-06
78.85,-9.4329e-07
78.9,2.1582e-06
78.95,5.2251e-06
79,8.2112e-06
79.05,1.1072e-05
79.1,1.3764e-05
79.15,1.6247e-05
79.2,1.8485e-05
79.25,2.0443e-05
79.3,2.2094e-05
79.35,2.3412e-05
79.4,2.4379e-05
79.45,2.4979e-05
79.5,2.5206e-05
79.55,2.5056e-05
79.6,2.4531e-05
79.65,2.3641e-05
79.7,2.2398e-05
79.75,2.0823e-05
79.8,1.8938e-05
79.85,1.6772e-05
79.9,1.4359e-05
79.95,1.1733e-05
80,8.9352e-06
80.05,6.0063e-06
80.1,2.9903e-06
80.15,-6.8186e-08
80.2,-3.1236e-06
80.25,-6.1309e-06
80.3,-9.0456e-06
80.35,-1.1825e-05
80.4,-1.4427e-05
80.45,-1.6815e-05
80.5,-1.8954e-05
80.55,-2.0812e-05
80.6,-2.2362e-05
80.65,-2.3582e-05
80.7,-2.4455e-05
80.75,-2.4967e-05
80.8,-2.5113e-05
80.85,-2.489e-05
80.9,-2.4302e-05
80.95,-2.3359e-05
81,-2.2074e-05
81.05,-2.0466e-05
81.1,-1.8561e-05
81.15,-1.6386e-05
81.2,-1.3972e-05
81.25,-1.1357e-05
81.3,-8.577e-06
81.35,-5.6742e-06
81.4,-2.6906e-06
81.45,3.3015e-07
81.5,3.3442e-06
81.55,6.3077e-06
81.6,9.1776e-06
81.65,1.1913e-05
81.7,1.4473e-05
81.75,1.6822e-05
81.8,1.8926e-05
81.85,2.0754e-05
81.9,2.2281e-05
81.95,2.3485e-05
82,2.435e-05
82.05,2.4862e-05
82.1,2.5015e-05
82.15,2.4807e-05
82.2,2.4242e-05
82.25,2.3329e-05
82.3,2.208e-05
82.35,2.0515e-05
82.4,1.8656e-05
82.45,1.653e-05
82.5,1.4169e-05
82.55,1.1606e-05
82.6,8.8783e-06
82.65,6.0252e-06
82.7,3.0877e-06
82.75,1.0792e-07
82.8,-2.8715e-06
82.85,-5.8079e-06
82.9,-8.6595e-06
82.95,-1.1386e-05
83,-1.3948e-05
83.05,-1.631e-05
83.1,-1.8438e-05
83.15,-2.0302e-05
83.2,-2.1877e-05
83.25,-2.314e-05
83.3,-2.4073e-05
83.35,-2.4664e-05
83.4,-2.4905e-05
83.45,-2.4793e-05
83.5,-2.4329e-05
83.55,-2.3522e-05
83.6,-2.2382e-05
83.65,-2.0927e-05
83.7,-1.9177e-05
83.75,-1.7157e-05
83.8,-1.4896e-05
83.85,-1.2427e-05
83.9,-9.7847e-06
83.95,-7.0059e-06
84,-4.1303e-06
84.05,-1.1985e-06
84.1,1.7483e-06
84.15,4.6686e-06
84.2,7.5215e-06
84.25,1.0267e-05
84.3,1.2867e-05
84.35,1.5285e-05
84.4,1.7487e-05
84.45,1.9443e-05
84.5,2.1126e-05
84.55,2.2512e-05
84.6,2.3583e-05
84.65,2.4324e-05
84.7,2.4725e-05
84.75,2.4781e-05
84.8,2.4491e-05
84.85,2.3861e-05
84.9,2.2899e-05
84.95,2.1619e-05
85,2.0039e-05
85.05,1.8182e-05
85.1,1.6073e-05
85.15,1.3743e-05
85.2,1.1223e-05
85.25,8.55e-06
85.3,5.7599e-06
85.35,2.8919e-06
85.4,-1.4364e-08
85.45,-2.9185e-06
85.5,-5.7805e-06
85.55,-8.5608e-06
85.6,-1.1221e-05
85.65,-1.3725e-05
85.7,-1.6038e-05
85.75,-1.8128e-05
85.8,-1.9968e-05
85.85,-2.1531e-05
85.9,-2.2797e-05
85.95,-2.3749e-05
86,-2.4374e-05
86.05,-2.4664e-05
86.1,-2.4616e-05
86.15,-2.4229e-05
86.2,-2.3511e-05
86.25,-2.2471e-05
86.3,-2.1124e-05
86.35,-1.9489e-05
86.4,-1.7588e-05
86.45,-1.5448e-05
86.5,-1.3099e-05
86.55,-1.0572e-05
86.6,-7.9024e-06
86.65,-5.1268e-06
86.7,-2.2831e-06
86.75,5.8991e-07
86.8,3.453e-06
86.85,6.2674e-06
86.9,8.9947e-06
86.95,1.1598e-05
87,1.4042e-05
87.05,1.6294e-05
87.1,1.8323e-05
87.15,2.0103e-05
87.2,2.1609e-05
87.25,2.2821e-05
87.3,2.3723e-05
87.35,2.4304e-05
87.4,2.4556e-05
87.45,2.4476e-05
87.5,2.4065e-05
87.55,2.3329e-05
87.6,2.228e-05
87.65,2.093e-05
87.7,1.9299e-05
87.75,1.7409e-05
87.8,1.5286e-05
87.85,1.2958e-05
87.9,1.0458e-05
87.95,7.8188e-06
88,5.0761e-06
88.05,2.267e-06
88.1,-5.7078e-07
88.15,-3.3991e-06
88.2,-6.18e-06
88.25,-8.8763e-06
88.3,-1.1452e-05
88.35,-1.3873e-05
88.4,-1.6107e-05
88.45,-1.8123e-05
88.5,-1.9897e-05
88.55,-2.1403e-05
88.6,-2.2623e-05
88.65,-2.354e-05
88.7,-2.4143e-05
88.75,-2.4424e-05
88.8,-2.4379e-05
88.85,-2.4009e-05
88.9,-2.332e-05
88.95,-2.2321e-05
89,-2.1027e-05
89.05,-1.9453e-05
89.1,-1.7623e-05
89.15,-1.5559e-05
89.2,-1.3291e-05
89.25,-1.0848e-05
89.3,-8.262e-06
89.35,-5.5687e-06
89.4,-2.8033e-06
89.45,-2.5997e-09
89.5,2.7964e-06
89.55,5.5566e-06
89.6,8.2417e-06
89.65,1.0816e-05
89.7,1.3246e-05
89.75,1.55e-05
89.8,1.7548e-05
89.85,1.9364e-05
89.9,2.0923e-05
89.95,2.2206e-05
90,2.3196e-05
90.05,2.388e-05
90.1,2.425e-05
90.15,2.4301e-05
90.2,2.4033e-05
90.25,2.345e-05
90.3,2.2559e-05
90.35,2.1373e-05
90.4,1.9908e-05
90.45,1.8182e-05
90.5,1.622e-05
90.55,1.4047e-05
90.6,1.1692e-05
90.65,9.1847e-06
90.7,6.5593e-06
90.75,3.8499e-06
90.8,1.0919e-06
90.85,-1.6785e-06
90.9,-4.4254e-06
90.95,-7.1128e-06
91,-9.7059e-06
91.05,-1.2171e-05
91.1,-1.4476e-05
91.15,-1.6591e-05
91.2,-1.849e-05
91.25,-2.0146e-05
91.3,-2.154e-05
91.35,-2.2654e-05
91.4,-2.3472e-05
91.45,-2.3986e-05
91.5,-2.4188e-05
91.55,-2.4077e-05
91.6,-2.3654e-05
91.65,-2.2925e-05
91.7,-2.19e-05
91.75,-2.0592e-05
91.8,-1.9018e-05
91.85,-1.72e-05
91.9,-1.5161e-05
91.95,-1.2927e-05
92,-1.0528e-05
92.05,-7.9946e-06
92.1,-5.3596e-06
92.15,-2.6573e-06
92.2,7.7663e-08
92.25,2.8099e-06
92.3,5.5042e-06
92.35,8.1261e-06
92.4,1.0642e-05
92.45,1.3019e-05
92.5,1.5228e-05
92.55,1.724e-05
92.6,1.9029e-05
92.65,2.0573e-05
92.7,2.1853e-05
92.75,2.2851e-05
92.8,2.3557e-05
92.85,2.396e-05
92.9,2.4056e-05
92.95,2.3845e-05
93,2.3328e-05
93.05,2.2514e-05
93.1,2.1413e-05
93.15,2.0039e-05
93.2,1.841e-05
93.25,1.6547e-05
93.3,1.4475e-05
93.35,1.2219e-05
93.4,9.8088e-06
93.45,7.2752e-06
93.5,4.6506e-06
93.55,1.9685e-06
93.6,-7.3701e-07
93.65,-3.4315e-06
93.7,-6.0807e-06
93.75,-8.6511e-06
93.8,-1.111e-05
93.85,-1.3426e-05
93.9,-1.5571e-05
93.95,-1.7517e-05
94,-1.924e-05
94.05,-2.0718e-05
94.1,-2.1933e-05
94.15,-2.2869e-05
94.2,-2.3516e-05
94.25,-2.3864e-05
94.3,-2.3911e-05
94.35,-2.3656e-05
94.4,-2.3102e-05
94.45,-2.2257e-05
94.5,-2.1132e-05
94.55,-1.9741e-05
94.6,-1.8101e-05
94.65,-1.6235e-05
94.7,-1.4165e-05
94.75,-1.1918e-05
94.8,-9.5228e-06
94.85,-7.009e-06
94.9,-4.4086e-06
94.95,-1.7544e-06
95,9.2028e-07
95.05,3.5817e-06
95.1,6.1966e-06
95.15,8.7321e-06
95.2,1.1157e-05
95.25,1.344e-05
95.3,1.5553e-05
95.35,1.747e-05
95.4,1.9167e-05
95.45,2.0623e-05
95.5,2.1821e-05
95.55,2.2744e-05
95.6,2.3383e-05
95.65,2.373e-05
95.7,2.3779e-05
95.75,2.3532e-05
95.8,2.2991e-05
95.85,2.2164e-05
95.9,2.106e-05
95.95,1.9695e-05
96,1.8086e-05
96.05,1.6252e-05
96.1,1.4216e-05
96.15,1.2006e-05
96.2,9.6468e-06
96.25,7.1694e-06
96.3,4.6044e-06
96.35,1.9837e-06
96.4,-6.5996e-07
96.45,-3.2939e-06
96.5,-5.8853e-06
96.55,-8.4022e-06
96.6,-1.0813e-05
96.65,-1.3089e-05
96.7,-1.5201e-05
96.75,-1.7124e-05
96.8,-1.8833e-05
96.85,-2.0309e-05
96.9,-2.1532e-05
96.95,-2.2488e-05
97,-2.3166e-05
97.05,-2.3557e-05
97.1,-2.3657e-05
97.15,-2.3465e-05
97.2,-2.2983e-05
97.25,-2.2218e-05
97.3,-2.118e-05
97.35,-1.9881e-05
97.4,-1.8338e-05
97.45,-1.657e-05
97.5,-1.4599e-05
97.55,-1.245e-05
97.6,-1.0149e-05
97.65,-7.7242e-06
97.7,-5.206e-06
97.75,-2.6254e-06
97.8,-1.4099e-08
97.85,2.5958e-06
97.9,5.1723e-06
97.95,7.6838e-06
98,1.01e-05
98.05,1.239e-05
98.1,1.4527e-05
98.15,1.6485e-05
98.2,1.824e-05
98.25,1.9771e-05
98.3,2.1059e-05
98.35,2.2089e-05
98.4,2.2847e-05
98.45,2.3326e-05
98.5,2.352e-05
98.55,2.3427e-05
98.6,2.3047e-05
98.65,2.2387e-05
98.7,2.1453e-05
98.75,2.0259e-05
98.8,1.8819e-05
98.85,1.715e-05
98.9,1.5273e-05
98.95,1.3211e-05
99,1.099e-05
99.05,8.6357e-06
99.1,6.1783e-06
99.15,3.6473e-06
99.2,1.0733e-06
99.25,-1.5121e-06
99.3,-4.0776e-06
99.35,-6.5921e-06
99.4,-9.0251e-06
99.45,-1.1347e-05
99.5,-1.353e-05
99.55,-1.5548e-05
99.6,-1.7376e-05
99.65,-1.8993e-05
99.7,-2.0378e-05
99.75,-2.1517e-05
99.8,-2.2394e-05
99.85,-2.2999e-05
99.9,-2.3326e-05
99.95,-2.3371e-05
100,-2.3134e-05
100.05,-2.2617e-05
100.1,-2.1828e-05
100.15,-2.0775e-05
100.2,-1.9473e-05
100.25,-1.7936e-05
100.3,-1.6184e-05
100.35,-1.4238e-05
100.4,-1.2121e-05
100.45,-9.86e-06
100.5,-7.4813e-06
100.55,-5.0139e-06
100.6,-2.4877e-06
100.65,6.6953e-08
100.7,2.6193e-06
100.75,5.1387e-06
100.8,7.5949e-06
100.85,9.9584e-06
100.9,1.2201e-05
100.95,1.4296e-05
101,1.6218e-05
101.05,1.7944e-05
101.1,1.9454e-05
101.15,2.0731e-05
101.2,2.1758e-05
101.25,2.2523e-05
101.3,2.3019e-05
101.35,2.3239e-05
101.4,2.3181e-05
101.45,2.2845e-05
101.5,2.2236e-05
101.55,2.1362e-05
101.6,2.0234e-05
101.65,1.8864e-05
101.7,1.727e-05
101.75,1.547e-05
101.8,1.3487e-05
101.85,1.1344e-05
101.9,9.0675e-06
101.95,6.6839e-06
102,4.222e-06
102.05,1.7113e-06
102.1,-8.184e-07
102.15,-3.3369e-06
102.2,-5.8141e-06
102.25,-8.2208e-06
102.3,-1.0528e-05
102.35,-1.2709e-05
102.4,-1.4738e-05
102.45,-1.659e-05
102.5,-1.8245e-05
102.55,-1.9681e-05
102.6,-2.0884e-05
102.65,-2.1838e-05
102.7,-2.2532e-05
102.75,-2.2958e-05
102.8,-2.3113e-05
102.85,-2.2993e-05
102.9,-2.2601e-05
102.95,-2.1941e-05
103,-2.1023e-05
103.05,-1.9855e-05
103.1,-1.8454e-05
103.15,-1.6835e-05
103.2,-1.5018e-05
103.25,-1.3025e-05
103.3,-1.0879e-05
103.35,-8.6056e-06
103.4,-6.2319e-06
103.45,-3.786e-06
103.5,-1.2968e-06
103.55,1.2062e-06
103.6,3.6936e-06
103.65,6.136e-06
103.7,8.5047e-06
103.75,1.0772e-05
103.8,1.2911e-05
103.85,1.4897e-05
103.9,1.6706e-05
103.95,1.8318e-05
104,1.9713e-05
104.05,2.0876e-05
104.1,2.1792e-05
104.15,2.2452e-05
104.2,2.2848e-05
104.25,2.2975e-05
104.3,2.2833e-05
104.35,2.2423e-05
104.4,2.1749e-05
104.45,2.0821e-05
104.5,1.965e-05
104.55,1.8248e-05
104.6,1.6634e-05
104.65,1.4826e-05
104.7,1.2845e-05
104.75,1.0715e-05
104.8,8.4602e-06
104.85,6.1081e-06
104.9,3.6859e-06
104.95,1.222e-06
105,-1.2548e-06
105.05,-3.7156e-06
105.1,-6.1316e-06
105.15,-8.4745e-06
105.2,-1.0717e-05
105.25,-1.2834e-05
105.3,-1.4799e-05
105.35,-1.6591e-05
105.4,-1.8188e-05
105.45,-1.9572e-05
105.5,-2.0727e-05
105.55,-2.1641e-05
105.6,-2.2301e-05
105.65,-2.2702e-05
105.7,-2.2838e-05
105.75,-2.2708e-05
105.8,-2.2314e-05
105.85,-2.1661e-05
105.9,-2.0757e-05
105.95,-1.9611e-05
106,-1.8239e-05
106.05,-1.6655e-05
106.1,-1.4879e-05
106.15,-1.2931e-05
106.2,-1.0834e-05
106.25,-8.6122e-06
106.3,-6.292e-06
106.35,-3.9002e-06
106.4,-1.4645e-06
106.45,9.8677e-07
106.5,3.4253e-06
106.55,5.8227e-06
106.6,8.1514e-06
106.65,1.0384e-05
106.7,1.2496e-05
106.75,1.4462e-05
106.8,1.6259e-05
106.85,1.7868e-05
106.9,1.9269e-05
106.95,2.0447e-05
107,2.1388e-05
107.05,2.2081e-05
107.1,2.2519e-05
107.15,2.2697e-05
107.2,2.2612e-05
107.25,2.2267e-05
107.3,2.1666e-05
107.35,2.0815e-05
107.4,1.9724e-05
107.45,1.8407e-05
107.5,1.6878e-05
107.55,1.5156e-05
107.6,1.3261e-05
107.65,1.1214e-05
107.7,9.0386e-06
107.75,6.7608e-06
107.8,4.4065e-06
107.85,2.0029e-06
107.9,-4.2245e-07
107.95,-2.8416e-06
108,-5.2268e-06
108.05,-7.5506e-06
108.1,-9.7865e-06
108.15,-1.1909e-05
108.2,-1.3893e-05
108.25,-1.5717e-05
108.3,-1.736e-05
108.35,-1.8803e-05
108.4,-2.0029e-05
108.45,-2.1026e-05
108.5,-2.1781e-05
108.55,-2.2286e-05
108.6,-2.2536e-05
108.65,-2.2527e-05
108.7,-2.2261e-05
108.75,-2.174e-05
108.8,-2.0971e-05
108.85,-1.9963e-05
108.9,-1.8727e-05
108.95,-1.7277e-05
109,-1.5631e-05
109.05,-1.3808e-05
109.1,-1.1828e-05
109.15,-9.7134e-06
109.2,-7.4895e-06
109.25,-5.1814e-06
109.3,-2.8155e-06
109.35,-4.1876e-07
109.4,1.9815e-06
109.45,4.3578e-06
109.5,6.6832e-06
109.55,8.9311e-06
109.6,1.1076e-05
109.65,1.3094e-05
109.7,1.4962e-05
109.75,1.6658e-05
109.8,1.8164e-05
109.85,1.9463e-05
109.9,2.0539e-05
109.95,2.1382e-05
110,2.1981e-05
110.05,2.233e-05
110.1,2.2425e-05
110.15,2.2266e-05
110.2,2.1854e-05
110.25,2.1194e-05
110.3,2.0294e-05
110.35,1.9164e-05
110.4,1.7818e-05
110.45,1.627e-05
110.5,1.4539e-05
110.55,1.2644e-05
110.6,1.0607e-05
110.65,8.4503e-06
110.7,6.1995e-06
110.75,3.8797e-06
110.8,1.5173e-06
110.85,-8.6101e-07
110.9,-3.2283e-06
110.95,-5.5578e-06
111,-7.8233e-06
111.05,-9.9991e-06
111.1,-1.2061e-05
111.15,-1.3985e-05
111.2,-1.575e-05
111.25,-1.7337e-05
111.3,-1.8727e-05
111.35,-1.9905e-05
111.4,-2.0857e-05
111.45,-2.1574e-05
111.5,-2.2048e-05
111.55,-2.2272e-05
111.6,-2.2245e-05
111.65,-2.1968e-05
111.7,-2.1443e-05
111.75,-2.0677e-05
111.8,-1.9679e-05
111.85,-1.846e-05
111.9,-1.7033e-05
111.95,-1.5416e-05
112,-1.3626e-05
112.05,-1.1684e-05
112.1,-9.6115e-06
112.15,-7.4321e-06
112.2,-5.1703e-06
112.25,-2.8517e-06
112.3,-5.0222e-07
112.35,1.8516e-06
112.4,4.1834e-06
112.45,6.467e-06
112.5,8.6768e-06
112.55,1.0788e-05
112.6,1.2777e-05
112.65,1.4622e-05
112.7,1.6302e-05
112.75,1.7798e-05
112.8,1.9095e-05
112.85,2.0176e-05
112.9,2.1031e-05
112.95,2.165e-05
113,2.2027e-05
113.05,2.2156e-05
113.1,2.2038e-05
113.15,2.1673e-05
113.2,2.1066e-05
113.25,2.0224e-05
113.3,1.9156e-05
113.35,1.7875e-05
113.4,1.6395e-05
113.45,1.4732e-05
113.5,1.2906e-05
113.55,1.0936e-05
113.6,8.8459e-06
113.65,6.6578e-06
113.7,4.3965e-06
113.75,2.0874e-06
113.8,-2.4375e-07
113.85,-2.571e-06
113.9,-4.8683e-06
113.95,-7.1102e-06
114,-9.2717e-06
114.05,-1.1329e-05
114.1,-1.3259e-05
114.15,-1.504e-05
114.2,-1.6653e-05
114.25,-1.8079e-05
114.3,-1.9304e-05
114.35,-2.0314e-05
114.4,-2.1097e-05
114.45,-2.1645e-05
114.5,-2.1952e-05
114.55,-2.2015e-05
114.6,-2.1833e-05
114.65,-2.1409e-05
114.7,-2.0748e-05
114.75,-1.9856e-05
114.8,-1.8745e-05
114.85,-1.7426e-05
114.9,-1.5914e-05
114.95,-1.4227e-05
115,-1.2382e-05
115.05,-1.0402e-05
115.1,-8.3069e-06
115.15,-6.121e-06
115.2,-3.8685e-06
115.25,-1.5742e-06
115.3,7.3629e-07
115.35,3.0374e-06
115.4,5.3038e-06
115.45,7.5102e-06
115.5,9.6324e-06
115.55,1.1647e-05
115.6,1.3532e-05
115.65,1.5266e-05
115.7,1.683e-05
115.75,1.8208e-05
115.8,1.9383e-05
115.85,2.0344e-05
115.9,2.108e-05
115.95,2.1582e-05
116,2.1846e-05
116.05,2.1869e-05
116.1,2.165e-05
116.15,2.1193e-05
116.2,2.0502e-05
116.25,1.9585e-05
116.3,1.8452e-05
116.35,1.7117e-05
116.4,1.5594e-05
116.45,1.39e-05
116.5,1.2054e-05
116.55,1.0075e-05
116.6,7.9871e-06
116.65,5.8121e-06
116.7,3.5742e-06
116.75,1.298e-06
116.8,-9.9119e-07
116.85,-3.2683e-06
116.9,-5.5084e-06
116.95,-7.6867e-06
117,-9.7794e-06
117.05,-1.1764e-05
117.1,-1.3617e-05
117.15,-1.5321e-05
117.2,-1.6855e-05
117.25,-1.8203e-05
117.3,-1.9351e-05
117.35,-2.0286e-05
117.4,-2.0997e-05
117.45,-2.1478e-05
117.5,-2.1723e-05
117.55,-2.173e-05
117.6,-2.1498e-05
117.65,-2.1031e-05
117.7,-2.0333e-05
117.75,-1.9413e-05
117.8,-1.8281e-05
117.85,-1.6949e-05
117.9,-1.5432e-05
117.95,-1.3747e-05
118,-1.1913e-05
118.05,-9.9484e-06
118.1,-7.8764e-06
118.15,-5.7192e-06
118.2,-3.5006e-06
118.25,-1.2448e-06
118.3,1.0234e-06
118.35,3.2793e-06
118.4,5.4983e-06
118.45,7.656e-06
118.5,9.729e-06
118.55,1.1695e-05
118.6,1.3532e-05
118.65,1.522e-05
118.7,1.6741e-05
118.75,1.8079e-05
118.8,1.9219e-05
118.85,2.0149e-05
118.9,2.0858e-05
118.95,2.134e-05
119,2.1589e-05
119.05,2.1602e-05
119.1,2.138e-05
119.15,2.0925e-05
119.2,2.0242e-05
119.25,1.9339e-05
119.3,1.8226e-05
119.35,1.6915e-05
119.4,1.5421e-05
119.45,1.3759e-05
119.5,1.1949e-05
119.55,1.001e-05
119.6,7.9624e-06
119.65,5.8296e-06
119.7,3.6344e-06
119.75,1.4008e-06
119.8,-8.4688e-07
119.85,-3.0842e-06
119.9,-5.287e-06
119.95,-7.4312e-06
120,-9.4936e-06
120.05,-1.1452e-05
120.1,-1.3285e-05
120.15,-1.4973e-05
120.2,-1.6498e-05
120.25,-1.7843e-05
120.3,-1.8993e-05
120.35,-1.9937e-05
120.4,-2.0665e-05
120.45,-2.1168e-05
120.5,-2.1442e-05
120.55,-2.1482e-05
120.6,-2.1291e-05
120.65,-2.0868e-05
120.7,-2.022e-05
120.75,-1.9354e-05
120.8,-1.8278e-05
120.85,-1.7005e-05
120.9,-1.5548e-05
120.95,-1.3924e-05
121,-1.215e-05
121.05,-1.0246e-05
121.1,-8.2317e-06
121.15,-6.1294e-06
121.2,-3.962e-06
121.25,-1.7528e-06
121.3,4.7425e-07
121.35,2.6951e-06
121.4,4.8857e-06
121.45,7.0225e-06
121.5,9.0824e-06
121.55,1.1043e-05
121.6,1.2884e-05
121.65,1.4585e-05
121.7,1.6127e-05
121.75,1.7495e-05
121.8,1.8674e-05
121.85,1.965e-05
121.9,2.0414e-05
121.95,2.0958e-05
122,2.1276e-05
122.05,2.1364e-05
122.1,2.1222e-05
122.15,2.0852e-05
122.2,2.0257e-05
122.25,1.9444e-05
122.3,1.8423e-05
122.35,1.7203e-05
122.4,1.5799e-05
122.45,1.4226e-05
122.5,1.2501e-05
122.55,1.0642e-05
122.6,8.6692e-06
122.65,6.6044e-06
122.7,4.4696e-06
122.75,2.2878e-06
122.8,8.2501e-08
122.85,-2.1226e-06
122.9,-4.3039e-06
122.95,-6.4379e-06
123,-8.5017e-06
123.05,-1.0473e-05
123.1,-1.2331e-05
123.15,-1.4056e-05
123.2,-1.563e-05
123.25,-1.7034e-05
123.3,-1.8256e-05
123.35,-1.9281e-05
123.4,-2.0099e-05
123.45,-2.0701e-05
123.5,-2.108e-05
123.55,-2.1234e-05
123.6,-2.116e-05
123.65,-2.086e-05
123.7,-2.0336e-05
123.75,-1.9595e-05
123.8,-1.8644e-05
123.85,-1.7494e-05
123.9,-1.6157e-05
123.95,-1.4648e-05
124,-1.2984e-05
124.05,-1.1181e-05
124.1,-9.259e-06
124.15,-7.2392e-06
124.2,-5.143e-06
124.25,-2.9929e-06
124.3,-8.1174e-07
124.35,1.377e-06
124.4,3.55e-06
124.45,5.684e-06
124.5,7.7562e-06
124.55,9.7447e-06
124.6,1.1628e-05
124.65,1.3387e-05
124.7,1.5001e-05
124.75,1.6455e-05
124.8,1.7733e-05
124.85,1.882e-05
124.9,1.9707e-05
124.95,2.0383e-05
125,2.0841e-05
125.05,2.1077e-05
125.1,2.1088e-05
125.15,2.0874e-05
125.2,2.0438e-05
125.25,1.9785e-05
125.3,1.8921e-05
125.35,1.7856e-05
125.4,1.6601e-05
125.45,1.5171e-05
125.5,1.3579e-05
125.55,1.1844e-05
125.6,9.9831e-06
125.65,8.0172e-06
125.7,5.967e-06
125.75,3.8542e-06
125.8,1.7016e-06
125.85,-4.6821e-07
125.9,-2.632e-06
125.95,-4.7667e-06
126,-6.8498e-06
126.05,-8.8591e-06
126.1,-1.0773e-05
126.15,-1.2572e-05
126.2,-1.4237e-05
126.25,-1.5749e-05
126.3,-1.7094e-05
126.35,-1.8257e-05
126.4,-1.9225e-05
126.45,-1.9989e-05
126.5,-2.054e-05
126.55,-2.0874e-05
126.6,-2.0985e-05
126.65,-2.0875e-05
126.7,-2.0543e-05
126.75,-1.9993e-05
126.8,-1.9232e-05
126.85,-1.8267e-05
126.9,-1.7109e-05
126.95,-1.577e-05
127,-1.4265e-05
127.05,-1.261e-05
127.1,-1.0822e-05
127.15,-8.9202e-06
127.2,-6.9249e-06
127.25,-4.8572e-06
127.3,-2.7391e-06
127.35,-5.93e-07
127.4,1.5584e-06
127.45,3.6922e-06
127.5,5.786e-06
127.55,7.8177e-06
127.6,9.7658e-06
127.65,1.161e-05
127.7,1.333e-05
127.75,1.4909e-05
127.8,1.6329e-05
127.85,1.7577e-05
127.9,1.8638e-05
127.95,1.9502e-05
128,2.0159e-05
128.05,2.0603e-05
128.1,2.083e-05
128.15,2.0837e-05
128.2,2.0624e-05
128.25,2.0193e-05
128.3,1.955e-05
128.35,1.8701e-05
128.4,1.7655e-05
128.45,1.6423e-05
128.5,1.5019e-05
128.55,1.3457e-05
128.6,1.1754e-05
128.65,9.928e-06
128.7,7.9982e-06
128.75,5.9851e-06
128.8,3.9099e-06
128.85,1.7945e-06
128.9,-3.3887e-07
128.95,-2.4677e-06
129,-4.5695e-06
129.05,-6.6223e-06
129.1,-8.6044e-06
129.15,-1.0495e-05
129.2,-1.2275e-05
129.25,-1.3924e-05
129.3,-1.5426e-05
129.35,-1.6766e-05
129.4,-1.7928e-05
129.45,-1.8902e-05
129.5,-1.9677e-05
129.55,-2.0244e-05
129.6,-2.0598e-05
129.65,-2.0736e-05
129.7,-2.0656e-05
129.75,-2.036e-05
129.8,-1.9849e-05
129.85,-1.9131e-05
129.9,-1.8212e-05
129.95,-1.7102e-05
130,-1.5813e-05
130.05,-1.4359e-05
130.1,-1.2755e-05
130.15,-1.1018e-05
130.2,-9.1662e-06
130.25,-7.2192e-06
130.3,-5.1973e-06
130.35,-3.1219e-06
130.4,-1.0147e-06
130.45,1.1021e-06
130.5,3.2064e-06
130.55,5.2762e-06
130.6,7.2898e-06
130.65,9.2261e-06
130.7,1.1065e-05
130.75,1.2787e-05
130.8,1.4374e-05
130.85,1.5811e-05
130.9,1.7081e-05
130.95,1.8172e-05
131,1.9072e-05
131.05,1.9772e-05
131.1,2.0266e-05
131.15,2.0547e-05
131.2,2.0613e-05
131.25,2.0463e-05
131.3,2.01e-05
131.35,1.9527e-05
131.4,1.875e-05
131.45,1.7777e-05
131.5,1.6619e-05
131.55,1.5288e-05
131.6,1.3798e-05
131.65,1.2165e-05
131.7,1.0405e-05
131.75,8.5377e-06
131.8,6.5819e-06
131.85,4.5583e-06
131.9,2.488e-06
131.95,3.9275e-07
132,-1.7057e-06
132.05,-3.7854e-06
132.1,-5.8247e-06
132.15,-7.8023e-06
132.2,-9.6977e-06
132.25,-1.1491e-05
132.3,-1.3164e-05
132.35,-1.4699e-05
132.4,-1.608e-05
132.45,-1.7293e-05
132.5,-1.8325e-05
132.55,-1.9166e-05
132.6,-1.9807e-05
132.65,-2.0241e-05
132.7,-2.0464e-05
132.75,-2.0475e-05
132.8,-2.0272e-05
132.85,-1.9858e-05
132.9,-1.9238e-05
132.95,-1.8418e-05
133,-1.7406e-05
133.05,-1.6214e-05
133.1,-1.4854e-05
133.15,-1.334e-05
133.2,-1.1689e-05
133.25,-9.9159e-06
133.3,-8.0409e-06
133.35,-6.0832e-06
133.4,-4.0632e-06
133.45,-2.0018e-06
133.5,7.9387e-08
133.55,2.1589e-06
133.6,4.215e-06
133.65,6.2264e-06
133.7,8.1723e-06
133.75,1.0033e-05
133.8,1.1788e-05
133.85,1.342e-05
133.9,1.4912e-05
133.95,1.6249e-05
134,1.7416e-05
134.05,1.8403e-05
134.1,1.9198e-05
134.15,1.9793e-05
134.2,2.0183e-05
134.25,2.0364e-05
134.3,2.0334e-05
134.35,2.0092e-05
134.4,1.9643e-05
134.45,1.899e-05
134.5,1.8141e-05
134.55,1.7104e-05
134.6,1.5891e-05
134.65,1.4514e-05
134.7,1.2986e-05
134.75,1.1326e-05
134.8,9.5481e-06
134.85,7.6726e-06
134.9,5.7186e-06
134.95,3.7062e-06
135,1.6564e-06
135.05,-4.0972e-07
135.1,-2.4706e-06
135.15,-4.5051e-06
135.2,-6.4921e-06
135.25,-8.4111e-06
135.3,-1.0242e-05
135.35,-1.1967e-05
135.4,-1.3567e-05
135.45,-1.5026e-05
135.5,-1.6329e-05
135.55,-1.7463e-05
135.6,-1.8416e-05
135.65,-1.9178e-05
135.7,-1.9742e-05
135.75,-2.0102e-05
135.8,-2.0254e-05
135.85,-2.0197e-05
135.9,-1.9932e-05
135.95,-1.9461e-05
136,-1.8789e-05
136.05,-1.7924e-05
136.1,-1.6874e-05
136.15,-1.565e-05
136.2,-1.4266e-05
136.25,-1.2735e-05
136.3,-1.1073e-05
136.35,-9.2984e-06
136.4,-7.4283e-06
136.45,-5.4825e-06
136.5,-3.4809e-06
136.55,-1.4444e-06
136.6,6.0613e-07
136.65,2.6495e-06
136.7,4.6647e-06
136.75,6.631e-06
136.8,8.5281e-06
136.85,1.0337e-05
136.9,1.2038e-05
136.95,1.3615e-05
137,1.505e-05
137.05,1.6331e-05
137.1,1.7442e-05
137.15,1.8374e-05
137.2,1.9116e-05
137.25,1.9661e-05
137.3,2.0004e-05
137.35,2.0141e-05
137.4,2.0071e-05
137.45,1.9794e-05
137.5,1.9314e-05
137.55,1.8636e-05
137.6,1.7766e-05
137.65,1.6714e-05
137.7,1.5491e-05
137.75,1.4109e-05
137.8,1.2583e-05
137.85,1.0928e-05
137.9,9.1622e-06
137.95,7.3026e-06
138,5.3688e-06
138.05,3.3808e-06
138.1,1.3589e-06
138.15,-6.7613e-07
138.2,-2.7033e-06
138.25,-4.7019e-06
138.3,-6.6513e-06
138.35,-8.5317e-06
138.4,-1.0324e-05
138.45,-1.2009e-05
138.5,-1.3571e-05
138.55,-1.4992e-05
138.6,-1.626e-05
138.65,-1.736e-05
138.7,-1.8281e-05
138.75,-1.9015e-05
138.8,-1.9554e-05
138.85,-1.9892e-05
138.9,-2.0026e-05
138.95,-1.9955e-05
139,-1.968e-05
139.05,-1.9203e-05
139.1,-1.8529e-05
139.15,-1.7667e-05
139.2,-1.6623e-05
139.25,-1.541e-05
139.3,-1.404e-05
139.35,-1.2526e-05
139.4,-1.0886e-05
139.45,-9.1339e-06
139.5,-7.2895e-06
139.55,-5.3713e-06
139.6,-3.3991e-06
139.65,-1.3929e-06
139.7,6.2675e-07
139.75,2.6391e-06
139.8,4.6236e-06
139.85,6.56e-06
139.9,8.4285e-06
139.95,1.021e-05
140,1.1887e-05
140.05,1.3441e-05
140.1,1.4857e-05
140.15,1.6121e-05
140.2,1.722e-05
140.25,1.8142e-05
140.3,1.8879e-05
140.35,1.9423e-05
140.4,1.9768e-05
140.45,1.9911e-05
140.5,1.9851e-05
140.55,1.9588e-05
140.6,1.9125e-05
140.65,1.8468e-05
140.7,1.7622e-05
140.75,1.6597e-05
140.8,1.5403e-05
140.85,1.4053e-05
140.9,1.256e-05
140.95,1.0939e-05
141,9.2073e-06
141.05,7.3826e-06
141.1,5.4834e-06
141.15,3.5292e-06
141.2,1.5397e-06
141.25,-4.6456e-07
141.3,-2.4633e-06
141.35,-4.436e-06
141.4,-6.3628e-06
141.45,-8.224e-06
141.5,-1.0001e-05
141.55,-1.1675e-05
141.6,-1.3229e-05
141.65,-1.4648e-05
141.7,-1.5918e-05
141.75,-1.7024e-05
141.8,-1.7958e-05
141.85,-1.8708e-05
141.9,-1.9267e-05
141.95,-1.963e-05
142,-1.9793e-05
142.05,-1.9755e-05
142.1,-1.9516e-05
142.15,-1.9078e-05
142.2,-1.8447e-05
142.25,-1.7629e-05
142.3,-1.6631e-05
142.35,-1.5465e-05
142.4,-1.4142e-05
142.45,-1.2676e-05
142.5,-1.1082e-05
142.55,-9.376e-06
142.6,-7.5753e-06
142.65,-5.6985e-06
142.7,-3.7645e-06
142.75,-1.7931e-06
142.8,1.9571e-07
142.85,2.1817e-06
142.9,4.1447e-06
142.95,6.0648e-06
143,7.9226e-06
143.05,9.6991e-06
143.1,1.1377e-05
143.15,1.2938e-05
143.2,1.4367e-05
143.25,1.565e-05
143.3,1.6774e-05
143.35,1.7727e-05
143.4,1.85e-05
143.45,1.9085e-05
143.5,1.9476e-05
143.55,1.967e-05
143.6,1.9664e-05
143.65,1.9459e-05
143.7,1.9057e-05
143.75,1.8461e-05
143.8,1.7679e-05
143.85,1.6718e-05
143.9,1.5588e-05
143.95,1.4301e-05
144,1.2869e-05
144.05,1.1308e-05
144.1,9.6326e-06
144.15,7.8605e-06
144.2,6.0095e-06
144.25,4.0984e-06
144.3,2.1467e-06
144.35,1.7397e-07
144.4,-1.7997e-06
144.45,-3.7543e-06
144.5,-5.6702e-06
144.55,-7.5279e-06
144.6,-9.3086e-06
144.65,-1.0995e-05
144.7,-1.2569e-05
144.75,-1.4015e-05
144.8,-1.5319e-05
144.85,-1.6467e-05
144.9,-1.7449e-05
144.95,-1.8254e-05
145,-1.8874e-05
145.05,-1.9303e-05
145.1,-1.9536e-05
145.15,-1.9572e-05
145.2,-1.9411e-05
145.25,-1.9053e-05
145.3,-1.8503e-05
145.35,-1.7767e-05
145.4,-1.6851e-05
145.45,-1.5766e-05
145.5,-1.4521e-05
145.55,-1.3131e-05
145.6,-1.1609e-05
145.65,-9.9697e-06
145.7,-8.2308e-06
145.75,-6.4096e-06
145.8,-4.5244e-06
145.85,-2.5943e-06
145.9,-6.3882e-07
145.95,1.3223e-06
146,3.2693e-06
146.05,5.1825e-06
146.1,7.0427e-06
146.15,8.8311e-06
146.2,1.053e-05
146.25,1.2122e-05
146.3,1.3591e-05
146.35,1.4922e-05
146.4,1.6102e-05
146.45,1.712e-05
146.5,1.7965e-05
146.55,1.8628e-05
146.6,1.9104e-05
146.65,1.9387e-05
146.7,1.9474e-05
146.75,1.9365e-05
146.8,1.9061e-05
146.85,1.8566e-05
146.9,1.7884e-05
146.95,1.7022e-05
147,1.5988e-05
147.05,1.4795e-05
147.1,1.3453e-05
147.15,1.1976e-05
147.2,1.0379e-05
147.25,8.6785e-06
147.3,6.8913e-06
147.35,5.0354e-06
147.4,3.1297e-06
147.45,1.1932e-06
147.5,-7.5446e-07
147.55,-2.6938e-06
147.6,-4.6052e-06
147.65,-6.4696e-06
147.7,-8.2682e-06
147.75,-9.983e-06
147.8,-1.1597e-05
147.85,-1.3093e-05
147.9,-1.4458e-05
147.95,-1.5676e-05
148,-1.6737e-05
148.05,-1.7629e-05
148.1,-1.8343e-05
148.15,-1.8873e-05
148.2,-1.9214e-05
148.25,-1.9361e-05
148.3,-1.9314e-05
148.35,-1.9072e-05
148.4,-1.864e-05
148.45,-1.802e-05
148.5,-1.722e-05
148.55,-1.6247e-05
148.6,-1.5112e-05
148.65,-1.3826e-05
148.7,-1.2401e-05
148.75,-1.0852e-05
148.8,-9.1954e-06
148.85,-7.447e-06
148.9,-5.6245e-06
148.95,-3.7464e-06
149,-1.8315e-06
149.05,1.0109e-07
149.1,2.0319e-06
149.15,3.9415e-06
149.2,5.8109e-06
149.25,7.6213e-06
149.3,9.3546e-06
149.35,1.0993e-05
149.4,1.2521e-05
149.45,1.3923e-05
149.5,1.5185e-05
149.55,1.6295e-05
149.6,1.724e-05
149.65,1.8013e-05
149.7,1.8605e-05
149.75,1.901e-05
149.8,1.9225e-05
149.85,1.9247e-05
149.9,1.9077e-05
149.95,1.8716e-05
150,1.8167e-05
150.05,1.7437e-05
150.1,1.6533e-05
150.15,1.5463e-05
150.2,1.424e-05
150.25,1.2874e-05
150.3,1.138e-05
150.35,9.7728e-06
150.4,8.0685e-06
150.45,6.2841e-06
150.5,4.4376e-06
150.55,2.5475e-06
150.6,6.3263e-07
150.65,-1.2878e-06
150.7,-3.1946e-06
150.75,-5.0688e-06
150.8,-6.8915e-06
150.85,-8.6447e-06
150.9,-1.0311e-05
150.95,-1.1873e-05
151,-1.3316e-05
151.05,-1.4626e-05
151.1,-1.5789e-05
151.15,-1.6794e-05
151.2,-1.763e-05
151.25,-1.8291e-05
151.3,-1.8768e-05
151.35,-1.9058e-05
151.4,-1.9157e-05
151.45,-1.9065e-05
151.5,-1.8783e-05
151.55,-1.8314e-05
151.6,-1.7662e-05
151.65,-1.6834e-05
151.7,-1.5838e-05
151.75,-1.4684e-05
151.8,-1.3385e-05
151.85,-1.1953e-05
151.9,-1.0401e-05
151.95,-8.7471e-06
152,-7.0062e-06
152.05,-5.1961e-06
152.1,-3.3349e-06
152.15,-1.4411e-06
152.2,4.6622e-07
152.25,2.3682e-06
152.3,4.2458e-06
152.35,6.0804e-06
152.4,7.8537e-06
152.45,9.5481e-06
152.5,1.1147e-05
152.55,1.2633e-05
152.6,1.3994e-05
152.65,1.5214e-05
152.7,1.6283e-05
152.75,1.7189e-05
152.8,1.7923e-05
152.85,1.8479e-05
152.9,1.885e-05
152.95,1.9034e-05
153,1.9028e-05
153.05,1.8832e-05
153.1,1.8449e-05
153.15,1.7883e-05
153.2,1.7139e-05
153.25,1.6224e-05
153.3,1.5149e-05
153.35,1.3923e-05
153.4,1.2559e-05
153.45,1.1071e-05
153.5,9.4734e-06
153.55,7.782e-06
153.6,6.0138e-06
153.65,4.1865e-06
153.7,2.3183e-06
153.75,4.2776e-07
153.8,-1.4663e-06
153.85,-3.3451e-06
153.9,-5.1899e-06
153.95,-6.9825e-06
154,-8.7049e-06
154.05,-1.034e-05
154.1,-1.1872e-05
154.15,-1.3285e-05
154.2,-1.4566e-05
154.25,-1.5702e-05
154.3,-1.6681e-05
154.35,-1.7494e-05
154.4,-1.8133e-05
154.45,-1.8592e-05
154.5,-1.8866e-05
154.55,-1.8952e-05
154.6,-1.8851e-05
154.65,-1.8562e-05
154.7,-1.8089e-05
154.75,-1.7437e-05
154.8,-1.6611e-05
154.85,-1.5622e-05
154.9,-1.4477e-05
154.95,-1.319e-05
155,-1.1772e-05
155.05,-1.0237e-05
155.1,-8.6022e-06
155.15,-6.8823e-06
155.2,-5.0947e-06
155.25,-3.2573e-06
155.3,-1.3883e-06
155.35,4.938e-07
155.4,2.3703e-06
155.45,4.2225e-06
155.5,6.0322e-06
155.55,7.7814e-06
155.6,9.4529e-06
155.65,1.103e-05
155.7,1.2497e-05
155.75,1.384e-05
155.8,1.5045e-05
155.85,1.6101e-05
155.9,1.6996e-05
155.95,1.7723e-05
156,1.8274e-05
156.05,1.8644e-05
156.1,1.8829e-05
156.15,1.8828e-05
156.2,1.864e-05
156.25,1.8268e-05
156.3,1.7715e-05
156.35,1.6986e-05
156.4,1.609e-05
156.45,1.5035e-05
156.5,1.3831e-05
156.55,1.2491e-05
156.6,1.1028e-05
156.65,9.4566e-06
156.7,7.7919e-06
156.75,6.0508e-06
156.8,4.2504e-06
156.85,2.4087e-06
156.9,5.4379e-07
156.95,-1.3258e-06
157,-3.1815e-06
157.05,-5.0051e-06
157.1,-6.7785e-06
157.15,-8.4842e-06
157.2,-1.0105e-05
157.25,-1.1626e-05
157.3,-1.3031e-05
157.35,-1.4307e-05
157.4,-1.5441e-05
157.45,-1.6422e-05
157.5,-1.724e-05
157.55,-1.7888e-05
157.6,-1.8359e-05
157.65,-1.8648e-05
157.7,-1.8752e-05
157.75,-1.8672e-05
157.8,-1.8407e-05
157.85,-1.796e-05
157.9,-1.7336e-05
157.95,-1.6542e-05
158,-1.5584e-05
158.05,-1.4472e-05
158.1,-1.3218e-05
158.15,-1.1834e-05
158.2,-1.0334e-05
158.25,-8.7324e-06
158.3,-7.0452e-06
158.35,-5.289e-06
158.4,-3.4812e-06
158.45,-1.6398e-06
158.5,2.1713e-07
158.55,2.0712e-06
158.6,3.9042e-06
158.65,5.698e-06
158.7,7.4349e-06
158.75,9.0978e-06
158.8,1.067e-05
158.85,1.2137e-05
158.9,1.3484e-05
158.95,1.4697e-05
159,1.5765e-05
159.05,1.6677e-05
159.1,1.7424e-05
159.15,1.7999e-05
159.2,1.8397e-05
159.25,1.8613e-05
159.3,1.8645e-05
159.35,1.8494e-05
159.4,1.8161e-05
159.45,1.7649e-05
159.5,1.6963e-05
159.55,1.611e-05
159.6,1.5099e-05
159.65,1.394e-05
159.7,1.2643e-05
159.75,1.1223e-05
159.8,9.6926e-06
159.85,8.0673e-06
159.9,6.3633e-06
159.95,4.5972e-06
160,2.7865e-06
160.05,9.4903e-07
160.1,-8.9711e-07
160.15,-2.7337e-06
160.2,-4.5428e-06
160.25,-6.3065e-06
160.3,-8.0075e-06
160.35,-9.629e-06
160.4,-1.1155e-05
160.45,-1.2571e-05
160.5,-1.3863e-05
160.55,-1.5018e-05
160.6,-1.6025e-05
160.65,-1.6873e-05
160.7,-1.7556e-05
160.75,-1.8066e-05
160.8,-1.8397e-05
160.85,-1.8548e-05
160.9,-1.8517e-05
160.95,-1.8303e-05
161,-1.791e-05
161.05,-1.734e-05
161.1,-1.6601e-05
161.15,-1.5698e-05
161.2,-1.4642e-05
161.25,-1.3442e-05
161.3,-1.211e-05
161.35,-1.066e-05
161.4,-9.1057e-06
161.45,-7.4625e-06
161.5,-5.7466e-06
161.55,-3.9749e-06
161.6,-2.1648e-06
161.65,-3.3409e-07
161.7,1.4992e-06
161.75,3.3172e-06
161.8,5.1019e-06
161.85,6.8359e-06
161.9,8.5022e-06
161.95,1.0084e-05
162,1.1567e-05
162.05,1.2936e-05
162.1,1.4177e-05
162.15,1.5278e-05
162.2,1.6229e-05
162.25,1.7021e-05
162.3,1.7645e-05
162.35,1.8096e-05
162.4,1.8369e-05
162.45,1.8462e-05
162.5,1.8374e-05
162.55,1.8106e-05
162.6,1.766e-05
162.65,1.7041e-05
162.7,1.6255e-05
162.75,1.531e-05
162.8,1.4216e-05
162.85,1.2982e-05
162.9,1.1622e-05
162.95,1.0148e-05
163,8.5748e-06
163.05,6.9184e-06
163.1,5.1948e-06
163.15,3.421e-06
163.2,1.6142e-06
163.25,-2.0769e-07
163.3,-2.0269e-06
163.35,-3.8257e-06
163.4,-5.5863e-06
163.45,-7.2915e-06
163.5,-8.9247e-06
163.55,-1.047e-05
163.6,-1.1912e-05
163.65,-1.3237e-05
163.7,-1.4432e-05
163.75,-1.5485e-05
163.8,-1.6386e-05
163.85,-1.7126e-05
163.9,-1.7699e-05
163.95,-1.8098e-05
164,-1.8319e-05
164.05,-1.8362e-05
164.1,-1.8224e-05
164.15,-1.7908e-05
164.2,-1.7417e-05
164.25,-1.6756e-05
164.3,-1.5931e-05
164.35,-1.4951e-05
164.4,-1.3824e-05
164.45,-1.2563e-05
164.5,-1.1179e-05
164.55,-9.6869e-06
164.6,-8.1001e-06
164.65,-6.4347e-06
164.7,-4.7069e-06
164.75,-2.9337e-06
164.8,-1.1325e-06
164.85,6.7924e-07
164.9,2.4836e-06
164.95,4.2631e-06
165,6.0003e-06
165.05,7.6782e-06
165.1,9.2805e-06
165.15,1.0792e-05
165.2,1.2197e-05
165.25,1.3482e-05
165.3,1.4635e-05
165.35,1.5645e-05
165.4,1.6501e-05
165.45,1.7196e-05
165.5,1.7723e-05
165.55,1.8076e-05
165.6,1.8253e-05
165.65,1.8252e-05
165.7,1.8072e-05
165.75,1.7715e-05
165.8,1.7186e-05
165.85,1.649e-05
165.9,1.5632e-05
165.95,1.4622e-05
166,1.347e-05
166.05,1.2187e-05
166.1,1.0785e-05
166.15,9.2782e-06
166.2,7.6816e-06
166.25,6.0105e-06
166.3,4.2814e-06
166.35,2.5111e-06
166.4,7.1695e-07
166.45,-1.0836e-06
166.5,-2.8729e-06
166.55,-4.6336e-06
166.6,-6.3485e-06
166.65,-8.0008e-06
166.7,-9.5745e-06
166.75,-1.1054e-05
166.8,-1.2426e-05
166.85,-1.3676e-05
166.9,-1.4792e-05
166.95,-1.5763e-05
167,-1.658e-05
167.05,-1.7236e-05
167.1,-1.7723e-05
167.15,-1.8037e-05
167.2,-1.8176e-05
167.25,-1.8137e-05
167.3,-1.7921e-05
167.35,-1.7531e-05
167.4,-1.697e-05
167.45,-1.6244e-05
167.5,-1.536e-05
167.55,-1.4326e-05
167.6,-1.3154e-05
167.65,-1.1853e-05
167.7,-1.0438e-05
167.75,-8.9213e-06
167.8,-7.3184e-06
167.85,-5.6447e-06
167.9,-3.9166e-06
167.95,-2.151e-06
168,-3.6509e-07
168.05,1.4238e-06
168.1,3.1982e-06
168.15,4.9408e-06
168.2,6.6348e-06
168.25,8.2635e-06
168.3,9.8113e-06
168.35,1.1263e-05
168.4,1.2605e-05
168.45,1.3823e-05
168.5,1.4907e-05
168.55,1.5845e-05
168.6,1.6628e-05
168.65,1.725e-05
168.7,1.7703e-05
168.75,1.7985e-05
168.8,1.8091e-05
168.85,1.8021e-05
168.9,1.7776e-05
168.95,1.7358e-05
169,1.6771e-05
169.05,1.6021e-05
169.1,1.5116e-05
169.15,1.4065e-05
169.2,1.2876e-05
169.25,1.1564e-05
169.3,1.0139e-05
169.35,8.6157e-06
169.4,7.0095e-06
169.45,5.3357e-06
169.5,3.6107e-06
169.55,1.8511e-06
169.6,7.4171e-08
169.65,-1.7029e-06
169.7,-3.4628e-06
169.75,-5.1884e-06
169.8,-6.8631e-06
169.85,-8.4705e-06
169.9,-9.995e-06
169.95,-1.1422e-05
170,-1.2737e-05
170.05,-1.3929e-05
170.1,-1.4984e-05
170.15,-1.5894e-05
170.2,-1.6649e-05
170.25,-1.7242e-05
170.3,-1.7668e-05
170.35,-1.7922e-05
170.4,-1.8002e-05
170.45,-1.7907e-05
170.5,-1.7638e-05
170.55,-1.7198e-05
170.6,-1.6591e-05
170.65,-1.5824e-05
170.7,-1.4903e-05
170.75,-1.3837e-05
170.8,-1.2638e-05
170.85,-1.1317e-05
170.9,-9.8864e-06
170.95,-8.3602e-06
171,-6.7535e-06
171.05,-5.0818e-06
171.1,-3.3614e-06
171.15,-1.609e-06
171.2,1.5847e-07
171.25,1.9238e-06
171.3,3.6698e-06
171.35,5.3797e-06
171.4,7.0368e-06
171.45,8.6252e-06
171.5,1.0129e-05
171.55,1.1535e-05
171.6,1.2828e-05
171.65,1.3996e-05
171.7,1.5029e-05
171.75,1.5915e-05
171.8,1.6646e-05
171.85,1.7217e-05
171.9,1.762e-05
171.95,1.7852e-05
172,1.7911e-05
172.05,1.7796e-05
172.1,1.7509e-05
172.15,1.7053e-05
172.2,1.6432e-05
172.25,1.5651e-05
172.3,1.4719e-05
172.35,1.3645e-05
172.4,1.2439e-05
172.45,1.1113e-05
172.5,9.6802e-06
172.55,8.1538e-06
172.6,6.5489e-06
172.65,4.8812e-06
172.7,3.1668e-06
172.75,1.4223e-06
172.8,-3.3542e-07
172.85,-2.0893e-06
172.9,-3.8223e-06
172.95,-5.5178e-06
173,-7.1593e-06
173.05,-8.7309e-06
173.1,-1.0218e-05
173.15,-1.1605e-05
173.2,-1.2879e-05
173.25,-1.4029e-05
173.3,-1.5042e-05
173.35,-1.5909e-05
173.4,-1.6623e-05
173.45,-1.7175e-05
173.5,-1.7561e-05
173.55,-1.7776e-05
173.6,-1.782e-05
173.65,-1.7692e-05
173.7,-1.7392e-05
173.75,-1.6924e-05
173.8,-1.6293e-05
173.85,-1.5504e-05
173.9,-1.4566e-05
173.95,-1.3487e-05
174,-1.2279e-05
174.05,-1.0951e-05
174.1,-9.5189e-06
174.15,-7.9949e-06
174.2,-6.394e-06
174.25,-4.7319e-06
174.3,-3.0246e-06
174.35,-1.2886e-06
174.4,4.5921e-07
174.45,2.202e-06
174.5,3.923e-06
174.55,5.6055e-06
174.6,7.2333e-06
174.65,8.7906e-06
174.7,1.0263e-05
174.75,1.1635e-05
174.8,1.2894e-05
174.85,1.4029e-05
174.9,1.5027e-05
174.95,1.588e-05
175,1.658e-05
175.05,1.7119e-05
175.1,1.7493e-05
175.15,1.7697e-05
175.2,1.7731e-05
175.25,1.7593e-05
175.3,1.7286e-05
175.35,1.6812e-05
175.4,1.6176e-05
175.45,1.5383e-05
175.5,1.4443e-05
175.55,1.3363e-05
175.6,1.2155e-05
175.65,1.083e-05
175.7,9.4012e-06
175.75,7.8818e-06
175.8,6.2869e-06
175.85,4.6319e-06
175.9,2.9327e-06
175.95,1.2058e-06
176,-5.3224e-07
176.05,-2.2645e-06
176.1,-3.9744e-06
176.15,-5.6454e-06
176.2,-7.2614e-06
176.25,-8.8068e-06
176.3,-1.0267e-05
176.35,-1.1627e-05
176.4,-1.2875e-05
176.45,-1.3998e-05
176.5,-1.4987e-05
176.55,-1.583e-05
176.6,-1.652e-05
176.65,-1.7051e-05
176.7,-1.7417e-05
176.75,-1.7615e-05
176.8,-1.7644e-05
176.85,-1.7502e-05
176.9,-1.7192e-05
176.95,-1.6716e-05
177,-1.6079e-05
177.05,-1.5288e-05
177.1,-1.4349e-05
177.15,-1.3273e-05
177.2,-1.2068e-05
177.25,-1.0749e-05
177.3,-9.3254e-06
177.35,-7.813e-06
177.4,-6.2258e-06
177.45,-4.5791e-06
177.5,-2.8889e-06
177.55,-1.1714e-06
177.6,5.5679e-07
177.65,2.2791e-06
177.7,3.9789e-06
177.75,5.6398e-06
177.8,7.2459e-06
177.85,8.7816e-06
177.9,1.0232e-05
177.95,1.1584e-05
178,1.2824e-05
178.05,1.394e-05
178.1,1.4921e-05
178.15,1.5759e-05
178.2,1.6444e-05
178.25,1.6971e-05
178.3,1.7335e-05
178.35,1.7531e-05
178.4,1.7559e-05
178.45,1.7418e-05
178.5,1.7109e-05
178.55,1.6636e-05
178.6,1.6003e-05
178.65,1.5216e-05
178.7,1.4283e-05
178.75,1.3213e-05
178.8,1.2016e-05
178.85,1.0704e-05
178.9,9.2899e-06
178.95,7.7865e-06
179,6.2087e-06
179.05,4.5717e-06
179.1,2.8912e-06
179.15,1.1835e-06
179.2,-5.3502e-07
179.25,-2.2479e-06
179.3,-3.9385e-06
179.35,-5.5908e-06
179.4,-7.1888e-06
179.45,-8.7171e-06
179.5,-1.0161e-05
179.55,-1.1507e-05
179.6,-1.2742e-05
179.65,-1.3854e-05
179.7,-1.4833e-05
179.75,-1.5668e-05
179.8,-1.6353e-05
179.85,-1.6881e-05
179.9,-1.7246e-05
179.95,-1.7445e-05
180,-1.7477e-05
180.05,-1.7341e-05
180.1,-1.7038e-05
180.15,-1.6572e-05
180.2,-1.5947e-05
180.25,-1.5168e-05
180.3,-1.4245e-05
180.35,-1.3184e-05
180.4,-1.1998e-05
180.45,-1.0696e-05
180.5,-9.2928e-06
180.55,-7.8004e-06
180.6,-6.2336e-06
180.65,-4.6074e-06
180.7,-2.9375e-06
180.75,-1.2399e-06
180.8,4.6899e-07
180.85,2.1729e-06
180.9,3.8553e-06
180.95,5.5003e-06
181,7.0919e-06
181.05,8.6149e-06
181.1,1.0055e-05
181.15,1.1398e-05
181.2,1.2631e-05
181.25,1.3742e-05
181.3,1.4722e-05
181.35,1.556e-05
181.4,1.6248e-05
181.45,1.678e-05
181.5,1.7151e-05
181.55,1.7357e-05
181.6,1.7397e-05
181.65,1.727e-05
181.7,1.6977e-05
181.75,1.6522e-05
181.8,1.5908e-05
181.85,1.5142e-05
181.9,1.4231e-05
181.95,1.3184e-05
182,1.2011e-05
182.05,1.0723e-05
182.1,9.3323e-06
182.15,7.8528e-06
182.2,6.2985e-06
182.25,4.6843e-06
182.3,3.0257e-06
182.35,1.3387e-06
182.4,-3.6064e-07
182.45,-2.056e-06
182.5,-3.7311e-06
182.55,-5.3699e-06
182.6,-6.9568e-06
182.65,-8.4764e-06
182.7,-9.9144e-06
182.75,-1.1257e-05
182.8,-1.2491e-05
182.85,-1.3605e-05
182.9,-1.4589e-05
182.95,-1.5432e-05
183,-1.6128e-05
183.05,-1.6668e-05
183.1,-1.7049e-05
183.15,-1.7267e-05
183.2,-1.7319e-05
183.25,-1.7205e-05
183.3,-1.6926e-05
183.35,-1.6485e-05
183.4,-1.5887e-05
183.45,-1.5137e-05
183.5,-1.4242e-05
183.55,-1.3211e-05
183.6,-1.2054e-05
183.65,-1.0781e-05
183.7,-9.4063e-06
183.75,-7.9416e-06
183.8,-6.4014e-06
183.85,-4.8004e-06
183.9,-3.154e-06
183.95,-1.4779e-06
184,2.1182e-07
184.05,1.899e-06
184.1,3.5674e-06
184.15,5.2012e-06
184.2,6.7848e-06
184.25,8.3029e-06
184.3,9.7411e-06
184.35,1.1086e-05
184.4,1.2324e-05
184.45,1.3444e-05
184.5,1.4434e-05
184.55,1.5287e-05
184.6,1.5993e-05
184.65,1.6546e-05
184.7,1.694e-05
184.75,1.7172e-05
184.8,1.724e-05
184.85,1.7143e-05
184.9,1.6883e-05
184.95,1.646e-05
185,1.5881e-05
185.05,1.515e-05
185.1,1.4274e-05
185.15,1.3262e-05
185.2,1.2124e-05
185.25,1.087e-05
185.3,9.5128e-06
185.35,8.0648e-06
185.4,6.5403e-06
185.45,4.9537e-06
185.5,3.3203e-06
185.55,1.6557e-06
185.6,-2.4294e-08
185.65,-1.7035e-06
185.7,-3.3659e-06
185.75,-4.9956e-06
185.8,-6.5771e-06
185.85,-8.0953e-06
185.9,-9.5356e-06
185.95,-1.0884e-05
186,-1.2129e-05
186.05,-1.3257e-05
186.1,-1.4258e-05
186.15,-1.5123e-05
186.2,-1.5843e-05
186.25,-1.6411e-05
186.3,-1.6823e-05
186.35,-1.7074e-05
186.4,-1.7161e-05
186.45,-1.7085e-05
186.5,-1.6846e-05
186.55,-1.6446e-05
186.6,-1.5889e-05
186.65,-1.518e-05
186.7,-1.4327e-05
186.75,-1.3337e-05
186.8,-1.222e-05
186.85,-1.0987e-05
186.9,-9.6496e-06
186.95,-8.2204e-06
187,-6.7131e-06
187.05,-5.1422e-06
187.1,-3.5227e-06
187.15,-1.8701e-06
187.2,-2.0022e-07
187.25,1.4711e-06
187.3,3.1279e-06
187.35,4.7543e-06
187.4,6.3349e-06
187.45,7.8545e-06
187.5,9.2987e-06
187.55,1.0654e-05
187.6,1.1907e-05
187.65,1.3046e-05
187.7,1.406e-05
187.75,1.494e-05
187.8,1.5677e-05
187.85,1.6265e-05
187.9,1.6697e-05
187.95,1.6969e-05
188,1.708e-05
188.05,1.7028e-05
188.1,1.6814e-05
188.15,1.6439e-05
188.2,1.5908e-05
188.25,1.5225e-05
188.3,1.4397e-05
188.35,1.3432e-05
188.4,1.234e-05
188.45,1.113e-05
188.5,9.8146e-06
188.55,8.406e-06
188.6,6.9177e-06
188.65,5.3638e-06
188.7,3.7594e-06
188.75,2.1196e-06
188.8,4.6007e-07
188.85,-1.2033e-06
188.9,-2.8547e-06
188.95,-4.4784e-06
189,-6.059e-06
189.05,-7.5813e-06
189.1,-9.0309e-06
189.15,-1.0394e-05
189.2,-1.1658e-05
189.25,-1.281e-05
189.3,-1.384e-05
189.35,-1.4738e-05
189.4,-1.5495e-05
189.45,-1.6104e-05
189.5,-1.656e-05
189.55,-1.6858e-05
189.6,-1.6995e-05
189.65,-1.6971e-05
189.7,-1.6785e-05
189.75,-1.6439e-05
189.8,-1.5936e-05
189.85,-1.5282e-05
189.9,-1.4483e-05
189.95,-1.3546e-05
190,-1.2481e-05
190.05,-1.1297e-05
190.1,-1.0006e-05
190.15,-8.6196e-06
190.2,-7.1519e-06
190.25,-5.6166e-06
190.3,-4.0283e-06
190.35,-2.4021e-06
190.4,-7.5362e-07
190.45,9.0157e-07
190.5,2.5477e-06
190.55,4.1691e-06
190.6,5.7503e-06
190.65,7.2763e-06
190.7,8.7327e-06
190.75,1.0106e-05
190.8,1.1382e-05
190.85,1.2549e-05
190.9,1.3597e-05
190.95,1.4516e-05
191,1.5295e-05
191.05,1.593e-05
191.1,1.6412e-05
191.15,1.6738e-05
191.2,1.6905e-05
191.25,1.6911e-05
191.3,1.6757e-05
191.35,1.6443e-05
191.4,1.5972e-05
191.45,1.535e-05
191.5,1.4583e-05
191.55,1.3677e-05
191.6,1.2641e-05
191.65,1.1485e-05
191.7,1.022e-05
191.75,8.8588e-06
191.8,7.4137e-06
191.85,5.8984e-06
191.9,4.3276e-06
191.95,2.7161e-06
192,1.0793e-06
192.05,-5.6735e-07
192.1,-2.2081e-06
192.15,-3.8273e-06
192.2,-5.4097e-06
192.25,-6.9402e-06
192.3,-8.4043e-06
192.35,-9.7881e-06
192.4,-1.1079e-05
192.45,-1.2263e-05
192.5,-1.3331e-05
192.55,-1.4272e-05
192.6,-1.5077e-05
192.65,-1.5739e-05
192.7,-1.6251e-05
192.75,-1.6608e-05
192.8,-1.6808e-05
192.85,-1.6848e-05
192.9,-1.6728e-05
192.95,-1.6449e-05
193,-1.6013e-05
193.05,-1.5426e-05
193.1,-1.4693e-05
193.15,-1.382e-05
193.2,-1.2817e-05
193.25,-1.1692e-05
193.3,-1.0456e-05
193.35,-9.1215e-06
193.4,-7.7007e-06
193.45,-6.2072e-06
193.5,-4.6553e-06
193.55,-3.0596e-06
193.6,-1.4353e-06
193.65,2.0207e-07
193.7,1.8371e-06
193.75,3.4541e-06
193.8,5.0379e-06
193.85,6.5735e-06
193.9,8.0462e-06
193.95,9.4421e-06
194,1.0748e-05
194.05,1.1952e-05
194.1,1.3041e-05
194.15,1.4007e-05
194.2,1.484e-05
194.25,1.5531e-05
194.3,1.6075e-05
194.35,1.6466e-05
194.4,1.6701e-05
194.45,1.6778e-05
194.5,1.6695e-05
194.55,1.6454e-05
194.6,1.6057e-05
194.65,1.5508e-05
194.7,1.4812e-05
194.75,1.3975e-05
194.8,1.3007e-05
194.85,1.1915e-05
194.9,1.0711e-05
194.95,9.4051e-06
195,8.0108e-06
195.05,6.5408e-06
195.1,5.0093e-06
195.15,3.4308e-06
195.2,1.8202e-06
195.25,1.9282e-07
195.3,-1.4359e-06
195.35,-3.0506e-06
195.4,-4.6358e-06
195.45,-6.1767e-06
195.5,-7.6585e-06
195.55,-9.0674e-06
195.6,-1.039e-05
195.65,-1.1614e-05
195.7,-1.2727e-05
195.75,-1.3719e-05
195.8,-1.4581e-05
195.85,-1.5305e-05
195.9,-1.5883e-05
195.95,-1.6311e-05
196,-1.6584e-05
196.05,-1.6699e-05
196.1,-1.6657e-05
196.15,-1.6457e-05
196.2,-1.6101e-05
196.25,-1.5592e-05
196.3,-1.4936e-05
196.35,-1.4139e-05
196.4,-1.3208e-05
196.45,-1.2152e-05
196.5,-1.0982e-05
196.55,-9.7074e-06
196.6,-8.3415e-06
196.65,-6.8971e-06
196.7,-5.3878e-06
196.75,-3.8279e-06
196.8,-2.2322e-06
196.85,-6.1581e-07
196.9,1.0059e-06
196.95,2.6177e-06
197,4.2041e-06
197.05,5.7504e-06
197.1,7.2417e-06
197.15,8.664e-06
197.2,1.0004e-05
197.25,1.1249e-05
197.3,1.2387e-05
197.35,1.3407e-05
197.4,1.43e-05
197.45,1.5058e-05
197.5,1.5673e-05
197.55,1.6139e-05
197.6,1.6453e-05
197.65,1.6611e-05
197.7,1.6611e-05
197.75,1.6454e-05
197.8,1.6142e-05
197.85,1.5677e-05
197.9,1.5064e-05
197.95,1.4309e-05
198,1.3418e-05
198.05,1.2401e-05
198.1,1.1266e-05
198.15,1.0026e-05
198.2,8.6906e-06
198.25,7.2737e-06
198.3,5.7884e-06
198.35,4.2488e-06
198.4,2.6695e-06
198.45,1.0654e-06
198.5,-5.4839e-07
198.55,-2.1565e-06
198.6,-3.7437e-06
198.65,-5.2951e-06
198.7,-6.796e-06
198.75,-8.2321e-06
198.8,-9.59e-06
198.85,-1.0857e-05
198.9,-1.2021e-05
198.95,-1.3071e-05
199,-1.3997e-05
199.05,-1.479e-05
199.1,-1.5443e-05
199.15,-1.5951e-05
199.2,-1.6307e-05
199.25,-1.6509e-05
199.3,-1.6555e-05
199.35,-1.6444e-05
199.4,-1.6178e-05
199.45,-1.576e-05
199.5,-1.5192e-05
199.55,-1.4481e-05
199.6,-1.3634e-05
199.65,-1.2657e-05
199.7,-1.1562e-05
199.75,-1.0357e-05
199.8,-9.0554e-06
199.85,-7.6683e-06
199.9,-6.2091e-06
199.95,-4.6916e-06
200,-3.1303e-06
200.05,-1.5399e-06
200.1,6.47e-08
200.15,1.6682e-06
200.2,3.2555e-06
200.25,4.8115e-06
200.3,6.3217e-06
200.35,7.7717e-06
200.4,9.148e-06
200.45,1.0437e-05
200.5,1.1628e-05
200.55,1.2708e-05
200.6,1.3668e-05
200.65,1.4499e-05
200.7,1.5193e-05
200.75,1.5742e-05
200.8,1.6144e-05
200.85,1.6392e-05
200.9,1.6486e-05
200.95,1.6424e-05
201,1.6207e-05
201.05,1.5837e-05
201.1,1.5318e-05
201.15,1.4654e-05
201.2,1.3852e-05
201.25,1.292e-05
201.3,1.1866e-05
201.35,1.07e-05
201.4,9.4336e-06
201.45,8.0785e-06
201.5,6.6475e-06
201.55,5.1542e-06
201.6,3.6127e-06
201.65,2.0376e-06
201.7,4.4366e-07
201.75,-1.154e-06
201.8,-2.7403e-06
201.85,-4.3004e-06
201.9,-5.8194e-06
201.95,-7.283e-06
202,-8.6776e-06
202.05,-9.9899e-06
202.1,-1.1208e-05
202.15,-1.2319e-05
202.2,-1.3314e-05
202.25,-1.4184e-05
202.3,-1.4919e-05
202.35,-1.5513e-05
202.4,-1.5961e-05
202.45,-1.6258e-05
202.5,-1.6402e-05
202.55,-1.6391e-05
202.6,-1.6225e-05
202.65,-1.5907e-05
202.7,-1.5438e-05
202.75,-1.4825e-05
202.8,-1.4071e-05
202.85,-1.3185e-05
202.9,-1.2175e-05
202.95,-1.1051e-05
203,-9.8223e-06
203.05,-8.5017e-06
203.1,-7.1013e-06
203.15,-5.6344e-06
203.2,-4.1148e-06
203.25,-2.5568e-06
203.3,-9.7513e-07
203.35,6.1527e-07
203.4,2.1994e-06
203.45,3.7624e-06
203.5,5.2895e-06
203.55,6.7663e-06
203.6,8.1789e-06
203.65,9.5141e-06
203.7,1.0759e-05
203.75,1.1903e-05
203.8,1.2934e-05
203.85,1.3842e-05
203.9,1.462e-05
203.95,1.5261e-05
204,1.5757e-05
204.05,1.6104e-05
204.1,1.63e-05
204.15,1.6342e-05
204.2,1.623e-05
204.25,1.5966e-05
204.3,1.5551e-05
204.35,1.4989e-05
204.4,1.4287e-05
204.45,1.345e-05
204.5,1.2487e-05
204.55,1.1407e-05
204.6,1.0219e-05
204.65,8.9354e-06
204.7,7.5681e-06
204.75,6.1298e-06
