0,0
0.05,0
0.1,0
0.15,0
0.2,0
0.25,0
0.3,0
0.35,0
0.4,0
0.45,0
0.5,0
0.55,0
0.6,0
0.65,0
0.7,0
0.75,0
0.8,0
0.85,0
0.9,0
0.95,0
1,0
1.05,0
1.1,0
1.15,0
1.2,0
1.25,0
1.3,0
1.35,0
1.4,0
1.45,0
1.5,0
1.55,0
1.6,0
1.65,0
1.7,0
1.75,0
1.8,0
1.85,0
1.9,0
1.95,0
2,0
2.05,0
2.1,0
2.15,0
2.2,0
2.25,0
2.3,0
2.35,0
2.4,0
2.45,0
2.5,0
2.55,0
2.6,0
2.65,0
2.7,0
2.75,0
2.8,0
2.85,0
2.9,0
2.95,0
3,0
3.05,0
3.1,0
3.15,0
3.2,0
3.25,0
3.3,0
3.35,0
3.4,0
3.45,0
3.5,0
3.55,0
3.6,0
3.65,0
3.7,0
3.75,0
3.8,0
3.85,0
3.9,0
3.95,0
4,0
4.05,0
4.1,0
4.15,0
4.2,0
4.25,0
4.3,0
4.35,0
4.4,0
4.45,0
4.5,0
4.55,0
4.6,0
4.65,0
4.7,0
4.75,0
4.8,0
4.85,0
4.9,0
4.95,0
5,0
5.05,0
5.1,0
5.15,0
5.2,0
5.25,0
5.3,0
5.35,0
5.4,0
5.45,0
5.5,0
5.55,0
5.6,0
5.65,0
5.7,0
5.75,0
5.8,0
5.85,0
5.9,0
5.95,0
6,0
6.05,0
6.1,0
6.15,0
6.2,0
6.25,0
6.3,0
6.35,0
6.4,0
6.45,0
6.5,0
6.55,0
6.6,0
6.65,0
6.7,0
6.75,0
6.8,0
6.85,0
6.9,0
6.95,0
7,0
7.05,0
7.1,0
7.15,0
7.2,0
7.25,0
7.3,0
7.35,0
7.4,0
7.45,0
7.5,0
7.55,0
7.6,0
7.65,0
7.7,0
7.75,0
7.8,0
7.85,0
7.9,0
7.95,0
8,0
8.05,0
8.1,0
8.15,0
8.2,0
8.25,0
8.3,0
8.35,0
8.4,0
8.45,0
8.5,0
8.55,0
8.6,0
8.65,0
8.7,0
8.75,0
8.8,0
8.85,0
8.9,0
8.95,0
9,0
9.05,0
9.1,0
9.15,0
9.2,0
9.25,0
9.3,0
9.35,0
9.4,0
9.45,0
9.5,0
9.55,0
9.6,0
9.65,0
9.7,0
9.75,0
9.8,0
9.85,0
9.9,0
9.95,0
10,0
10.05,0
10.1,0
10.15,0
10.2,0
10.25,0
10.3,0
10.35,0
10.4,0
10.45,0
10.5,0
10.55,0
10.6,0
10.65,0
10.7,0
10.75,0
10.8,0
10.85,0
10.9,0
10.95,0
11,0
11.05,0
11.1,0
11.15,0
11.2,0
11.25,0
11.3,0
11.35,0
11.4,0
11.45,0
11.5,0
11.55,0
11.6,0
11.65,0
11.7,0
11.75,0
11.8,0
11.85,0
11.9,0
11.95,0
12,0
12.05,0
12.1,0
12.15,0
12.2,0
12.25,0
12.3,0
12.35,0
12.4,0
12.45,0
12.5,0
12.55,0
12.6,0
12.65,0
12.7,0
12.75,0
12.8,0
12.85,0
12.9,0
12.95,0
13,0
13.05,0
13.1,0
13.15,0
13.2,0
13.25,0
13.3,0
13.35,0
13.4,0
13.45,0
13.5,0
13.55,0
13.6,0
13.65,0
13.7,0
13.75,0
13.8,0
13.85,0
13.9,0
13.95,0
14,0
14.05,0
14.1,0
14.15,0
14.2,0
14.25,0
14.3,0
14.35,0
14.4,0
14.45,0
14.5,0
14.55,0
14.6,0
14.65,0
14.7,0
14.75,0
14.8,0
14.85,0
14.9,0
14.95,0
15,0
15.05,0
15.1,0
15.15,0
15.2,0
15.25,0
15.3,0
15.35,0
15.4,0
15.45,0
15.5,0
15.55,0
15.6,0
15.65,0
15.7,0
15.75,0
15.8,0
15.85,0
15.9,0
15.95,0
16,0
16.05,0
16.1,0
16.15,0
16.2,0
16.25,0
16.3,0
16.35,0
16.4,0
16.45,0
16.5,0
16.55,0
16.6,0
16.65,0
16.7,0
16.75,0
16.8,0
16.85,0
16.9,0
16.95,0
17,0
17.05,0
17.1,0
17.15,0
17.2,0
17.25,0
17.3,0
17.35,0
17.4,0
17.45,0
17.5,0
17.55,0
17.6,0
17.65,0
17.7,0
17.75,0
17.8,0
17.85,0
17.9,0
17.95,0
18,0
18.05,0
18.1,0
18.15,0
18.2,0
18.25,0
18.3,0
18.35,0
18.4,0
18.45,0
18.5,0
18.55,0
18.6,0
18.65,0
18.7,0
18.75,0
18.8,0
18.85,0
18.9,0
18.95,0
19,0
19.05,0
19.1,0
19.15,0
19.2,0
19.25,0
19.3,0
19.35,0
19.4,0
19.45,0
19.5,0
19.55,0
19.6,0
19.65,0
19.7,0
19.75,0
19.8,0
19.85,0
19.9,0
19.95,0
20,0
20.05,0
20.1,0
20.15,0
20.2,0
20.25,0
20.3,0
20.35,0
20.4,0
20.45,0
20.5,0
20.55,0
20.6,0
20.65,0
20.7,0
20.75,0
20.8,0
20.85,-4.7487e-06
20.9,8.9602e-06
20.95,7.6819e-06
21,4.6145e-06
21.05,-3.5082e-07
21.1,-2.7052e-06
21.15,-7.1503e-06
21.2,-8.8089e-06
21.25,-1.0018e-05
21.3,-1.015e-05
21.35,-7.9425e-06
21.4,-6.0373e-06
21.45,-2.1322e-06
21.5,1.1537e-06
21.55,4.5091e-06
21.6,7.4919e-06
21.65,8.7463e-06
21.7,9.6969e-06
21.75,8.5332e-06
21.8,6.8301e-06
21.85,4.0444e-06
21.9,5.9264e-07
21.95,-2.4229e-06
22,-5.7111e-06
22.05,-7.59e-06
22.1,-8.9461e-06
22.15,-8.8878e-06
22.2,-7.6546e-06
22.25,-5.7394e-06
22.3,-2.6785e-06
22.35,1.7558e-07
22.4,3.4049e-06
22.45,5.8367e-06
22.5,7.5944e-06
22.55,8.4462e-06
22.6,7.9455e-06
22.65,6.8112e-06
22.7,4.4361e-06
22.75,1.8872e-06
22.8,-1.0996e-06
22.85,-3.8074e-06
22.9,-5.9289e-06
22.95,-7.4729e-06
23,-7.7715e-06
23.05,-7.4197e-06
23.1,-5.8535e-06
23.15,-3.8237e-06
23.2,-1.2309e-06
23.25,1.4561e-06
23.3,3.8044e-06
23.35,5.8347e-06
23.4,6.8595e-06
23.45,7.2839e-06
23.5,6.5702e-06
23.55,5.2487e-06
23.6,3.2115e-06
23.65,8.3236e-07
23.7,-1.5214e-06
23.75,-3.7947e-06
23.8,-5.3687e-06
23.85,-6.4777e-06
23.9,-6.581e-06
23.95,-6.0675e-06
24,-4.718e-06
24.05,-2.8926e-06
24.1,-7.7674e-07
24.15,1.46e-06
24.2,3.345e-06
24.25,4.9487e-06
24.3,5.7578e-06
24.35,6.0367e-06
24.4,5.4493e-06
24.45,4.3518e-06
24.5,2.6981e-06
24.55,7.915e-07
24.6,-1.1332e-06
24.65,-2.9497e-06
24.7,-4.2737e-06
24.75,-5.1955e-06
24.8,-5.358e-06
24.85,-5.0342e-06
24.9,-4.0166e-06
24.95,-2.672e-06
25,-9.8011e-07
25.05,7.2858e-07
25.1,2.3174e-06
25.15,3.6182e-06
25.2,4.4184e-06
25.25,4.7691e-06
25.3,4.4794e-06
25.35,3.7938e-06
25.4,2.5992e-06
25.45,1.2513e-06
25.5,-2.8739e-07
25.55,-1.6625e-06
25.6,-2.874e-06
25.65,-3.6779e-06
25.7,-4.0744e-06
25.75,-4.0012e-06
25.8,-3.4747e-06
25.85,-2.6181e-06
25.9,-1.4584e-06
25.95,-2.4076e-07
26,1.0221e-06
26.05,2.0545e-06
26.1,2.8937e-06
26.15,3.3144e-06
26.2,3.4262e-06
26.25,3.1005e-06
26.3,2.5107e-06
26.35,1.6279e-06
26.4,6.4995e-07
26.45,-3.8395e-07
26.5,-1.3078e-06
26.55,-2.0593e-06
26.6,-2.5544e-06
26.65,-2.7461e-06
26.7,-2.6537e-06
26.75,-2.264e-06
26.8,-1.6849e-06
26.85,-9.2994e-07
26.9,-1.5499e-07
26.95,6.2625e-07
27,1.2579e-06
27.05,1.756e-06
27.1,2.0029e-06
27.15,2.0614e-06
27.2,1.868e-06
27.25,1.5282e-06
27.3,1.025e-06
27.35,4.8352e-07
27.4,-9.1398e-08
27.45,-5.8495e-07
27.5,-9.9837e-07
27.55,-1.2524e-06
27.6,-1.3722e-06
27.65,-1.3242e-06
27.7,-1.1594e-06
27.75,-8.8201e-07
27.8,-5.5642e-07
27.85,-2.05e-07
27.9,1.1458e-07
27.95,3.8342e-07
28,5.6712e-07
28.05,6.6464e-07
28.1,6.7065e-07
28.15,6.0388e-07
28.2,4.8136e-07
28.25,3.3214e-07
28.3,1.8066e-07
28.35,5.1871e-08
28.4,-3.7944e-08
28.45,-7.936e-08
28.5,-7.2986e-08
28.55,-2.7617e-08
28.6,4.0851e-08
28.65,1.124e-07
28.7,1.6618e-07
28.75,1.8361e-07
28.8,1.5216e-07
28.85,6.6259e-08
28.9,-6.9144e-08
28.95,-2.4241e-07
29,-4.3072e-07
29.05,-6.11e-07
29.1,-7.5131e-07
29.15,-8.3068e-07
29.2,-8.2168e-07
29.25,-7.2061e-07
29.3,-5.1611e-07
29.35,-2.3156e-07
29.4,1.2517e-07
29.45,5.0417e-07
29.5,8.8609e-07
29.55,1.2058e-06
29.6,1.4488e-06
29.65,1.5524e-06
29.7,1.5256e-06
29.75,1.3239e-06
29.8,9.9298e-07
29.85,5.1408e-07
29.9,-3.0328e-08
29.95,-6.3798e-07
30,-1.2026e-06
30.05,-1.7172e-06
30.1,-2.0745e-06
30.15,-2.2838e-06
30.2,-2.2615e-06
30.25,-2.0497e-06
30.3,-1.606e-06
30.35,-1.0092e-06
30.4,-2.629e-07
30.45,5.3029e-07
30.5,1.3311e-06
30.55,2.04e-06
30.6,2.6013e-06
30.65,2.9525e-06
30.7,3.043e-06
30.75,2.8743e-06
30.8,2.4172e-06
30.85,1.7466e-06
30.9,8.5962e-07
30.95,-1.0791e-07
31,-1.1426e-06
31.05,-2.0777e-06
31.1,-2.9049e-06
31.15,-3.4663e-06
31.2,-3.781e-06
31.25,-3.7386e-06
31.3,-3.3972e-06
31.35,-2.7218e-06
31.4,-1.8015e-06
31.45,-6.8656e-07
31.5,5.2962e-07
31.55,1.7252e-06
31.6,2.8357e-06
31.65,3.7046e-06
31.7,4.3234e-06
31.75,4.5472e-06
31.8,4.4381e-06
31.85,3.9016e-06
31.9,3.0646e-06
31.95,1.9052e-06
32,5.8512e-07
32.05,-8.4149e-07
32.1,-2.2286e-06
32.15,-3.4603e-06
32.2,-4.4576e-06
32.25,-5.0776e-06
32.3,-5.3369e-06
32.35,-5.113e-06
32.4,-4.5157e-06
32.45,-3.482e-06
32.5,-2.1856e-06
32.55,-6.425e-07
32.6,9.6452e-07
32.65,2.5386e-06
32.7,3.9535e-06
32.75,5.0551e-06
32.8,5.8159e-06
32.85,6.077e-06
32.9,5.9142e-06
32.95,5.2215e-06
33,4.1494e-06
33.05,2.6885e-06
33.1,1.0073e-06
33.15,-7.8873e-07
33.2,-2.5774e-06
33.25,-4.1624e-06
33.3,-5.5035e-06
33.35,-6.3838e-06
33.4,-6.8432e-06
33.45,-6.7297e-06
33.5,-6.1323e-06
33.55,-5.0333e-06
33.6,-3.5233e-06
33.65,-1.7435e-06
33.7,2.4648e-07
33.75,2.1954e-06
33.8,4.0721e-06
33.85,5.6169e-06
33.9,6.8056e-06
33.95,7.4808e-06
34,7.6015e-06
34.05,7.184e-06
34.1,6.1748e-06
34.15,4.7498e-06
34.2,2.8882e-06
34.25,8.3681e-07
34.3,-1.3424e-06
34.35,-3.4465e-06
34.4,-5.311e-06
34.45,-6.8567e-06
34.5,-7.866e-06
34.55,-8.38e-06
34.6,-8.2367e-06
34.65,-7.5325e-06
34.7,-6.2627e-06
34.75,-4.5059e-06
34.8,-2.4444e-06
34.85,-1.1944e-07
34.9,2.1824e-06
34.95,4.4133e-06
35,6.329e-06
35.05,7.8238e-06
35.1,8.8137e-06
35.15,9.1436e-06
35.2,8.899e-06
35.25,7.9676e-06
35.3,6.5103e-06
35.35,4.5676e-06
35.4,2.265e-06
35.45,-1.7641e-07
35.5,-2.6971e-06
35.55,-4.9998e-06
35.6,-7.0321e-06
35.65,-8.5887e-06
35.7,-9.5599e-06
35.75,-9.936e-06
35.8,-9.5786e-06
35.85,-8.6293e-06
35.9,-7.0421e-06
35.95,-4.9754e-06
36,-2.5727e-06
36.05,7.8896e-08
36.1,2.6905e-06
36.15,5.2089e-06
36.2,7.3729e-06
36.25,9.0715e-06
36.3,1.0222e-05
36.35,1.0652e-05
36.4,1.045e-05
36.45,9.5115e-06
36.5,7.9591e-06
36.55,5.8913e-06
36.6,3.3703e-06
36.65,6.6899e-07
36.7,-2.1566e-06
36.75,-4.8423e-06
36.8,-7.2328e-06
36.85,-9.2246e-06
36.9,-1.0583e-05
36.95,-1.1336e-05
37,-1.1342e-05
37.05,-1.0623e-05
37.1,-9.2647e-06
37.15,-7.2489e-06
37.2,-4.8162e-06
37.25,-2.0265e-06
37.3,9.1943e-07
37.35,3.7934e-06
37.4,6.5161e-06
37.45,8.8021e-06
37.5,1.0591e-05
37.55,1.175e-05
37.6,1.2151e-05
37.65,1.187e-05
37.7,1.0808e-05
37.75,9.0964e-06
37.8,6.837e-06
37.85,4.0933e-06
37.9,1.1389e-06
37.95,-1.9487e-06
38,-4.9377e-06
38.05,-7.6196e-06
38.1,-9.9218e-06
38.15,-1.1594e-05
38.2,-1.2614e-05
38.25,-1.2905e-05
38.3,-1.2385e-05
38.35,-1.1187e-05
38.4,-9.2788e-06
38.45,-6.8151e-06
38.5,-3.9678e-06
38.55,-8.1216e-07
38.6,2.364e-06
38.65,5.4433e-06
38.7,8.2503e-06
38.75,1.0549e-05
38.8,1.2307e-05
38.85,1.3341e-05
38.9,1.3604e-05
38.95,1.3136e-05
39,1.1859e-05
39.05,9.9338e-06
39.1,7.435e-06
39.15,4.4594e-06
39.2,1.2666e-06
39.25,-2.0563e-06
39.3,-5.2829e-06
39.35,-8.1979e-06
39.4,-1.0726e-05
39.45,-1.2631e-05
39.5,-1.385e-05
39.55,-1.4342e-05
39.6,-1.3992e-05
39.65,-1.2907e-05
39.7,-1.1103e-05
39.75,-8.6438e-06
39.8,-5.7484e-06
39.85,-2.4856e-06
39.9,9.3123e-07
39.95,4.2812e-06
40,7.4684e-06
40.05,1.0238e-05
40.1,1.2467e-05
40.15,1.4078e-05
40.2,1.4897e-05
40.25,1.495e-05
40.3,1.4219e-05
40.35,1.2687e-05
40.4,1.0519e-05
40.45,7.7659e-06
40.5,4.5683e-06
40.55,1.1589e-06
40.6,-2.3675e-06
40.65,-5.7819e-06
40.7,-8.8819e-06
40.75,-1.1581e-05
40.8,-1.3664e-05
40.85,-1.5042e-05
40.9,-1.5689e-05
40.95,-1.549e-05
41,-1.451e-05
41.05,-1.2804e-05
41.1,-1.0392e-05
41.15,-7.4737e-06
41.2,-4.1611e-06
41.25,-5.889e-07
41.3,2.9881e-06
41.35,6.4507e-06
41.4,9.622e-06
41.45,1.2285e-05
41.5,1.4379e-05
41.55,1.5765e-05
41.6,1.634e-05
41.65,1.6148e-05
41.7,1.5138e-05
41.75,1.3359e-05
41.8,1.0953e-05
41.85,7.9703e-06
41.9,4.5811e-06
41.95,9.8673e-07
42,-2.7063e-06
42.05,-6.2732e-06
42.1,-9.5271e-06
42.15,-1.2371e-05
42.2,-1.461e-05
42.25,-1.6141e-05
42.3,-1.694e-05
42.35,-1.6903e-05
42.4,-1.6057e-05
42.45,-1.4473e-05
42.5,-1.2164e-05
42.55,-9.2763e-06
42.6,-5.9637e-06
42.65,-2.3231e-06
42.7,1.4256e-06
42.75,5.1045e-06
42.8,8.5923e-06
42.85,1.1672e-05
42.9,1.4209e-05
42.95,1.6129e-05
43,1.7284e-05
43.05,1.7641e-05
43.1,1.7217e-05
43.15,1.5973e-05
43.2,1.3995e-05
43.25,1.1395e-05
43.3,8.2397e-06
43.35,4.704e-06
43.4,9.6554e-07
43.45,-2.858e-06
43.5,-6.5567e-06
43.55,-9.9529e-06
43.6,-1.2942e-05
43.65,-1.5351e-05
43.7,-1.7065e-05
43.75,-1.8052e-05
43.8,-1.8228e-05
43.85,-1.7581e-05
43.9,-1.6182e-05
43.95,-1.4052e-05
44,-1.1283e-05
44.05,-8.0373e-06
44.1,-4.4172e-06
44.15,-5.794e-07
44.2,3.2691e-06
44.25,6.9993e-06
44.3,1.0451e-05
44.35,1.3436e-05
44.4,1.5861e-05
44.45,1.7625e-05
44.5,1.8613e-05
44.55,1.8818e-05
44.6,1.8234e-05
44.65,1.6849e-05
44.7,1.4752e-05
44.75,1.204e-05
44.8,8.7892e-06
44.85,5.1648e-06
44.9,1.33e-06
44.95,-2.5913e-06
45,-6.4117e-06
45.05,-9.9564e-06
45.1,-1.3114e-05
45.15,-1.5736e-05
45.2,-1.7693e-05
45.25,-1.8939e-05
45.3,-1.9411e-05
45.35,-1.9066e-05
45.4,-1.7951e-05
45.45,-1.6105e-05
45.5,-1.3577e-05
45.55,-1.05e-05
45.6,-6.999e-06
45.65,-3.1868e-06
45.7,7.5748e-07
45.75,4.6673e-06
45.8,8.4151e-06
45.85,1.1832e-05
45.9,1.4768e-05
45.95,1.7135e-05
46,1.8826e-05
46.05,1.9756e-05
46.1,1.9915e-05
46.15,1.9294e-05
46.2,1.7892e-05
46.25,1.5789e-05
46.3,1.3072e-05
46.35,9.8223e-06
46.4,6.1824e-06
46.45,2.3071e-06
46.5,-1.6772e-06
46.55,-5.6087e-06
46.6,-9.3163e-06
46.65,-1.2678e-05
46.7,-1.5567e-05
46.75,-1.7848e-05
46.8,-1.9451e-05
46.85,-2.0323e-05
46.9,-2.041e-05
46.95,-1.9716e-05
47,-1.8284e-05
47.05,-1.6149e-05
47.1,-1.3391e-05
47.15,-1.0134e-05
47.2,-6.4882e-06
47.25,-2.5809e-06
47.3,1.4211e-06
47.35,5.3733e-06
47.4,9.1435e-06
47.45,1.2576e-05
47.5,1.5539e-05
47.55,1.7941e-05
47.6,1.9685e-05
47.65,2.0695e-05
47.7,2.0952e-05
47.75,2.0446e-05
47.8,1.918e-05
47.85,1.7212e-05
47.9,1.4622e-05
47.95,1.1489e-05
48,7.9305e-06
48.05,4.0883e-06
48.1,8.9861e-08
48.15,-3.9252e-06
48.2,-7.7978e-06
48.25,-1.1394e-05
48.3,-1.4596e-05
48.35,-1.7279e-05
48.4,-1.9343e-05
48.45,-2.0729e-05
48.5,-2.1383e-05
48.55,-2.1272e-05
48.6,-2.0414e-05
48.65,-1.8841e-05
48.7,-1.6595e-05
48.75,-1.3764e-05
48.8,-1.0453e-05
48.85,-6.7696e-06
48.9,-2.8402e-06
48.95,1.1872e-06
49,5.1777e-06
49.05,9.0007e-06
49.1,1.2515e-05
49.15,1.5598e-05
49.2,1.8154e-05
49.25,2.0092e-05
49.3,2.1338e-05
49.35,2.1859e-05
49.4,2.164e-05
49.45,2.0681e-05
49.5,1.9016e-05
49.55,1.6712e-05
49.6,1.3838e-05
49.65,1.049e-05
49.7,6.7896e-06
49.75,2.859e-06
49.8,-1.1767e-06
49.85,-5.1769e-06
49.9,-9.0043e-06
49.95,-1.2539e-05
50,-1.5664e-05
50.05,-1.8269e-05
50.1,-2.0273e-05
50.15,-2.1614e-05
50.2,-2.2242e-05
50.25,-2.2138e-05
50.3,-2.1311e-05
50.35,-1.9787e-05
50.4,-1.7612e-05
50.45,-1.4862e-05
50.5,-1.163e-05
50.55,-8.0148e-06
50.6,-4.1345e-06
50.65,-1.2058e-07
50.7,3.9007e-06
50.75,7.8043e-06
50.8,1.1459e-05
50.85,1.4748e-05
50.9,1.7572e-05
50.95,1.9839e-05
51,2.1473e-05
51.05,2.2428e-05
51.1,2.2676e-05
51.15,2.2205e-05
51.2,2.1031e-05
51.25,1.9197e-05
51.3,1.676e-05
51.35,1.3791e-05
51.4,1.039e-05
51.45,6.6642e-06
51.5,2.7261e-06
51.55,-1.3024e-06
51.6,-5.29e-06
51.65,-9.1156e-06
51.7,-1.2666e-05
51.75,-1.5828e-05
51.8,-1.8502e-05
51.85,-2.0611e-05
51.9,-2.2092e-05
51.95,-2.2896e-05
52,-2.2999e-05
52.05,-2.2406e-05
52.1,-2.1131e-05
52.15,-1.921e-05
52.2,-1.6708e-05
52.25,-1.3702e-05
52.3,-1.0279e-05
52.35,-6.5412e-06
52.4,-2.6083e-06
52.45,1.4039e-06
52.5,5.3809e-06
52.55,9.1995e-06
52.6,1.2742e-05
52.65,1.591e-05
52.7,1.8611e-05
52.75,2.0759e-05
52.8,2.2292e-05
52.85,2.3173e-05
52.9,2.3373e-05
52.95,2.2883e-05
53,2.172e-05
53.05,1.9927e-05
53.1,1.7549e-05
53.15,1.4654e-05
53.2,1.1334e-05
53.25,7.6867e-06
53.3,3.8115e-06
53.35,-1.7859e-07
53.4,-4.1607e-06
53.45,-8.0233e-06
53.5,-1.1662e-05
53.55,-1.4967e-05
53.6,-1.7841e-05
53.65,-2.0206e-05
53.7,-2.2001e-05
53.75,-2.3167e-05
53.8,-2.3671e-05
53.85,-2.3507e-05
53.9,-2.2681e-05
53.95,-2.1209e-05
54,-1.9136e-05
54.05,-1.6528e-05
54.1,-1.3457e-05
54.15,-1.0001e-05
54.2,-6.2635e-06
54.25,-2.3554e-06
54.3,1.6209e-06
54.35,5.5587e-06
54.4,9.3413e-06
54.45,1.2861e-05
54.5,1.603e-05
54.55,1.8761e-05
54.6,2.0971e-05
54.65,2.2602e-05
54.7,2.3617e-05
54.75,2.3987e-05
54.8,2.3696e-05
54.85,2.2756e-05
54.9,2.1201e-05
54.95,1.9069e-05
55,1.6413e-05
55.05,1.3311e-05
55.1,9.8547e-06
55.15,6.1299e-06
55.2,2.2332e-06
55.25,-1.7223e-06
55.3,-5.6267e-06
55.35,-9.3841e-06
55.4,-1.2896e-05
55.45,-1.6061e-05
55.5,-1.8792e-05
55.55,-2.1029e-05
55.6,-2.2711e-05
55.65,-2.3786e-05
55.7,-2.4228e-05
55.75,-2.4035e-05
55.8,-2.321e-05
55.85,-2.1768e-05
55.9,-1.9752e-05
55.95,-1.7223e-05
56,-1.4244e-05
56.05,-1.0885e-05
56.1,-7.2416e-06
56.15,-3.4149e-06
56.2,5.0078e-07
56.25,4.4103e-06
56.3,8.2059e-06
56.35,1.1783e-05
56.4,1.5057e-05
56.45,1.795e-05
56.5,2.038e-05
56.55,2.228e-05
56.6,2.3611e-05
56.65,2.4344e-05
56.7,2.4452e-05
56.75,2.3931e-05
56.8,2.2803e-05
56.85,2.1101e-05
56.9,1.8861e-05
56.95,1.6137e-05
57,1.3008e-05
57.05,9.5562e-06
57.1,5.86e-06
57.15,2.0108e-06
57.2,-1.8852e-06
57.25,-5.7284e-06
57.3,-9.4323e-06
57.35,-1.2906e-05
57.4,-1.6053e-05
57.45,-1.8795e-05
57.5,-2.1075e-05
57.55,-2.2836e-05
57.6,-2.4027e-05
57.65,-2.4618e-05
57.7,-2.4606e-05
57.75,-2.3993e-05
57.8,-2.2784e-05
57.85,-2.1011e-05
57.9,-1.8726e-05
57.95,-1.5988e-05
58,-1.2855e-05
58.05,-9.4035e-06
58.1,-5.727e-06
58.15,-1.9165e-06
58.2,1.9445e-06
58.25,5.7633e-06
58.3,9.4384e-06
58.35,1.288e-05
58.4,1.6014e-05
58.45,1.8768e-05
58.5,2.1067e-05
58.55,2.2854e-05
58.6,2.4097e-05
58.65,2.4768e-05
58.7,2.4845e-05
58.75,2.4323e-05
58.8,2.3226e-05
58.85,2.1582e-05
58.9,1.9423e-05
58.95,1.6799e-05
59,1.3779e-05
59.05,1.0441e-05
59.1,6.8554e-06
59.15,3.1021e-06
59.2,-7.2182e-07
59.25,-4.5217e-06
59.3,-8.2161e-06
59.35,-1.1724e-05
59.4,-1.4957e-05
59.45,-1.7834e-05
59.5,-2.0296e-05
59.55,-2.2291e-05
59.6,-2.377e-05
59.65,-2.469e-05
59.7,-2.5038e-05
59.75,-2.4814e-05
59.8,-2.4019e-05
59.85,-2.2664e-05
59.9,-2.0787e-05
59.95,-1.8438e-05
60,-1.567e-05
60.05,-1.2538e-05
60.1,-9.1167e-06
60.15,-5.4932e-06
60.2,-1.7494e-06
60.25,2.0381e-06
60.3,5.7833e-06
60.35,9.3925e-06
60.4,1.2783e-05
60.45,1.5887e-05
60.5,1.8638e-05
60.55,2.0965e-05
60.6,2.2813e-05
60.65,2.4151e-05
60.7,2.4952e-05
60.75,2.5194e-05
60.8,2.4865e-05
60.85,2.3981e-05
60.9,2.2569e-05
60.95,2.0655e-05
61,1.8276e-05
61.05,1.5491e-05
61.1,1.2368e-05
61.15,8.9757e-06
61.2,5.3802e-06
61.25,1.6632e-06
61.3,-2.0845e-06
61.35,-5.7807e-06
61.4,-9.3529e-06
61.45,-1.2724e-05
61.5,-1.5812e-05
61.55,-1.8548e-05
61.6,-2.0879e-05
61.65,-2.2761e-05
61.7,-2.4145e-05
61.75,-2.4996e-05
61.8,-2.5305e-05
61.85,-2.5071e-05
61.9,-2.4295e-05
61.95,-2.2988e-05
62,-2.1182e-05
62.05,-1.8926e-05
62.1,-1.6266e-05
62.15,-1.3253e-05
62.2,-9.9512e-06
62.25,-6.441e-06
62.3,-2.7991e-06
62.35,9.0388e-07
62.4,4.5922e-06
62.45,8.18e-06
62.5,1.1587e-05
62.55,1.4746e-05
62.6,1.7597e-05
62.65,2.0075e-05
62.7,2.2122e-05
62.75,2.3698e-05
62.8,2.4778e-05
62.85,2.5339e-05
62.9,2.5362e-05
62.95,2.4847e-05
63,2.3814e-05
63.05,2.2287e-05
63.1,2.0293e-05
63.15,1.787e-05
63.2,1.5074e-05
63.25,1.1971e-05
63.3,8.6213e-06
63.35,5.0879e-06
63.4,1.4478e-06
63.45,-2.2161e-06
63.5,-5.8289e-06
63.55,-9.3236e-06
63.6,-1.2629e-05
63.65,-1.567e-05
63.7,-1.8382e-05
63.75,-2.0715e-05
63.8,-2.2628e-05
63.85,-2.4077e-05
63.9,-2.5025e-05
63.95,-2.546e-05
64,-2.5378e-05
64.05,-2.4783e-05
64.1,-2.3678e-05
64.15,-2.2088e-05
64.2,-2.0052e-05
64.25,-1.7615e-05
64.3,-1.4821e-05
64.35,-1.1722e-05
64.4,-8.3875e-06
64.45,-4.89e-06
64.5,-1.2974e-06
64.55,2.3246e-06
64.6,5.9018e-06
64.65,9.3552e-06
64.7,1.2615e-05
64.75,1.5623e-05
64.8,1.8322e-05
64.85,2.0654e-05
64.9,2.2567e-05
64.95,2.4028e-05
65,2.5016e-05
65.05,2.5508e-05
65.1,2.5489e-05
65.15,2.4962e-05
65.2,2.3943e-05
65.25,2.2456e-05
65.3,2.0525e-05
65.35,1.8184e-05
65.4,1.5486e-05
65.45,1.2489e-05
65.5,9.2509e-06
65.55,5.828e-06
65.6,2.2889e-06
65.65,-1.2901e-06
65.7,-4.8377e-06
65.75,-8.2908e-06
65.8,-1.1585e-05
65.85,-1.4653e-05
65.9,-1.7429e-05
65.95,-1.9863e-05
66,-2.1915e-05
66.05,-2.3544e-05
66.1,-2.4713e-05
66.15,-2.54e-05
66.2,-2.5597e-05
66.25,-2.5305e-05
66.3,-2.4526e-05
66.35,-2.327e-05
66.4,-2.1566e-05
66.45,-1.9452e-05
66.5,-1.697e-05
66.55,-1.4162e-05
66.6,-1.1079e-05
66.65,-7.7877e-06
66.7,-4.3538e-06
66.75,-8.394e-07
66.8,2.6938e-06
66.85,6.1764e-06
66.9,9.5365e-06
66.95,1.271e-05
67,1.5644e-05
67.05,1.8285e-05
67.1,2.0578e-05
67.15,2.2477e-05
67.2,2.395e-05
67.25,2.4976e-05
67.3,2.5533e-05
67.35,2.5609e-05
67.4,2.5199e-05
67.45,2.4318e-05
67.5,2.2988e-05
67.55,2.1228e-05
67.6,1.9069e-05
67.65,1.6553e-05
67.7,1.3733e-05
67.75,1.0662e-05
67.8,7.3932e-06
67.85,3.9843e-06
67.9,5.0328e-07
67.95,-2.9808e-06
68,-6.4062e-06
68.05,-9.7147e-06
68.1,-1.2846e-05
68.15,-1.5735e-05
68.2,-1.833e-05
68.25,-2.0586e-05
68.3,-2.2466e-05
68.35,-2.3935e-05
68.4,-2.496e-05
68.45,-2.5524e-05
68.5,-2.5623e-05
68.55,-2.5257e-05
68.6,-2.443e-05
68.65,-2.3154e-05
68.7,-2.1455e-05
68.75,-1.9371e-05
68.8,-1.6938e-05
68.85,-1.4196e-05
68.9,-1.1195e-05
68.95,-7.9927e-06
69,-4.652e-06
69.05,-1.23e-06
69.1,2.2158e-06
69.15,5.6225e-06
69.2,8.9238e-06
69.25,1.2059e-05
69.3,1.4976e-05
69.35,1.7627e-05
69.4,1.9961e-05
69.45,2.1933e-05
69.5,2.3508e-05
69.55,2.4665e-05
69.6,2.5383e-05
69.65,2.5648e-05
69.7,2.5452e-05
69.75,2.4802e-05
69.8,2.3713e-05
69.85,2.2208e-05
69.9,2.0307e-05
69.95,1.8043e-05
70,1.5461e-05
70.05,1.2611e-05
70.1,9.5412e-06
70.15,6.302e-06
70.2,2.9504e-06
70.25,-4.4988e-07
70.3,-3.8365e-06
70.35,-7.1533e-06
70.4,-1.0346e-05
70.45,-1.3358e-05
70.5,-1.6131e-05
70.55,-1.8617e-05
70.6,-2.0776e-05
70.65,-2.2575e-05
70.7,-2.398e-05
70.75,-2.4963e-05
70.8,-2.5508e-05
70.85,-2.561e-05
70.9,-2.5271e-05
70.95,-2.4493e-05
71,-2.3287e-05
71.05,-2.1676e-05
71.1,-1.9694e-05
71.15,-1.7376e-05
71.2,-1.4757e-05
71.25,-1.1881e-05
71.3,-8.8021e-06
71.35,-5.5762e-06
71.4,-2.2584e-06
71.45,1.0982e-06
71.5,4.4373e-06
71.55,7.698e-06
71.6,1.0822e-05
71.65,1.3757e-05
71.7,1.6457e-05
71.75,1.8878e-05
71.8,2.0974e-05
71.85,2.2707e-05
71.9,2.4052e-05
71.95,2.499e-05
72,2.5505e-05
72.05,2.5584e-05
72.1,2.5226e-05
72.15,2.4441e-05
72.2,2.3245e-05
72.25,2.1659e-05
72.3,1.9705e-05
72.35,1.7416e-05
72.4,1.4836e-05
72.45,1.2011e-05
72.5,8.9859e-06
72.55,5.8088e-06
72.6,2.5338e-06
72.65,-7.8029e-07
72.7,-4.0762e-06
72.75,-7.3015e-06
72.8,-1.0406e-05
72.85,-1.3336e-05
72.9,-1.6039e-05
72.95,-1.847e-05
73,-2.0592e-05
73.05,-2.2372e-05
73.1,-2.3781e-05
73.15,-2.479e-05
73.2,-2.5384e-05
73.25,-2.5558e-05
73.3,-2.531e-05
73.35,-2.4644e-05
73.4,-2.3568e-05
73.45,-2.21e-05
73.5,-2.027e-05
73.55,-1.8108e-05
73.6,-1.565e-05
73.65,-1.2933e-05
73.7,-1.0002e-05
73.75,-6.9104e-06
73.8,-3.7098e-06
73.85,-4.503e-07
73.9,2.8173e-06
73.95,6.0385e-06
74,9.157e-06
74.05,1.2121e-05
74.1,1.4886e-05
74.15,1.7408e-05
74.2,1.9647e-05
74.25,2.1561e-05
74.3,2.3122e-05
74.35,2.4305e-05
74.4,2.5095e-05
74.45,2.5479e-05
74.5,2.5446e-05
74.55,2.4999e-05
74.6,2.4148e-05
74.65,2.291e-05
74.7,2.1302e-05
74.75,1.935e-05
74.8,1.7084e-05
74.85,1.4545e-05
74.9,1.1776e-05
74.95,8.8194e-06
75,5.721e-06
75.05,2.5305e-06
75.1,-6.9757e-07
75.15,-3.9097e-06
75.2,-7.0567e-06
75.25,-1.0091e-05
75.3,-1.2964e-05
75.35,-1.5626e-05
75.4,-1.8035e-05
75.45,-2.0154e-05
75.5,-2.1952e-05
75.55,-2.3402e-05
75.6,-2.4477e-05
75.65,-2.5159e-05
75.7,-2.544e-05
75.75,-2.532e-05
75.8,-2.48e-05
75.85,-2.3886e-05
75.9,-2.2592e-05
75.95,-2.094e-05
76,-1.8961e-05
76.05,-1.6686e-05
76.1,-1.4147e-05
76.15,-1.1384e-05
76.2,-8.443e-06
76.25,-5.3732e-06
76.3,-2.2226e-06
76.35,9.6213e-07
76.4,4.1321e-06
76.45,7.2357e-06
76.5,1.0222e-05
76.55,1.3044e-05
76.6,1.5662e-05
76.65,1.8035e-05
76.7,2.0125e-05
76.75,2.1898e-05
76.8,2.3326e-05
76.85,2.4391e-05
76.9,2.5077e-05
76.95,2.5373e-05
77,2.5272e-05
77.05,2.4778e-05
77.1,2.3899e-05
77.15,2.2653e-05
77.2,2.1056e-05
77.25,1.9133e-05
77.3,1.6914e-05
77.35,1.4434e-05
77.4,1.1736e-05
77.45,8.8589e-06
77.5,5.8453e-06
77.55,2.7416e-06
77.6,-4.0186e-07
77.65,-3.5348e-06
77.7,-6.6105e-06
77.75,-9.5842e-06
77.8,-1.2411e-05
77.85,-1.5045e-05
77.9,-1.7444e-05
77.95,-1.9574e-05
78,-2.1404e-05
78.05,-2.2908e-05
78.1,-2.406e-05
78.15,-2.4842e-05
78.2,-2.5244e-05
78.25,-2.5261e-05
78.3,-2.4895e-05
78.35,-2.4151e-05
78.4,-2.3038e-05
78.45,-2.1574e-05
78.5,-1.9785e-05
78.55,-1.7698e-05
78.6,-1.5344e-05
78.65,-1.2758e-05
78.7,-9.9786e-06
78.75,-7.0506e-06
78.8,-4.02e-06
78.85,-9.3125e-07
78.9,2.1712e-06
78.95,5.2407e-06
79,8.2288e-06
79.05,1.1089e-05
79.1,1.378e-05
79.15,1.6263e-05
79.2,1.8502e-05
79.25,2.0461e-05
79.3,2.211e-05
79.35,2.3426e-05
79.4,2.4391e-05
79.45,2.4992e-05
79.5,2.5219e-05
79.55,2.5066e-05
79.6,2.4539e-05
79.65,2.3645e-05
79.7,2.2402e-05
79.75,2.0826e-05
79.8,1.894e-05
79.85,1.6771e-05
79.9,1.4354e-05
79.95,1.1728e-05
80,8.9298e-06
80.05,5.9999e-06
80.1,2.981e-06
80.15,-8.0019e-08
80.2,-3.1361e-06
80.25,-6.1425e-06
80.3,-9.0571e-06
80.35,-1.1838e-05
80.4,-1.4442e-05
80.45,-1.683e-05
80.5,-1.8967e-05
80.55,-2.0823e-05
80.6,-2.2374e-05
80.65,-2.3595e-05
80.7,-2.4467e-05
80.75,-2.4976e-05
80.8,-2.5119e-05
80.85,-2.4895e-05
80.9,-2.4308e-05
80.95,-2.3363e-05
81,-2.2075e-05
81.05,-2.0465e-05
81.1,-1.8557e-05
81.15,-1.6382e-05
81.2,-1.3968e-05
81.25,-1.135e-05
81.3,-8.5668e-06
81.35,-5.6622e-06
81.4,-2.6788e-06
81.45,3.4192e-07
81.5,3.3574e-06
81.55,6.3232e-06
81.6,9.1946e-06
81.65,1.1929e-05
81.7,1.4488e-05
81.75,1.6837e-05
81.8,1.8942e-05
81.85,2.0771e-05
81.9,2.2297e-05
81.95,2.3499e-05
82,2.4361e-05
82.05,2.4873e-05
82.1,2.5026e-05
82.15,2.4817e-05
82.2,2.4249e-05
82.25,2.3333e-05
82.3,2.2084e-05
82.35,2.0518e-05
82.4,1.8658e-05
82.45,1.6529e-05
82.5,1.4165e-05
82.55,1.1601e-05
82.6,8.873e-06
82.65,6.0191e-06
82.7,3.0792e-06
82.75,9.6889e-08
82.8,-2.8834e-06
82.85,-5.8192e-06
82.9,-8.6705e-06
82.95,-1.1398e-05
83,-1.3962e-05
83.05,-1.6324e-05
83.1,-1.8451e-05
83.15,-2.0314e-05
83.2,-2.1888e-05
83.25,-2.3151e-05
83.3,-2.4085e-05
83.35,-2.4674e-05
83.4,-2.4912e-05
83.45,-2.4798e-05
83.5,-2.4334e-05
83.55,-2.3526e-05
83.6,-2.2385e-05
83.65,-2.0926e-05
83.7,-1.9174e-05
83.75,-1.7153e-05
83.8,-1.4893e-05
83.85,-1.2422e-05
83.9,-9.7765e-06
83.95,-6.9952e-06
84,-4.1187e-06
84.05,-1.1872e-06
84.1,1.76e-06
84.15,4.6821e-06
84.2,7.5371e-06
84.25,1.0283e-05
84.3,1.2882e-05
84.35,1.5299e-05
84.4,1.7501e-05
84.45,1.9459e-05
84.5,2.1141e-05
84.55,2.2526e-05
84.6,2.3595e-05
84.65,2.4335e-05
84.7,2.4736e-05
84.75,2.4792e-05
84.8,2.45e-05
84.85,2.3867e-05
84.9,2.2903e-05
84.95,2.1622e-05
85,2.0042e-05
85.05,1.8183e-05
85.1,1.6072e-05
85.15,1.3739e-05
85.2,1.1218e-05
85.25,8.5449e-06
85.3,5.754e-06
85.35,2.8838e-06
85.4,-2.4824e-08
85.45,-2.93e-06
85.5,-5.7914e-06
85.55,-8.5713e-06
85.6,-1.1233e-05
85.65,-1.3738e-05
85.7,-1.6052e-05
85.75,-1.8141e-05
85.8,-1.9979e-05
85.85,-2.1542e-05
85.9,-2.2808e-05
85.95,-2.3761e-05
86,-2.4384e-05
86.05,-2.4672e-05
86.1,-2.4621e-05
86.15,-2.4234e-05
86.2,-2.3516e-05
86.25,-2.2474e-05
86.3,-2.1125e-05
86.35,-1.9487e-05
86.4,-1.7585e-05
86.45,-1.5445e-05
86.5,-1.3094e-05
86.55,-1.0565e-05
86.6,-7.8931e-06
86.65,-5.1158e-06
86.7,-2.272e-06
86.75,6.0085e-07
86.8,3.465e-06
86.85,6.2813e-06
86.9,9.0101e-06
86.95,1.1613e-05
87,1.4056e-05
87.05,1.6308e-05
87.1,1.8338e-05
87.15,2.0118e-05
87.2,2.1624e-05
87.25,2.2834e-05
87.3,2.3735e-05
87.35,2.4315e-05
87.4,2.4567e-05
87.45,2.4486e-05
87.5,2.4073e-05
87.55,2.3335e-05
87.6,2.2283e-05
87.65,2.0933e-05
87.7,1.9302e-05
87.75,1.741e-05
87.8,1.5284e-05
87.85,1.2954e-05
87.9,1.0453e-05
87.95,7.8138e-06
88,5.0702e-06
88.05,2.259e-06
88.1,-5.81e-07
88.15,-3.4101e-06
88.2,-6.1904e-06
88.25,-8.8865e-06
88.3,-1.1463e-05
88.35,-1.3885e-05
88.4,-1.612e-05
88.45,-1.8136e-05
88.5,-1.9907e-05
88.55,-2.1413e-05
88.6,-2.2634e-05
88.65,-2.3551e-05
88.7,-2.4153e-05
88.75,-2.4431e-05
88.8,-2.4384e-05
88.85,-2.4013e-05
88.9,-2.3325e-05
88.95,-2.2325e-05
89,-2.1028e-05
89.05,-1.9452e-05
89.1,-1.762e-05
89.15,-1.5556e-05
89.2,-1.3287e-05
89.25,-1.0842e-05
89.3,-8.2536e-06
89.35,-5.5583e-06
89.4,-2.7926e-06
89.45,7.882e-09
89.5,2.8074e-06
89.55,5.5693e-06
89.6,8.2562e-06
89.65,1.0831e-05
89.7,1.326e-05
89.75,1.5513e-05
89.8,1.7562e-05
89.85,1.9378e-05
89.9,2.0938e-05
89.95,2.2219e-05
90,2.3207e-05
90.05,2.389e-05
90.1,2.426e-05
90.15,2.4311e-05
90.2,2.4042e-05
90.25,2.3456e-05
90.3,2.2563e-05
90.35,2.1376e-05
90.4,1.991e-05
90.45,1.8184e-05
90.5,1.622e-05
90.55,1.4044e-05
90.6,1.1687e-05
90.65,9.1798e-06
90.7,6.5543e-06
90.75,3.8437e-06
90.8,1.0835e-06
90.85,-1.6888e-06
90.9,-4.4359e-06
90.95,-7.1227e-06
91,-9.7157e-06
91.05,-1.2182e-05
91.1,-1.4488e-05
91.15,-1.6604e-05
91.2,-1.8501e-05
91.25,-2.0156e-05
91.3,-2.155e-05
91.35,-2.2664e-05
91.4,-2.3483e-05
91.45,-2.3995e-05
91.5,-2.4195e-05
91.55,-2.4082e-05
91.6,-2.3658e-05
91.65,-2.2929e-05
91.7,-2.1903e-05
91.75,-2.0592e-05
91.8,-1.9016e-05
91.85,-1.7197e-05
91.9,-1.5157e-05
91.95,-1.2923e-05
92,-1.0523e-05
92.05,-7.9865e-06
92.1,-5.3496e-06
92.15,-2.6469e-06
92.2,8.7729e-08
92.25,2.8203e-06
92.3,5.5162e-06
92.35,8.1399e-06
92.4,1.0656e-05
92.45,1.3033e-05
92.5,1.5241e-05
92.55,1.7253e-05
92.6,1.9043e-05
92.65,2.0588e-05
92.7,2.1866e-05
92.75,2.2863e-05
92.8,2.3566e-05
92.85,2.3969e-05
92.9,2.4066e-05
92.95,2.3853e-05
93,2.3335e-05
93.05,2.2518e-05
93.1,2.1416e-05
93.15,2.0042e-05
93.2,1.8412e-05
93.25,1.6548e-05
93.3,1.4473e-05
93.35,1.2215e-05
93.4,9.8041e-06
93.45,7.2706e-06
93.5,4.6453e-06
93.55,1.9614e-06
93.6,-7.4632e-07
93.65,-3.4417e-06
93.7,-6.0905e-06
93.75,-8.6603e-06
93.8,-1.112e-05
93.85,-1.3438e-05
93.9,-1.5583e-05
93.95,-1.7529e-05
94,-1.925e-05
94.05,-2.0727e-05
94.1,-2.1942e-05
94.15,-2.2879e-05
94.2,-2.3525e-05
94.25,-2.3872e-05
94.3,-2.3917e-05
94.35,-2.366e-05
94.4,-2.3106e-05
94.45,-2.2261e-05
94.5,-2.1134e-05
94.55,-1.974e-05
94.6,-1.8099e-05
94.65,-1.6232e-05
94.7,-1.4162e-05
94.75,-1.1914e-05
94.8,-9.5168e-06
94.85,-7.0006e-06
94.9,-4.3987e-06
94.95,-1.7445e-06
95,9.2991e-07
95.05,3.5919e-06
95.1,6.2085e-06
95.15,8.7456e-06
95.2,1.117e-05
95.25,1.3452e-05
95.3,1.5565e-05
95.35,1.7482e-05
95.4,1.918e-05
95.45,2.0637e-05
95.5,2.1833e-05
95.55,2.2755e-05
95.6,2.3393e-05
95.65,2.3739e-05
95.7,2.3788e-05
95.75,2.354e-05
95.8,2.2997e-05
95.85,2.2168e-05
95.9,2.1063e-05
95.95,1.9698e-05
96,1.8088e-05
96.05,1.6252e-05
96.1,1.4215e-05
96.15,1.2002e-05
96.2,9.6422e-06
96.25,7.165e-06
96.3,4.5995e-06
96.35,1.9771e-06
96.4,-6.6876e-07
96.45,-3.3037e-06
96.5,-5.8948e-06
96.55,-8.411e-06
96.6,-1.0822e-05
96.65,-1.31e-05
96.7,-1.5213e-05
96.75,-1.7135e-05
96.8,-1.8843e-05
96.85,-2.0317e-05
96.9,-2.154e-05
96.95,-2.2497e-05
97,-2.3175e-05
97.05,-2.3565e-05
97.1,-2.3663e-05
97.15,-2.3469e-05
97.2,-2.2987e-05
97.25,-2.2222e-05
97.3,-2.1183e-05
97.35,-1.9882e-05
97.4,-1.8336e-05
97.45,-1.6567e-05
97.5,-1.4596e-05
97.55,-1.2447e-05
97.6,-1.0144e-05
97.65,-7.7169e-06
97.7,-5.1968e-06
97.75,-2.6158e-06
97.8,-4.8268e-09
97.85,2.6052e-06
97.9,5.1829e-06
97.95,7.6962e-06
98,1.0113e-05
98.05,1.2403e-05
98.1,1.4539e-05
98.15,1.6497e-05
98.2,1.8253e-05
98.25,1.9784e-05
98.3,2.1072e-05
98.35,2.2099e-05
98.4,2.2857e-05
98.45,2.3335e-05
98.5,2.3529e-05
98.55,2.3436e-05
98.6,2.3055e-05
98.65,2.2392e-05
98.7,2.1457e-05
98.75,2.0262e-05
98.8,1.8821e-05
98.85,1.7151e-05
98.9,1.5273e-05
98.95,1.3208e-05
99,1.0985e-05
99.05,8.6314e-06
99.1,6.1741e-06
99.15,3.6422e-06
99.2,1.0664e-06
99.25,-1.521e-06
99.3,-4.0871e-06
99.35,-6.601e-06
99.4,-9.0335e-06
99.45,-1.1356e-05
99.5,-1.3541e-05
99.55,-1.5559e-05
99.6,-1.7387e-05
99.65,-1.9002e-05
99.7,-2.0387e-05
99.75,-2.1525e-05
99.8,-2.2403e-05
99.85,-2.3008e-05
99.9,-2.3334e-05
99.95,-2.3376e-05
100,-2.3138e-05
100.05,-2.2621e-05
100.1,-2.1831e-05
100.15,-2.0778e-05
100.2,-1.9473e-05
100.25,-1.7934e-05
100.3,-1.6181e-05
100.35,-1.4235e-05
100.4,-1.2118e-05
100.45,-9.8553e-06
100.5,-7.4743e-06
100.55,-5.0051e-06
100.6,-2.4784e-06
100.65,7.5831e-08
100.7,2.6282e-06
100.75,5.1487e-06
100.8,7.6067e-06
100.85,9.9712e-06
100.9,1.2213e-05
100.95,1.4307e-05
101,1.6229e-05
101.05,1.7956e-05
101.1,1.9467e-05
101.15,2.0743e-05
101.2,2.1768e-05
101.25,2.2532e-05
101.3,2.3027e-05
101.35,2.3247e-05
101.4,2.3189e-05
101.45,2.2853e-05
101.5,2.2242e-05
101.55,2.1366e-05
101.6,2.0236e-05
101.65,1.8866e-05
101.7,1.7272e-05
101.75,1.5471e-05
101.8,1.3485e-05
101.85,1.134e-05
101.9,9.0632e-06
101.95,6.6799e-06
102,4.2176e-06
102.05,1.7053e-06
102.1,-8.265e-07
102.15,-3.346e-06
102.2,-5.8229e-06
102.25,-8.2289e-06
102.3,-1.0537e-05
102.35,-1.2719e-05
102.4,-1.4749e-05
102.45,-1.6601e-05
102.5,-1.8254e-05
102.55,-1.969e-05
102.6,-2.0891e-05
102.65,-2.1846e-05
102.7,-2.2541e-05
102.75,-2.2966e-05
102.8,-2.3118e-05
102.85,-2.2997e-05
102.9,-2.2604e-05
102.95,-2.1945e-05
103,-2.1026e-05
103.05,-1.9857e-05
103.1,-1.8453e-05
103.15,-1.6833e-05
103.2,-1.5015e-05
103.25,-1.3022e-05
103.3,-1.0875e-05
103.35,-8.6002e-06
103.4,-6.2242e-06
103.45,-3.7771e-06
103.5,-1.288e-06
103.55,1.2146e-06
103.6,3.7024e-06
103.65,6.1463e-06
103.7,8.5167e-06
103.75,1.0784e-05
103.8,1.2922e-05
103.85,1.4907e-05
103.9,1.6716e-05
103.95,1.8329e-05
104,1.9725e-05
104.05,2.0887e-05
104.1,2.1802e-05
104.15,2.2461e-05
104.2,2.2856e-05
104.25,2.2984e-05
104.3,2.2841e-05
104.35,2.2429e-05
104.4,2.1754e-05
104.45,2.0824e-05
104.5,1.9652e-05
104.55,1.8251e-05
104.6,1.6636e-05
104.65,1.4826e-05
104.7,1.2842e-05
104.75,1.0711e-05
104.8,8.4562e-06
104.85,6.1043e-06
104.9,3.6816e-06
104.95,1.2159e-06
105,-1.2629e-06
105.05,-3.7244e-06
105.1,-6.1399e-06
105.15,-8.4822e-06
105.2,-1.0725e-05
105.25,-1.2843e-05
105.3,-1.4809e-05
105.35,-1.6601e-05
105.4,-1.8197e-05
105.45,-1.958e-05
105.5,-2.0735e-05
105.55,-2.1649e-05
105.6,-2.231e-05
105.65,-2.2709e-05
105.7,-2.2843e-05
105.75,-2.2712e-05
105.8,-2.2318e-05
105.85,-2.1665e-05
105.9,-2.076e-05
105.95,-1.9613e-05
106,-1.8238e-05
106.05,-1.6652e-05
106.1,-1.4876e-05
106.15,-1.2928e-05
106.2,-1.083e-05
106.25,-8.6072e-06
106.3,-6.2848e-06
106.35,-3.8917e-06
106.4,-1.456e-06
106.45,9.9477e-07
106.5,3.4335e-06
106.55,5.8323e-06
106.6,8.1627e-06
106.65,1.0396e-05
106.7,1.2507e-05
106.75,1.4472e-05
106.8,1.6269e-05
106.85,1.7879e-05
106.9,1.9281e-05
106.95,2.0458e-05
107,2.1397e-05
107.05,2.2089e-05
107.1,2.2526e-05
107.15,2.2704e-05
107.2,2.262e-05
107.25,2.2274e-05
107.3,2.167e-05
107.35,2.0817e-05
107.4,1.9726e-05
107.45,1.8409e-05
107.5,1.6881e-05
107.55,1.5157e-05
107.6,1.3259e-05
107.65,1.121e-05
107.7,9.0347e-06
107.75,6.7572e-06
107.8,4.4028e-06
107.85,1.9978e-06
107.9,-4.2955e-07
107.95,-2.85e-06
108,-5.235e-06
108.05,-7.5581e-06
108.1,-9.7937e-06
108.15,-1.1917e-05
108.2,-1.3903e-05
108.25,-1.5727e-05
108.3,-1.7369e-05
108.35,-1.8811e-05
108.4,-2.0036e-05
108.45,-2.1033e-05
108.5,-2.1789e-05
108.55,-2.2294e-05
108.6,-2.2542e-05
108.65,-2.2531e-05
108.7,-2.2264e-05
108.75,-2.1743e-05
108.8,-2.0974e-05
108.85,-1.9965e-05
108.9,-1.8727e-05
108.95,-1.7276e-05
109,-1.5629e-05
109.05,-1.3805e-05
109.1,-1.1825e-05
109.15,-9.7098e-06
109.2,-7.4839e-06
109.25,-5.1738e-06
109.3,-2.8072e-06
109.35,-4.1084e-07
109.4,1.989e-06
109.45,4.366e-06
109.5,6.693e-06
109.55,8.9424e-06
109.6,1.1088e-05
109.65,1.3104e-05
109.7,1.4971e-05
109.75,1.6668e-05
109.8,1.8175e-05
109.85,1.9474e-05
109.9,2.055e-05
109.95,2.1391e-05
110,2.1988e-05
110.05,2.2337e-05
110.1,2.2433e-05
110.15,2.2274e-05
110.2,2.186e-05
110.25,2.1198e-05
110.3,2.0296e-05
110.35,1.9166e-05
110.4,1.782e-05
110.45,1.6272e-05
110.5,1.4539e-05
110.55,1.2642e-05
110.6,1.0603e-05
110.65,8.4466e-06
110.7,6.1961e-06
110.75,3.8761e-06
110.8,1.5122e-06
110.85,-8.6812e-07
110.9,-3.2365e-06
110.95,-5.5657e-06
111,-7.8303e-06
111.05,-1.0006e-05
111.1,-1.2069e-05
111.15,-1.3994e-05
111.2,-1.576e-05
111.25,-1.7345e-05
111.3,-1.8734e-05
111.35,-1.9911e-05
111.4,-2.0865e-05
111.45,-2.1582e-05
111.5,-2.2055e-05
111.55,-2.2278e-05
111.6,-2.2249e-05
111.65,-2.1971e-05
111.7,-2.1446e-05
111.75,-2.0681e-05
111.8,-1.9681e-05
111.85,-1.846e-05
111.9,-1.7032e-05
111.95,-1.5413e-05
112,-1.3623e-05
112.05,-1.1681e-05
112.1,-9.6081e-06
112.15,-7.4267e-06
112.2,-5.163e-06
112.25,-2.8436e-06
112.3,-4.9459e-07
112.35,1.8588e-06
112.4,4.1912e-06
112.45,6.4764e-06
112.5,8.6876e-06
112.55,1.0799e-05
112.6,1.2787e-05
112.65,1.4631e-05
112.7,1.6311e-05
112.75,1.7809e-05
112.8,1.9106e-05
112.85,2.0187e-05
112.9,2.104e-05
112.95,2.1658e-05
113,2.2034e-05
113.05,2.2164e-05
113.1,2.2046e-05
113.15,2.168e-05
113.2,2.1071e-05
113.25,2.0227e-05
113.3,1.9158e-05
113.35,1.7877e-05
113.4,1.6397e-05
113.45,1.4733e-05
113.5,1.2905e-05
113.55,1.0933e-05
113.6,8.8423e-06
113.65,6.6545e-06
113.7,4.3932e-06
113.75,2.083e-06
113.8,-2.5008e-07
113.85,-2.5787e-06
113.9,-4.876e-06
113.95,-7.1171e-06
114,-9.2782e-06
114.05,-1.1336e-05
114.1,-1.3267e-05
114.15,-1.5049e-05
114.2,-1.6661e-05
114.25,-1.8087e-05
114.3,-1.9311e-05
114.35,-2.032e-05
114.4,-2.1104e-05
114.45,-2.1652e-05
114.5,-2.1958e-05
114.55,-2.2019e-05
114.6,-2.1836e-05
114.65,-2.1412e-05
114.7,-2.0751e-05
114.75,-1.9859e-05
114.8,-1.8746e-05
114.85,-1.7425e-05
114.9,-1.5912e-05
114.95,-1.4224e-05
115,-1.238e-05
115.05,-1.0399e-05
115.1,-8.3028e-06
115.15,-6.1148e-06
115.2,-3.8609e-06
115.25,-1.5666e-06
115.3,7.4331e-07
115.35,3.0444e-06
115.4,5.3119e-06
115.45,7.52e-06
115.5,9.6431e-06
115.55,1.1657e-05
115.6,1.3541e-05
115.65,1.5274e-05
115.7,1.6839e-05
115.75,1.8218e-05
115.8,1.9394e-05
115.85,2.0353e-05
115.9,2.1087e-05
115.95,2.1589e-05
116,2.1853e-05
116.05,2.1876e-05
116.1,2.1657e-05
116.15,2.1198e-05
116.2,2.0505e-05
116.25,1.9587e-05
116.3,1.8454e-05
116.35,1.712e-05
116.4,1.5596e-05
116.45,1.39e-05
116.5,1.2052e-05
116.55,1.0072e-05
116.6,7.9837e-06
116.65,5.8091e-06
116.7,3.5709e-06
116.75,1.2933e-06
116.8,-9.9782e-07
116.85,-3.2759e-06
116.9,-5.5156e-06
116.95,-7.6931e-06
117,-9.7857e-06
117.05,-1.1771e-05
117.1,-1.3626e-05
117.15,-1.533e-05
117.2,-1.6863e-05
117.25,-1.821e-05
117.3,-1.9357e-05
117.35,-2.0292e-05
117.4,-2.1005e-05
117.45,-2.1485e-05
117.5,-2.1729e-05
117.55,-2.1734e-05
117.6,-2.1501e-05
117.65,-2.1034e-05
117.7,-2.0336e-05
117.75,-1.9416e-05
117.8,-1.8282e-05
117.85,-1.6948e-05
117.9,-1.543e-05
117.95,-1.3745e-05
118,-1.191e-05
118.05,-9.9458e-06
118.1,-7.8722e-06
118.15,-5.713e-06
118.2,-3.4932e-06
118.25,-1.2376e-06
118.3,1.0301e-06
118.35,3.2861e-06
118.4,5.5062e-06
118.45,7.6656e-06
118.5,9.7393e-06
118.55,1.1704e-05
118.6,1.354e-05
118.65,1.5228e-05
118.7,1.675e-05
118.75,1.8089e-05
118.8,1.9229e-05
118.85,2.0158e-05
118.9,2.0866e-05
118.95,2.1346e-05
119,2.1595e-05
119.05,2.1609e-05
119.1,2.1387e-05
119.15,2.093e-05
119.2,2.0245e-05
119.25,1.9341e-05
119.3,1.8228e-05
119.35,1.6917e-05
119.4,1.5423e-05
119.45,1.376e-05
119.5,1.1947e-05
119.55,1.0007e-05
119.6,7.9591e-06
119.65,5.8267e-06
119.7,3.6313e-06
119.75,1.3964e-06
119.8,-8.5314e-07
119.85,-3.0915e-06
119.9,-5.294e-06
119.95,-7.4374e-06
120,-9.4996e-06
120.05,-1.1459e-05
120.1,-1.3293e-05
120.15,-1.4982e-05
120.2,-1.6506e-05
120.25,-1.7849e-05
120.3,-1.8999e-05
120.35,-1.9944e-05
120.4,-2.0672e-05
120.45,-2.1175e-05
120.5,-2.1447e-05
120.55,-2.1487e-05
120.6,-2.1293e-05
120.65,-2.0871e-05
120.7,-2.0223e-05
120.75,-1.9356e-05
120.8,-1.8279e-05
120.85,-1.7004e-05
120.9,-1.5546e-05
120.95,-1.3922e-05
121,-1.2148e-05
121.05,-1.0244e-05
121.1,-8.2281e-06
121.15,-6.1238e-06
121.2,-3.955e-06
121.25,-1.7457e-06
121.3,4.8075e-07
121.35,2.7014e-06
121.4,4.8929e-06
121.45,7.0313e-06
121.5,9.0923e-06
121.55,1.1053e-05
121.6,1.2892e-05
121.65,1.4593e-05
121.7,1.6135e-05
121.75,1.7504e-05
121.8,1.8683e-05
121.85,1.9659e-05
121.9,2.0422e-05
121.95,2.0964e-05
122,2.1282e-05
122.05,2.1371e-05
122.1,2.1229e-05
122.15,2.0857e-05
122.2,2.0261e-05
122.25,1.9446e-05
122.3,1.8424e-05
122.35,1.7205e-05
122.4,1.5802e-05
122.45,1.4227e-05
122.5,1.25e-05
122.55,1.0639e-05
122.6,8.666e-06
122.65,6.6015e-06
122.7,4.4669e-06
122.75,2.2843e-06
122.8,7.7228e-08
122.85,-2.1294e-06
122.9,-4.3109e-06
122.95,-6.4442e-06
123,-8.5074e-06
123.05,-1.0479e-05
123.1,-1.2339e-05
123.15,-1.4065e-05
123.2,-1.5638e-05
123.25,-1.7041e-05
123.3,-1.8262e-05
123.35,-1.9287e-05
123.4,-2.0105e-05
123.45,-2.0708e-05
123.5,-2.1087e-05
123.55,-2.1239e-05
123.6,-2.1163e-05
123.65,-2.0862e-05
123.7,-2.0339e-05
123.75,-1.9598e-05
123.8,-1.8646e-05
123.85,-1.7494e-05
123.9,-1.6156e-05
123.95,-1.4646e-05
124,-1.2981e-05
124.05,-1.1179e-05
124.1,-9.2564e-06
124.15,-7.235e-06
124.2,-5.1369e-06
124.25,-2.986e-06
124.3,-8.0515e-07
124.35,1.3831e-06
124.4,3.5562e-06
124.45,5.6915e-06
124.5,7.7653e-06
124.55,9.7543e-06
124.6,1.1637e-05
124.65,1.3394e-05
124.7,1.5009e-05
124.75,1.6463e-05
124.8,1.7742e-05
124.85,1.883e-05
124.9,1.9715e-05
124.95,2.039e-05
125,2.0847e-05
125.05,2.1083e-05
125.1,2.1095e-05
125.15,2.0881e-05
125.2,2.0444e-05
125.25,1.9788e-05
125.3,1.8923e-05
125.35,1.7858e-05
125.4,1.6603e-05
125.45,1.5173e-05
125.5,1.358e-05
125.55,1.1842e-05
125.6,9.9802e-06
125.65,8.0141e-06
125.7,5.9643e-06
125.75,3.8516e-06
125.8,1.6978e-06
125.85,-4.737e-07
125.9,-2.6387e-06
125.95,-4.7733e-06
126,-6.8557e-06
126.05,-8.8646e-06
126.1,-1.0779e-05
126.15,-1.258e-05
126.2,-1.4245e-05
126.25,-1.5757e-05
126.3,-1.7101e-05
126.35,-1.8262e-05
126.4,-1.9231e-05
126.45,-1.9995e-05
126.5,-2.0547e-05
126.55,-2.088e-05
126.6,-2.099e-05
126.65,-2.0877e-05
126.7,-2.0545e-05
126.75,-1.9996e-05
126.8,-1.9234e-05
126.85,-1.8269e-05
126.9,-1.7109e-05
126.95,-1.5769e-05
127,-1.4263e-05
127.05,-1.2608e-05
127.1,-1.082e-05
127.15,-8.9177e-06
127.2,-6.9206e-06
127.25,-4.8512e-06
127.3,-2.7324e-06
127.35,-5.8672e-07
127.4,1.5641e-06
127.45,3.6983e-06
127.5,5.7934e-06
127.55,7.8265e-06
127.6,9.775e-06
127.65,1.1618e-05
127.7,1.3338e-05
127.75,1.4916e-05
127.8,1.6337e-05
127.85,1.7586e-05
127.9,1.8647e-05
127.95,1.951e-05
128,2.0166e-05
128.05,2.0609e-05
128.1,2.0836e-05
128.15,2.0843e-05
128.2,2.063e-05
128.25,2.0198e-05
128.3,1.9553e-05
128.35,1.8703e-05
128.4,1.7656e-05
128.45,1.6425e-05
128.5,1.5021e-05
128.55,1.3458e-05
128.6,1.1753e-05
128.65,9.9253e-06
128.7,7.9953e-06
128.75,5.9826e-06
128.8,3.9075e-06
128.85,1.791e-06
128.9,-3.4405e-07
128.95,-2.4741e-06
129,-4.5759e-06
129.05,-6.6279e-06
129.1,-8.6096e-06
129.15,-1.0501e-05
129.2,-1.2281e-05
129.25,-1.3932e-05
129.3,-1.5434e-05
129.35,-1.6772e-05
129.4,-1.7934e-05
129.45,-1.8907e-05
129.5,-1.9683e-05
129.55,-2.0251e-05
129.6,-2.0605e-05
129.65,-2.0741e-05
129.7,-2.0659e-05
129.75,-2.0362e-05
129.8,-1.9852e-05
129.85,-1.9134e-05
129.9,-1.8214e-05
129.95,-1.7102e-05
130,-1.5812e-05
130.05,-1.4357e-05
130.1,-1.2753e-05
130.15,-1.1016e-05
130.2,-9.1641e-06
130.25,-7.2155e-06
130.3,-5.1918e-06
130.35,-3.1155e-06
130.4,-1.0086e-06
130.45,1.1077e-06
130.5,3.2121e-06
130.55,5.283e-06
130.6,7.298e-06
130.65,9.2351e-06
130.7,1.1073e-05
130.75,1.2794e-05
130.8,1.4381e-05
130.85,1.5818e-05
130.9,1.7089e-05
130.95,1.8181e-05
131,1.908e-05
131.05,1.9779e-05
131.1,2.0271e-05
131.15,2.0552e-05
131.2,2.0619e-05
131.25,2.047e-05
131.3,2.0105e-05
131.35,1.953e-05
131.4,1.8752e-05
131.45,1.7779e-05
131.5,1.6621e-05
131.55,1.529e-05
131.6,1.38e-05
131.65,1.2164e-05
131.7,1.0403e-05
131.75,8.5349e-06
131.8,6.5794e-06
131.85,4.5561e-06
131.9,2.4852e-06
131.95,3.8837e-07
132,-1.7116e-06
132.05,-3.7917e-06
132.1,-5.8304e-06
132.15,-7.8074e-06
132.2,-9.7028e-06
132.25,-1.1497e-05
132.3,-1.3171e-05
132.35,-1.4706e-05
132.4,-1.6087e-05
132.45,-1.7298e-05
132.5,-1.833e-05
132.55,-1.9171e-05
132.6,-1.9813e-05
132.65,-2.0247e-05
132.7,-2.0469e-05
132.75,-2.0478e-05
132.8,-2.0274e-05
132.85,-1.986e-05
132.9,-1.924e-05
132.95,-1.842e-05
133,-1.7408e-05
133.05,-1.6214e-05
133.1,-1.4853e-05
133.15,-1.3338e-05
133.2,-1.1687e-05
133.25,-9.9142e-06
133.3,-8.0382e-06
133.35,-6.0787e-06
133.4,-4.0573e-06
133.45,-1.9957e-06
133.5,8.5019e-08
133.55,2.1642e-06
133.6,4.2209e-06
133.65,6.2337e-06
133.7,8.1808e-06
133.75,1.0041e-05
133.8,1.1795e-05
133.85,1.3427e-05
133.9,1.4919e-05
133.95,1.6256e-05
134,1.7425e-05
134.05,1.8411e-05
134.1,1.9205e-05
134.15,1.9799e-05
134.2,2.0189e-05
134.25,2.037e-05
134.3,2.034e-05
134.35,2.0098e-05
134.4,1.9647e-05
134.45,1.8993e-05
134.5,1.8143e-05
134.55,1.7106e-05
134.6,1.5893e-05
134.65,1.4516e-05
134.7,1.2987e-05
134.75,1.1324e-05
134.8,9.5456e-06
134.85,7.67e-06
134.9,5.7163e-06
134.95,3.704e-06
135,1.6532e-06
135.05,-4.1456e-07
135.1,-2.4767e-06
135.15,-4.5111e-06
135.2,-6.4974e-06
135.25,-8.4159e-06
135.3,-1.0248e-05
135.35,-1.1973e-05
135.4,-1.3574e-05
135.45,-1.5033e-05
135.5,-1.6335e-05
135.55,-1.7468e-05
135.6,-1.8421e-05
135.65,-1.9184e-05
135.7,-1.9749e-05
135.75,-2.0108e-05
135.8,-2.0259e-05
135.85,-2.02e-05
135.9,-1.9934e-05
135.95,-1.9463e-05
136,-1.8792e-05
136.05,-1.7926e-05
136.1,-1.6875e-05
136.15,-1.5649e-05
136.2,-1.4264e-05
136.25,-1.2733e-05
136.3,-1.1072e-05
136.35,-9.2967e-06
136.4,-7.4253e-06
136.45,-5.4777e-06
136.5,-3.4751e-06
136.55,-1.4386e-06
136.6,6.1141e-07
136.65,2.6547e-06
136.7,4.6707e-06
136.75,6.6384e-06
136.8,8.5365e-06
136.85,1.0345e-05
136.9,1.2045e-05
136.95,1.3621e-05
137,1.5057e-05
137.05,1.6338e-05
137.1,1.7451e-05
137.15,1.8382e-05
137.2,1.9123e-05
137.25,1.9667e-05
137.3,2.0009e-05
137.35,2.0147e-05
137.4,2.0077e-05
137.45,1.98e-05
137.5,1.9318e-05
137.55,1.8638e-05
137.6,1.7768e-05
137.65,1.6716e-05
137.7,1.5493e-05
137.75,1.4111e-05
137.8,1.2583e-05
137.85,1.0927e-05
137.9,9.1597e-06
137.95,7.3001e-06
138,5.3667e-06
138.05,3.3786e-06
138.1,1.3556e-06
138.15,-6.8099e-07
138.2,-2.7092e-06
138.25,-4.7076e-06
138.3,-6.6563e-06
138.35,-8.5363e-06
138.4,-1.0329e-05
138.45,-1.2015e-05
138.5,-1.3578e-05
138.55,-1.4999e-05
138.6,-1.6265e-05
138.65,-1.7365e-05
138.7,-1.8286e-05
138.75,-1.9021e-05
138.8,-1.956e-05
138.85,-1.9898e-05
138.9,-2.003e-05
138.95,-1.9958e-05
139,-1.9682e-05
139.05,-1.9205e-05
139.1,-1.8532e-05
139.15,-1.7669e-05
139.2,-1.6624e-05
139.25,-1.5409e-05
139.3,-1.4038e-05
139.35,-1.2525e-05
139.4,-1.0884e-05
139.45,-9.1322e-06
139.5,-7.2865e-06
139.55,-5.3667e-06
139.6,-3.3934e-06
139.65,-1.3872e-06
139.7,6.3182e-07
139.75,2.644e-06
139.8,4.6293e-06
139.85,6.5671e-06
139.9,8.4365e-06
139.95,1.0218e-05
140,1.1893e-05
140.05,1.3447e-05
140.1,1.4864e-05
140.15,1.6129e-05
140.2,1.7228e-05
140.25,1.815e-05
140.3,1.8885e-05
140.35,1.9428e-05
140.4,1.9773e-05
140.45,1.9916e-05
140.5,1.9857e-05
140.55,1.9594e-05
140.6,1.9129e-05
140.65,1.847e-05
140.7,1.7624e-05
140.75,1.6599e-05
140.8,1.5405e-05
140.85,1.4055e-05
140.9,1.256e-05
140.95,1.0938e-05
141,9.205e-06
141.05,7.3802e-06
141.1,5.4814e-06
141.15,3.5272e-06
141.2,1.5368e-06
141.25,-4.6909e-07
141.3,-2.4689e-06
141.35,-4.4416e-06
141.4,-6.3677e-06
141.45,-8.2284e-06
141.5,-1.0005e-05
141.55,-1.1681e-05
141.6,-1.3236e-05
141.65,-1.4655e-05
141.7,-1.5923e-05
141.75,-1.7029e-05
141.8,-1.7962e-05
141.85,-1.8713e-05
141.9,-1.9273e-05
141.95,-1.9636e-05
142,-1.9797e-05
142.05,-1.9758e-05
142.1,-1.9518e-05
142.15,-1.9081e-05
142.2,-1.845e-05
142.25,-1.7631e-05
142.3,-1.6632e-05
142.35,-1.5464e-05
142.4,-1.4141e-05
142.45,-1.2675e-05
142.5,-1.1081e-05
142.55,-9.3746e-06
142.6,-7.5728e-06
142.65,-5.6943e-06
142.7,-3.7591e-06
142.75,-1.7876e-06
142.8,2.0071e-07
142.85,2.1864e-06
142.9,4.15e-06
142.95,6.0714e-06
143,7.9303e-06
143.05,9.7069e-06
143.1,1.1384e-05
143.15,1.2944e-05
143.2,1.4373e-05
143.25,1.5657e-05
143.3,1.6782e-05
143.35,1.7735e-05
143.4,1.8507e-05
143.45,1.909e-05
143.5,1.9481e-05
143.55,1.9675e-05
143.6,1.967e-05
143.65,1.9464e-05
143.7,1.9061e-05
143.75,1.8464e-05
143.8,1.7681e-05
143.85,1.672e-05
143.9,1.559e-05
143.95,1.4303e-05
144,1.287e-05
144.05,1.1307e-05
144.1,9.6306e-06
144.15,7.8581e-06
144.2,6.0075e-06
144.25,4.0966e-06
144.3,2.1442e-06
144.35,1.7009e-07
144.4,-1.8049e-06
144.45,-3.7598e-06
144.5,-5.6751e-06
144.55,-7.5322e-06
144.6,-9.3131e-06
144.65,-1.1e-05
144.7,-1.2575e-05
144.75,-1.4022e-05
144.8,-1.5325e-05
144.85,-1.6472e-05
144.9,-1.7453e-05
144.95,-1.8258e-05
145,-1.8879e-05
145.05,-1.9308e-05
145.1,-1.9541e-05
145.15,-1.9576e-05
145.2,-1.9413e-05
145.25,-1.9055e-05
145.3,-1.8506e-05
145.35,-1.7769e-05
145.4,-1.6853e-05
145.45,-1.5766e-05
145.5,-1.452e-05
145.55,-1.3129e-05
145.6,-1.1607e-05
145.65,-9.9685e-06
145.7,-8.229e-06
145.75,-6.4062e-06
145.8,-4.5196e-06
145.85,-2.5889e-06
145.9,-6.3377e-07
145.95,1.3269e-06
146,3.274e-06
146.05,5.1883e-06
146.1,7.0498e-06
146.15,8.8388e-06
146.2,1.0537e-05
146.25,1.2128e-05
146.3,1.3596e-05
146.35,1.4928e-05
146.4,1.611e-05
146.45,1.7128e-05
146.5,1.7972e-05
146.55,1.8634e-05
146.6,1.9109e-05
146.65,1.9391e-05
146.7,1.9479e-05
146.75,1.9371e-05
146.8,1.9066e-05
146.85,1.8569e-05
146.9,1.7886e-05
146.95,1.7023e-05
147,1.599e-05
147.05,1.4797e-05
147.1,1.3454e-05
147.15,1.1976e-05
147.2,1.0378e-05
147.25,8.6763e-06
147.3,6.8891e-06
147.35,5.0337e-06
147.4,3.1278e-06
147.45,1.1903e-06
147.5,-7.5888e-07
147.55,-2.6991e-06
147.6,-4.6104e-06
147.65,-6.4741e-06
147.7,-8.2724e-06
147.75,-9.9877e-06
147.8,-1.1602e-05
147.85,-1.31e-05
147.9,-1.4464e-05
147.95,-1.5682e-05
148,-1.6741e-05
148.05,-1.7633e-05
148.1,-1.8348e-05
148.15,-1.8879e-05
148.2,-1.9219e-05
148.25,-1.9365e-05
148.3,-1.9316e-05
148.35,-1.9074e-05
148.4,-1.8642e-05
148.45,-1.8023e-05
148.5,-1.7222e-05
148.55,-1.6249e-05
148.6,-1.5112e-05
148.65,-1.3824e-05
148.7,-1.2399e-05
148.75,-1.0851e-05
148.8,-9.1941e-06
148.85,-7.4447e-06
148.9,-5.6207e-06
148.95,-3.7415e-06
149,-1.8263e-06
149.05,1.0577e-07
149.1,2.0362e-06
149.15,3.9464e-06
149.2,5.8169e-06
149.25,7.6284e-06
149.3,9.3619e-06
149.35,1.1e-05
149.4,1.2527e-05
149.45,1.3929e-05
149.5,1.5192e-05
149.55,1.6302e-05
149.6,1.7248e-05
149.65,1.8019e-05
149.7,1.861e-05
149.75,1.9015e-05
149.8,1.923e-05
149.85,1.9253e-05
149.9,1.9082e-05
149.95,1.872e-05
150,1.817e-05
150.05,1.7439e-05
150.1,1.6534e-05
150.15,1.5465e-05
150.2,1.4242e-05
150.25,1.2875e-05
150.3,1.138e-05
150.35,9.7711e-06
150.4,8.0663e-06
150.45,6.2822e-06
150.5,4.436e-06
150.55,2.5455e-06
150.6,6.2939e-07
150.65,-1.2924e-06
150.7,-3.1998e-06
150.75,-5.0736e-06
150.8,-6.8957e-06
150.85,-8.6487e-06
150.9,-1.0316e-05
150.95,-1.1879e-05
151,-1.3323e-05
151.05,-1.4632e-05
151.1,-1.5794e-05
151.15,-1.6798e-05
151.2,-1.7635e-05
151.25,-1.8296e-05
151.3,-1.8774e-05
151.35,-1.9063e-05
151.4,-1.9161e-05
151.45,-1.9068e-05
151.5,-1.8785e-05
151.55,-1.8316e-05
151.6,-1.7664e-05
151.65,-1.6836e-05
151.7,-1.5839e-05
151.75,-1.4684e-05
151.8,-1.3384e-05
151.85,-1.1951e-05
151.9,-1.04e-05
151.95,-8.7457e-06
152,-7.0037e-06
152.05,-5.1921e-06
152.1,-3.33e-06
152.15,-1.4363e-06
152.2,4.7065e-07
152.25,2.3725e-06
152.3,4.2507e-06
152.35,6.0865e-06
152.4,7.8608e-06
152.45,9.5551e-06
152.5,1.1153e-05
152.55,1.2639e-05
152.6,1.4e-05
152.65,1.5221e-05
152.7,1.629e-05
152.75,1.7196e-05
152.8,1.7929e-05
152.85,1.8484e-05
152.9,1.8855e-05
152.95,1.9038e-05
153,1.9033e-05
153.05,1.8837e-05
153.1,1.8453e-05
153.15,1.7885e-05
153.2,1.7141e-05
153.25,1.6226e-05
153.3,1.5151e-05
153.35,1.3925e-05
153.4,1.2561e-05
153.45,1.1071e-05
153.5,9.4717e-06
153.55,7.7799e-06
153.6,6.012e-06
153.65,4.185e-06
153.7,2.3163e-06
153.75,4.2448e-07
153.8,-1.4709e-06
153.85,-3.3501e-06
153.9,-5.1945e-06
153.95,-6.9865e-06
154,-8.7089e-06
154.05,-1.0345e-05
154.1,-1.1878e-05
154.15,-1.3292e-05
154.2,-1.4572e-05
154.25,-1.5706e-05
154.3,-1.6685e-05
154.35,-1.7498e-05
154.4,-1.8138e-05
154.45,-1.8597e-05
154.5,-1.8871e-05
154.55,-1.8956e-05
154.6,-1.8853e-05
154.65,-1.8564e-05
154.7,-1.8091e-05
154.75,-1.7439e-05
154.8,-1.6613e-05
154.85,-1.5622e-05
154.9,-1.4477e-05
154.95,-1.3188e-05
155,-1.177e-05
155.05,-1.0236e-05
155.1,-8.6009e-06
155.15,-6.8799e-06
155.2,-5.0909e-06
155.25,-3.2526e-06
155.3,-1.3836e-06
155.35,4.9807e-07
155.4,2.3744e-06
155.45,4.2273e-06
155.5,6.0381e-06
155.55,7.7883e-06
155.6,9.4596e-06
155.65,1.1036e-05
155.7,1.2503e-05
155.75,1.3845e-05
155.8,1.5051e-05
155.85,1.6108e-05
155.9,1.7003e-05
155.95,1.7729e-05
156,1.8279e-05
156.05,1.8649e-05
156.1,1.8834e-05
156.15,1.8833e-05
156.2,1.8645e-05
156.25,1.8272e-05
156.3,1.7717e-05
156.35,1.6988e-05
156.4,1.6092e-05
156.45,1.5037e-05
156.5,1.3833e-05
156.55,1.2493e-05
156.6,1.1028e-05
156.65,9.455e-06
156.7,7.7899e-06
156.75,6.049e-06
156.8,4.2489e-06
156.85,2.4068e-06
156.9,5.4072e-07
156.95,-1.3301e-06
157,-3.1864e-06
157.05,-5.0096e-06
157.1,-6.7824e-06
157.15,-8.4881e-06
157.2,-1.011e-05
157.25,-1.1632e-05
157.3,-1.3037e-05
157.35,-1.4313e-05
157.4,-1.5446e-05
157.45,-1.6426e-05
157.5,-1.7244e-05
157.55,-1.7893e-05
157.6,-1.8364e-05
157.65,-1.8652e-05
157.7,-1.8756e-05
157.75,-1.8674e-05
157.8,-1.8409e-05
157.85,-1.7962e-05
157.9,-1.7339e-05
157.95,-1.6544e-05
158,-1.5584e-05
158.05,-1.4472e-05
158.1,-1.3217e-05
158.15,-1.1833e-05
158.2,-1.0333e-05
158.25,-8.7313e-06
158.3,-7.043e-06
158.35,-5.2854e-06
158.4,-3.4767e-06
158.45,-1.6352e-06
158.5,2.2132e-07
158.55,2.0752e-06
158.6,3.9086e-06
158.65,5.7035e-06
158.7,7.4414e-06
158.75,9.1045e-06
158.8,1.0676e-05
158.85,1.2143e-05
158.9,1.3489e-05
158.95,1.4703e-05
159,1.5771e-05
159.05,1.6683e-05
159.1,1.743e-05
159.15,1.8004e-05
159.2,1.8401e-05
159.25,1.8617e-05
159.3,1.865e-05
159.35,1.8499e-05
159.4,1.8165e-05
159.45,1.7651e-05
159.5,1.6965e-05
159.55,1.6112e-05
159.6,1.5101e-05
159.65,1.3941e-05
159.7,1.2645e-05
159.75,1.1223e-05
159.8,9.6912e-06
159.85,8.0655e-06
159.9,6.3615e-06
159.95,4.5957e-06
160,2.7848e-06
160.05,9.4636e-07
160.1,-9.0105e-07
160.15,-2.7384e-06
160.2,-4.5472e-06
160.25,-6.3103e-06
160.3,-8.0111e-06
160.35,-9.6332e-06
160.4,-1.116e-05
160.45,-1.2577e-05
160.5,-1.3869e-05
160.55,-1.5023e-05
160.6,-1.6029e-05
160.65,-1.6877e-05
160.7,-1.756e-05
160.75,-1.8071e-05
160.8,-1.8402e-05
160.85,-1.8552e-05
160.9,-1.8519e-05
160.95,-1.8305e-05
161,-1.7911e-05
161.05,-1.7342e-05
161.1,-1.6603e-05
161.15,-1.5699e-05
161.2,-1.4641e-05
161.25,-1.3441e-05
161.3,-1.2109e-05
161.35,-1.0659e-05
161.4,-9.1047e-06
161.45,-7.4609e-06
161.5,-5.7436e-06
161.55,-3.9708e-06
161.6,-2.1603e-06
161.65,-3.299e-07
161.7,1.5031e-06
161.75,3.3213e-06
161.8,5.1069e-06
161.85,6.842e-06
161.9,8.5087e-06
161.95,1.009e-05
162,1.1572e-05
162.05,1.2941e-05
162.1,1.4182e-05
162.15,1.5284e-05
162.2,1.6236e-05
162.25,1.7027e-05
162.3,1.765e-05
162.35,1.8101e-05
162.4,1.8374e-05
162.45,1.8467e-05
162.5,1.8379e-05
162.55,1.811e-05
162.6,1.7663e-05
162.65,1.7043e-05
162.7,1.6257e-05
162.75,1.5312e-05
162.8,1.4218e-05
162.85,1.2984e-05
162.9,1.1622e-05
162.95,1.0147e-05
163,8.5731e-06
163.05,6.9166e-06
163.1,5.1934e-06
163.15,3.4195e-06
163.2,1.6121e-06
163.25,-2.1107e-07
163.3,-2.0313e-06
163.35,-3.8301e-06
163.4,-5.5902e-06
163.45,-7.2951e-06
163.5,-8.9285e-06
163.55,-1.0474e-05
163.6,-1.1918e-05
163.65,-1.3243e-05
163.7,-1.4437e-05
163.75,-1.5489e-05
163.8,-1.639e-05
163.85,-1.713e-05
163.9,-1.7703e-05
163.95,-1.8103e-05
164,-1.8323e-05
164.05,-1.8364e-05
164.1,-1.8226e-05
164.15,-1.791e-05
164.2,-1.742e-05
164.25,-1.6759e-05
164.3,-1.5933e-05
164.35,-1.4951e-05
164.4,-1.3824e-05
164.45,-1.2562e-05
164.5,-1.1178e-05
164.55,-9.686e-06
164.6,-8.0989e-06
164.65,-6.4324e-06
164.7,-4.7033e-06
164.75,-2.9294e-06
164.8,-1.1282e-06
164.85,6.8307e-07
164.9,2.4874e-06
164.95,4.2675e-06
165,6.0058e-06
165.05,7.6845e-06
165.1,9.2867e-06
165.15,1.0797e-05
165.2,1.2202e-05
165.25,1.3487e-05
165.3,1.4641e-05
165.35,1.5651e-05
165.4,1.6508e-05
165.45,1.7202e-05
165.5,1.7727e-05
165.55,1.8081e-05
165.6,1.8257e-05
165.65,1.8256e-05
165.7,1.8076e-05
165.75,1.7719e-05
165.8,1.7189e-05
165.85,1.6491e-05
165.9,1.5634e-05
165.95,1.4624e-05
166,1.3472e-05
166.05,1.2188e-05
166.1,1.0785e-05
166.15,9.2769e-06
166.2,7.6798e-06
166.25,6.0089e-06
166.3,4.2801e-06
166.35,2.5095e-06
166.4,7.1432e-07
166.45,-1.0874e-06
166.5,-2.8773e-06
166.55,-4.6377e-06
166.6,-6.3521e-06
166.65,-8.0043e-06
166.7,-9.5785e-06
166.75,-1.1059e-05
166.8,-1.2431e-05
166.85,-1.3681e-05
166.9,-1.4796e-05
166.95,-1.5767e-05
167,-1.6584e-05
167.05,-1.724e-05
167.1,-1.7728e-05
167.15,-1.8042e-05
167.2,-1.8179e-05
167.25,-1.8139e-05
167.3,-1.7923e-05
167.35,-1.7533e-05
167.4,-1.6972e-05
167.45,-1.6246e-05
167.5,-1.5361e-05
167.55,-1.4326e-05
167.6,-1.3153e-05
167.65,-1.1852e-05
167.7,-1.0437e-05
167.75,-8.9205e-06
167.8,-7.3168e-06
167.85,-5.6419e-06
167.9,-3.9128e-06
167.95,-2.1468e-06
168,-3.6115e-07
168.05,1.4274e-06
168.1,3.202e-06
168.15,4.9455e-06
168.2,6.6405e-06
168.25,8.2697e-06
168.3,9.817e-06
168.35,1.1268e-05
168.4,1.261e-05
168.45,1.3828e-05
168.5,1.4913e-05
168.55,1.5851e-05
168.6,1.6634e-05
168.65,1.7255e-05
168.7,1.7708e-05
168.75,1.7989e-05
168.8,1.8095e-05
168.85,1.8025e-05
168.9,1.778e-05
168.95,1.7361e-05
169,1.6773e-05
169.05,1.6023e-05
169.1,1.5118e-05
169.15,1.4066e-05
169.2,1.2878e-05
169.25,1.1564e-05
169.3,1.0138e-05
169.35,8.6142e-06
169.4,7.0078e-06
169.45,5.3343e-06
169.5,3.6094e-06
169.55,1.8493e-06
169.6,7.1199e-08
169.65,-1.7069e-06
169.7,-3.467e-06
169.75,-5.1922e-06
169.8,-6.8665e-06
169.85,-8.4739e-06
169.9,-9.9991e-06
169.95,-1.1427e-05
170,-1.2743e-05
170.05,-1.3934e-05
170.1,-1.4988e-05
170.15,-1.5898e-05
170.2,-1.6653e-05
170.25,-1.7247e-05
170.3,-1.7673e-05
170.35,-1.7926e-05
170.4,-1.8005e-05
170.45,-1.7909e-05
170.5,-1.764e-05
170.55,-1.72e-05
170.6,-1.6593e-05
170.65,-1.5825e-05
170.7,-1.4903e-05
170.75,-1.3837e-05
170.8,-1.2637e-05
170.85,-1.1316e-05
170.9,-9.8855e-06
170.95,-8.3593e-06
171,-6.7517e-06
171.05,-5.0788e-06
171.1,-3.3575e-06
171.15,-1.6049e-06
171.2,1.6217e-07
171.25,1.9273e-06
171.3,3.6737e-06
171.35,5.3845e-06
171.4,7.0426e-06
171.45,8.6311e-06
171.5,1.0135e-05
171.55,1.154e-05
171.6,1.2833e-05
171.65,1.4001e-05
171.7,1.5034e-05
171.75,1.5921e-05
171.8,1.6652e-05
171.85,1.7221e-05
171.9,1.7624e-05
171.95,1.7856e-05
172,1.7915e-05
172.05,1.7801e-05
172.1,1.7513e-05
172.15,1.7056e-05
172.2,1.6433e-05
172.25,1.5653e-05
172.3,1.4721e-05
172.35,1.3647e-05
172.4,1.2441e-05
172.45,1.1114e-05
172.5,9.6793e-06
172.55,8.1523e-06
172.6,6.5474e-06
172.65,4.8799e-06
172.7,3.1655e-06
172.75,1.4203e-06
172.8,-3.3856e-07
172.85,-2.0933e-06
172.9,-3.8264e-06
172.95,-5.5214e-06
173,-7.1625e-06
173.05,-8.7344e-06
173.1,-1.0222e-05
173.15,-1.161e-05
173.2,-1.2884e-05
173.25,-1.4033e-05
173.3,-1.5046e-05
173.35,-1.5913e-05
173.4,-1.6626e-05
173.45,-1.7179e-05
173.5,-1.7565e-05
173.55,-1.778e-05
173.6,-1.7823e-05
173.65,-1.7694e-05
173.7,-1.7394e-05
173.75,-1.6926e-05
173.8,-1.6295e-05
173.85,-1.5506e-05
173.9,-1.4567e-05
173.95,-1.3487e-05
174,-1.2278e-05
174.05,-1.095e-05
174.1,-9.5182e-06
174.15,-7.9939e-06
174.2,-6.392e-06
174.25,-4.7287e-06
174.3,-3.0207e-06
174.35,-1.2848e-06
174.4,4.6275e-07
174.45,2.2055e-06
174.5,3.9269e-06
174.55,5.6104e-06
174.6,7.2389e-06
174.65,8.7963e-06
174.7,1.0268e-05
174.75,1.1639e-05
174.8,1.2899e-05
174.85,1.4034e-05
174.9,1.5033e-05
174.95,1.5886e-05
175,1.6585e-05
175.05,1.7123e-05
175.1,1.7497e-05
175.15,1.7701e-05
175.2,1.7735e-05
175.25,1.7598e-05
175.3,1.729e-05
175.35,1.6814e-05
175.4,1.6177e-05
175.45,1.5385e-05
175.5,1.4445e-05
175.55,1.3365e-05
175.6,1.2157e-05
175.65,1.0831e-05
175.7,9.4003e-06
175.75,7.8804e-06
175.8,6.2855e-06
175.85,4.6307e-06
175.9,2.9314e-06
175.95,1.2037e-06
176,-5.354e-07
176.05,-2.2684e-06
176.1,-3.9783e-06
176.15,-5.6488e-06
176.2,-7.2645e-06
176.25,-8.8102e-06
176.3,-1.0271e-05
176.35,-1.1632e-05
176.4,-1.288e-05
176.45,-1.4003e-05
176.5,-1.499e-05
176.55,-1.5833e-05
176.6,-1.6524e-05
176.65,-1.7055e-05
176.7,-1.7422e-05
176.75,-1.7619e-05
176.8,-1.7646e-05
176.85,-1.7504e-05
176.9,-1.7194e-05
176.95,-1.6718e-05
177,-1.6081e-05
177.05,-1.5289e-05
177.1,-1.4349e-05
177.15,-1.3272e-05
177.2,-1.2068e-05
177.25,-1.0748e-05
177.3,-9.3247e-06
177.35,-7.812e-06
177.4,-6.2238e-06
177.45,-4.576e-06
177.5,-2.8852e-06
177.55,-1.1677e-06
177.6,5.6021e-07
177.65,2.2824e-06
177.7,3.9827e-06
177.75,5.6446e-06
177.8,7.2514e-06
177.85,8.7872e-06
177.9,1.0237e-05
177.95,1.1589e-05
178,1.2829e-05
178.05,1.3945e-05
178.1,1.4927e-05
178.15,1.5765e-05
178.2,1.6449e-05
178.25,1.6976e-05
178.3,1.7339e-05
178.35,1.7535e-05
178.4,1.7563e-05
178.45,1.7423e-05
178.5,1.7113e-05
178.55,1.6639e-05
178.6,1.6005e-05
178.65,1.5218e-05
178.7,1.4285e-05
178.75,1.3215e-05
178.8,1.2018e-05
178.85,1.0705e-05
178.9,9.289e-06
178.95,7.7851e-06
179,6.2073e-06
179.05,4.5705e-06
179.1,2.8899e-06
179.15,1.1815e-06
179.2,-5.3809e-07
179.25,-2.2516e-06
179.3,-3.9423e-06
179.35,-5.5941e-06
179.4,-7.1919e-06
179.45,-8.7205e-06
179.5,-1.0165e-05
179.55,-1.1512e-05
179.6,-1.2747e-05
179.65,-1.3858e-05
179.7,-1.4836e-05
179.75,-1.5672e-05
179.8,-1.6357e-05
179.85,-1.6885e-05
179.9,-1.725e-05
179.95,-1.7449e-05
180,-1.748e-05
180.05,-1.7343e-05
180.1,-1.704e-05
180.15,-1.6574e-05
180.2,-1.5949e-05
180.25,-1.517e-05
180.3,-1.4245e-05
180.35,-1.3184e-05
180.4,-1.1997e-05
180.45,-1.0696e-05
180.5,-9.2921e-06
180.55,-7.7995e-06
180.6,-6.2317e-06
180.65,-4.6044e-06
180.7,-2.9339e-06
180.75,-1.2363e-06
180.8,4.7233e-07
180.85,2.1761e-06
180.9,3.8591e-06
180.95,5.5049e-06
181,7.0973e-06
181.05,8.6203e-06
181.1,1.006e-05
181.15,1.1402e-05
181.2,1.2635e-05
181.25,1.3747e-05
181.3,1.4727e-05
181.35,1.5565e-05
181.4,1.6253e-05
181.45,1.6784e-05
181.5,1.7155e-05
181.55,1.7361e-05
181.6,1.7401e-05
181.65,1.7274e-05
181.7,1.6981e-05
181.75,1.6525e-05
181.8,1.591e-05
181.85,1.5144e-05
181.9,1.4233e-05
181.95,1.3186e-05
182,1.2012e-05
182.05,1.0723e-05
182.1,9.3315e-06
182.15,7.8515e-06
182.2,6.2971e-06
182.25,4.6832e-06
182.3,3.0246e-06
182.35,1.3369e-06
182.4,-3.6351e-07
182.45,-2.0596e-06
182.5,-3.7348e-06
182.55,-5.3732e-06
182.6,-6.9598e-06
182.65,-8.4797e-06
182.7,-9.9183e-06
182.75,-1.1262e-05
182.8,-1.2496e-05
182.85,-1.361e-05
182.9,-1.4592e-05
182.95,-1.5436e-05
183,-1.6131e-05
183.05,-1.6672e-05
183.1,-1.7053e-05
183.15,-1.727e-05
183.2,-1.7321e-05
183.25,-1.7207e-05
183.3,-1.6928e-05
183.35,-1.6487e-05
183.4,-1.5889e-05
183.45,-1.5138e-05
183.5,-1.4242e-05
183.55,-1.321e-05
183.6,-1.2053e-05
183.65,-1.078e-05
183.7,-9.4056e-06
183.75,-7.9408e-06
183.8,-6.3998e-06
183.85,-4.7977e-06
183.9,-3.1505e-06
183.95,-1.4744e-06
184,2.151e-07
184.05,1.9021e-06
184.1,3.571e-06
184.15,5.2056e-06
184.2,6.7899e-06
184.25,8.3082e-06
184.3,9.7459e-06
184.35,1.109e-05
184.4,1.2328e-05
184.45,1.3448e-05
184.5,1.444e-05
184.55,1.5292e-05
184.6,1.5998e-05
184.65,1.655e-05
184.7,1.6944e-05
184.75,1.7176e-05
184.8,1.7244e-05
184.85,1.7148e-05
184.9,1.6886e-05
184.95,1.6463e-05
185,1.5883e-05
185.05,1.5151e-05
185.1,1.4276e-05
185.15,1.3264e-05
185.2,1.2126e-05
185.25,1.0871e-05
185.3,9.5122e-06
185.35,8.0637e-06
185.4,6.539e-06
185.45,4.9526e-06
185.5,3.3192e-06
185.55,1.654e-06
185.6,-2.6884e-08
185.65,-1.7069e-06
185.7,-3.3695e-06
185.75,-4.9989e-06
185.8,-6.5801e-06
185.85,-8.0984e-06
185.9,-9.5392e-06
185.95,-1.0889e-05
186,-1.2134e-05
186.05,-1.3261e-05
186.1,-1.4262e-05
186.15,-1.5126e-05
186.2,-1.5846e-05
186.25,-1.6415e-05
186.3,-1.6827e-05
186.35,-1.7077e-05
186.4,-1.7164e-05
186.45,-1.7087e-05
186.5,-1.6847e-05
186.55,-1.6447e-05
186.6,-1.5891e-05
186.65,-1.5182e-05
186.7,-1.4328e-05
186.75,-1.3337e-05
186.8,-1.222e-05
186.85,-1.0986e-05
186.9,-9.6489e-06
186.95,-8.2196e-06
187,-6.7117e-06
187.05,-5.1398e-06
187.1,-3.5195e-06
187.15,-1.8667e-06
187.2,-1.9696e-07
187.25,1.4742e-06
187.3,3.1312e-06
187.35,4.7583e-06
187.4,6.3397e-06
187.45,7.8597e-06
187.5,9.3036e-06
187.55,1.0658e-05
187.6,1.1911e-05
187.65,1.305e-05
187.7,1.4065e-05
187.75,1.4946e-05
187.8,1.5682e-05
187.85,1.6269e-05
187.9,1.67e-05
187.95,1.6973e-05
188,1.7084e-05
188.05,1.7032e-05
188.1,1.6818e-05
188.15,1.6442e-05
188.2,1.591e-05
188.25,1.5226e-05
188.3,1.4399e-05
188.35,1.3434e-05
188.4,1.2342e-05
188.45,1.1131e-05
188.5,9.8144e-06
188.55,8.405e-06
188.6,6.9164e-06
188.65,5.3627e-06
188.7,3.7583e-06
188.75,2.1182e-06
188.8,4.5785e-07
188.85,-1.2064e-06
188.9,-2.8582e-06
188.95,-4.4817e-06
189,-6.0619e-06
189.05,-7.5842e-06
189.1,-9.0343e-06
189.15,-1.0398e-05
189.2,-1.1662e-05
189.25,-1.2814e-05
189.3,-1.3844e-05
189.35,-1.4741e-05
189.4,-1.5498e-05
189.45,-1.6108e-05
189.5,-1.6564e-05
189.55,-1.6862e-05
189.6,-1.6998e-05
189.65,-1.6973e-05
189.7,-1.6786e-05
189.75,-1.644e-05
189.8,-1.5938e-05
189.85,-1.5284e-05
189.9,-1.4484e-05
189.95,-1.3547e-05
190,-1.248e-05
190.05,-1.1296e-05
190.1,-1.0005e-05
190.15,-8.6189e-06
190.2,-7.1509e-06
190.25,-5.6146e-06
190.3,-4.0254e-06
190.35,-2.3988e-06
190.4,-7.5037e-07
190.45,9.046e-07
190.5,2.5508e-06
190.55,4.1727e-06
190.6,5.7547e-06
190.65,7.2814e-06
190.7,8.7376e-06
190.75,1.011e-05
190.8,1.1386e-05
190.85,1.2554e-05
190.9,1.3602e-05
190.95,1.4521e-05
191,1.5301e-05
191.05,1.5934e-05
191.1,1.6416e-05
191.15,1.6742e-05
191.2,1.6909e-05
191.25,1.6915e-05
191.3,1.6761e-05
191.35,1.6446e-05
191.4,1.5975e-05
191.45,1.5352e-05
191.5,1.4584e-05
191.55,1.3678e-05
191.6,1.2642e-05
191.65,1.1486e-05
191.7,1.022e-05
191.75,8.8581e-06
191.8,7.4125e-06
191.85,5.8972e-06
191.9,4.3266e-06
191.95,2.7149e-06
192,1.0774e-06
192.05,-5.7008e-07
192.1,-2.2114e-06
192.15,-3.8306e-06
192.2,-5.4127e-06
192.25,-6.9431e-06
192.3,-8.4074e-06
192.35,-9.7918e-06
192.4,-1.1083e-05
192.45,-1.2268e-05
192.5,-1.3335e-05
192.55,-1.4275e-05
192.6,-1.508e-05
192.65,-1.5742e-05
192.7,-1.6255e-05
192.75,-1.6612e-05
192.8,-1.6811e-05
192.85,-1.685e-05
192.9,-1.6729e-05
192.95,-1.645e-05
193,-1.6015e-05
193.05,-1.5428e-05
193.1,-1.4695e-05
193.15,-1.3821e-05
193.2,-1.2816e-05
193.25,-1.1691e-05
193.3,-1.0455e-05
193.35,-9.1209e-06
193.4,-7.6999e-06
193.45,-6.2057e-06
193.5,-4.6528e-06
193.55,-3.0565e-06
193.6,-1.4321e-06
193.65,2.0509e-07
193.7,1.84e-06
193.75,3.4574e-06
193.8,5.0419e-06
193.85,6.5782e-06
193.9,8.0511e-06
193.95,9.4466e-06
194,1.0752e-05
194.05,1.1956e-05
194.1,1.3046e-05
194.15,1.4012e-05
194.2,1.4845e-05
194.25,1.5536e-05
194.3,1.6079e-05
194.35,1.647e-05
194.4,1.6705e-05
194.45,1.6781e-05
194.5,1.6699e-05
194.55,1.6458e-05
194.6,1.606e-05
194.65,1.551e-05
194.7,1.4813e-05
194.75,1.3977e-05
194.8,1.3008e-05
194.85,1.1917e-05
194.9,1.0711e-05
194.95,9.4048e-06
195,8.0098e-06
195.05,6.5397e-06
195.1,5.0083e-06
195.15,3.4298e-06
195.2,1.8188e-06
195.25,1.9057e-07
195.3,-1.439e-06
195.35,-3.0539e-06
195.4,-4.6389e-06
195.45,-6.1795e-06
195.5,-7.6614e-06
195.55,-9.0706e-06
195.6,-1.0394e-05
195.65,-1.1618e-05
195.7,-1.2731e-05
195.75,-1.3722e-05
195.8,-1.4584e-05
195.85,-1.5308e-05
195.9,-1.5886e-05
195.95,-1.6314e-05
196,-1.6587e-05
196.05,-1.6702e-05
196.1,-1.6659e-05
196.15,-1.6459e-05
196.2,-1.6102e-05
196.25,-1.5594e-05
196.3,-1.4938e-05
196.35,-1.414e-05
196.4,-1.3208e-05
196.45,-1.2152e-05
196.5,-1.0981e-05
196.55,-9.7067e-06
196.6,-8.3409e-06
196.65,-6.8961e-06
196.7,-5.3858e-06
196.75,-3.8251e-06
196.8,-2.229e-06
196.85,-6.1275e-07
196.9,1.0088e-06
196.95,2.6206e-06
197,4.2077e-06
197.05,5.7546e-06
197.1,7.2465e-06
197.15,8.6686e-06
197.2,1.0008e-05
197.25,1.1253e-05
197.3,1.2391e-05
197.35,1.3412e-05
197.4,1.4305e-05
197.45,1.5063e-05
197.5,1.5677e-05
197.55,1.6143e-05
197.6,1.6456e-05
197.65,1.6614e-05
197.7,1.6615e-05
197.75,1.6458e-05
197.8,1.6145e-05
197.85,1.5679e-05
197.9,1.5066e-05
197.95,1.431e-05
198,1.3419e-05
198.05,1.2402e-05
198.1,1.1267e-05
198.15,1.0026e-05
198.2,8.6899e-06
198.25,7.2727e-06
198.3,5.7873e-06
198.35,4.2478e-06
198.4,2.6684e-06
198.45,1.0636e-06
198.5,-5.5096e-07
198.55,-2.1596e-06
198.6,-3.7469e-06
198.65,-5.2979e-06
198.7,-6.7987e-06
198.75,-8.2351e-06
198.8,-9.5935e-06
198.85,-1.0861e-05
198.9,-1.2025e-05
198.95,-1.3074e-05
199,-1.4e-05
199.05,-1.4793e-05
199.1,-1.5447e-05
199.15,-1.5954e-05
199.2,-1.6311e-05
199.25,-1.6512e-05
199.3,-1.6557e-05
199.35,-1.6446e-05
199.4,-1.618e-05
199.45,-1.5761e-05
199.5,-1.5194e-05
199.55,-1.4483e-05
199.6,-1.3634e-05
199.65,-1.2657e-05
199.7,-1.1561e-05
199.75,-1.0357e-05
199.8,-9.0549e-06
199.85,-7.6676e-06
199.9,-6.2077e-06
199.95,-4.6894e-06
200,-3.1274e-06
200.05,-1.5368e-06
200.1,6.759e-08
200.15,1.671e-06
200.2,3.2585e-06
200.25,4.8152e-06
200.3,6.3261e-06
200.35,7.7764e-06
200.4,9.1523e-06
200.45,1.0441e-05
200.5,1.1632e-05
200.55,1.2712e-05
200.6,1.3673e-05
200.65,1.4504e-05
200.7,1.5197e-05
200.75,1.5746e-05
200.8,1.6147e-05
200.85,1.6396e-05
200.9,1.6489e-05
200.95,1.6428e-05
201,1.6211e-05
201.05,1.584e-05
201.1,1.532e-05
201.15,1.4656e-05
201.2,1.3854e-05
201.25,1.2921e-05
201.3,1.1867e-05
201.35,1.0701e-05
201.4,9.4334e-06
201.45,8.0777e-06
201.5,6.6465e-06
201.55,5.1532e-06
201.6,3.6118e-06
201.65,2.0364e-06
201.7,4.4168e-07
201.75,-1.1568e-06
201.8,-2.7435e-06
201.85,-4.3033e-06
201.9,-5.8221e-06
201.95,-7.2858e-06
202,-8.6806e-06
202.05,-9.9935e-06
202.1,-1.1212e-05
202.15,-1.2323e-05
202.2,-1.3318e-05
202.25,-1.4187e-05
202.3,-1.4922e-05
202.35,-1.5516e-05
202.4,-1.5964e-05
202.45,-1.6262e-05
202.5,-1.6405e-05
202.55,-1.6393e-05
202.6,-1.6227e-05
202.65,-1.5908e-05
202.7,-1.544e-05
202.75,-1.4826e-05
202.8,-1.4072e-05
202.85,-1.3185e-05
202.9,-1.2175e-05
202.95,-1.105e-05
203,-9.8217e-06
203.05,-8.5012e-06
203.1,-7.1005e-06
203.15,-5.6328e-06
203.2,-4.1123e-06
203.25,-2.5539e-06
203.3,-9.7221e-07
203.35,6.1804e-07
203.4,2.2022e-06
203.45,3.7656e-06
203.5,5.2934e-06
203.55,6.7708e-06
203.6,8.1834e-06
203.65,9.5182e-06
203.7,1.0763e-05
203.75,1.1907e-05
203.8,1.2938e-05
203.85,1.3847e-05
203.9,1.4625e-05
203.95,1.5265e-05
204,1.576e-05
204.05,1.6108e-05
204.1,1.6303e-05
204.15,1.6346e-05
204.2,1.6234e-05
204.25,1.5969e-05
204.3,1.5553e-05
204.35,1.4991e-05
204.4,1.4289e-05
204.45,1.3452e-05
204.5,1.2489e-05
204.55,1.1408e-05
204.6,1.0219e-05
204.65,8.935e-06
204.7,7.5672e-06
204.75,6.1288e-06
