0,0
0.05,0
0.1,0
0.15,0
0.2,0
0.25,0
0.3,0
0.35,0
0.4,0
0.45,0
0.5,0
0.55,0
0.6,0
0.65,0
0.7,0
0.75,0
0.8,0
0.85,0
0.9,0
0.95,0
1,0
1.05,0
1.1,0
1.15,0
1.2,0
1.25,0
1.3,0
1.35,0
1.4,0
1.45,0
1.5,0
1.55,0
1.6,0
1.65,0
1.7,0
1.75,0
1.8,0
1.85,0
1.9,0
1.95,0
2,0
2.05,0
2.1,0
2.15,0
2.2,0
2.25,0
2.3,0
2.35,0
2.4,0
2.45,0
2.5,0
2.55,0
2.6,0
2.65,0
2.7,0
2.75,0
2.8,0
2.85,0
2.9,0
2.95,0
3,0
3.05,0
3.1,0
3.15,0
3.2,0
3.25,0
3.3,0
3.35,0
3.4,0
3.45,0
3.5,0
3.55,0
3.6,0
3.65,0
3.7,0
3.75,0
3.8,0
3.85,0
3.9,0
3.95,0
4,0
4.05,0
4.1,0
4.15,0
4.2,0
4.25,0
4.3,0
4.35,0
4.4,0
4.45,0
4.5,0
4.55,0
4.6,0
4.65,0
4.7,0
4.75,0
4.8,0
4.85,0
4.9,0
4.95,0
5,0
5.05,0
5.1,0
5.15,0
5.2,0
5.25,0
5.3,0
5.35,0
5.4,0
5.45,0
5.5,0
5.55,0
5.6,0
5.65,0
5.7,0
5.75,0
5.8,0
5.85,0
5.9,0
5.95,0
6,0
6.05,0
6.1,0
6.15,0
6.2,0
6.25,0
6.3,0
6.35,0
6.4,0
6.45,0
6.5,0
6.55,0
6.6,0
6.65,0
6.7,0
6.75,0
6.8,0
6.85,0
6.9,0
6.95,0
7,0
7.05,0
7.1,0
7.15,0
7.2,0
7.25,0
7.3,0
7.35,0
7.4,0
7.45,0
7.5,0
7.55,0
7.6,0
7.65,0
7.7,0
7.75,0
7.8,0
7.85,0
7.9,0
7.95,0
8,0
8.05,0
8.1,0
8.15,0
8.2,0
8.25,0
8.3,0
8.35,0
8.4,0
8.45,0
8.5,0
8.55,0
8.6,0
8.65,0
8.7,0
8.75,0
8.8,0
8.85,0
8.9,0
8.95,0
9,0
9.05,0
9.1,0
9.15,0
9.2,0
9.25,0
9.3,0
9.35,0
9.4,0
9.45,0
9.5,0
9.55,0
9.6,0
9.65,0
9.7,0
9.75,0
9.8,0
9.85,0
9.9,0
9.95,0
10,0
10.05,0
10.1,0
10.15,0
10.2,0
10.25,0
10.3,0
10.35,0
10.4,0
10.45,0
10.5,0
10.55,0
10.6,0
10.65,0
10.7,0
10.75,0
10.8,0
10.85,0
10.9,0
10.95,0
11,0
11.05,0
11.1,0
11.15,0
11.2,0
11.25,0
11.3,0
11.35,0
11.4,0
11.45,0
11.5,0
11.55,0
11.6,0
11.65,0
11.7,0
11.75,0
11.8,0
11.85,0
11.9,0
11.95,0
12,0
12.05,0
12.1,0
12.15,0
12.2,0
12.25,0
12.3,0
12.35,0
12.4,0
12.45,0
12.5,0
12.55,0
12.6,0
12.65,0
12.7,0
12.75,0
12.8,0
12.85,0
12.9,0
12.95,0
13,0
13.05,0
13.1,0
13.15,0
13.2,0
13.25,0
13.3,0
13.35,0
13.4,0
13.45,0
13.5,0
13.55,0
13.6,0
13.65,0
13.7,0
13.75,0
13.8,0
13.85,0
13.9,0
13.95,0
14,0
14.05,0
14.1,0
14.15,0
14.2,0
14.25,0
14.3,0
14.35,0
14.4,0
14.45,0
14.5,0
14.55,0
14.6,0
14.65,0
14.7,0
14.75,0
14.8,0
14.85,0
14.9,0
14.95,0
15,0
15.05,0
15.1,0
15.15,0
15.2,0
15.25,0
15.3,0
15.35,0
15.4,0
15.45,0
15.5,0
15.55,0
15.6,0
15.65,0
15.7,0
15.75,0
15.8,0
15.85,0
15.9,0
15.95,0
16,0
16.05,0
16.1,0
16.15,0
16.2,0
16.25,0
16.3,0
16.35,0
16.4,0
16.45,0
16.5,0
16.55,0
16.6,0
16.65,0
16.7,0
16.75,0
16.8,0
16.85,0
16.9,0
16.95,0
17,0
17.05,0
17.1,0
17.15,0
17.2,0
17.25,0
17.3,0
17.35,0
17.4,0
17.45,0
17.5,0
17.55,0
17.6,0
17.65,0
17.7,0
17.75,0
17.8,0
17.85,0
17.9,0
17.95,0
18,0
18.05,0
18.1,0
18.15,0
18.2,0
18.25,0
18.3,0
18.35,0
18.4,0
18.45,0
18.5,0
18.55,0
18.6,0
18.65,0
18.7,0
18.75,0
18.8,0
18.85,0
18.9,0
18.95,0
19,0
19.05,0
19.1,0
19.15,0
19.2,0
19.25,0
19.3,0
19.35,0
19.4,0
19.45,0
19.5,0
19.55,0
19.6,0
19.65,0
19.7,0
19.75,0
19.8,0
19.85,0
19.9,0
19.95,0
20,0
20.05,0
20.1,0
20.15,0
20.2,0
20.25,0
20.3,0
20.35,0
20.4,0
20.45,0
20.5,0
20.55,0
20.6,0
20.65,0
20.7,0
20.75,0
20.8,0
20.85,0
20.9,0
20.95,0
21,0
21.05,0
21.1,0
21.15,0
21.2,0
21.25,0
21.3,0
21.35,0
21.4,0
21.45,0
21.5,0
21.55,0
21.6,0
21.65,0
21.7,0
21.75,0
21.8,0
21.85,0
21.9,0
21.95,0
22,0
22.05,0
22.1,0
22.15,0
22.2,0
22.25,0
22.3,0
22.35,0
22.4,0
22.45,0
22.5,0
22.55,0
22.6,0
22.65,0
22.7,0
22.75,0
22.8,0
22.85,0
22.9,0
22.95,0
23,0
23.05,0
23.1,0
23.15,0
23.2,0
23.25,0
23.3,0
23.35,0
23.4,0
23.45,0
23.5,0
23.55,0
23.6,0
23.65,0
23.7,0
23.75,0
23.8,0
23.85,0
23.9,0
23.95,0
24,0
24.05,0
24.1,0
24.15,0
24.2,0
24.25,0
24.3,0
24.35,0
24.4,0
24.45,0
24.5,0
24.55,0
24.6,0
24.65,0
24.7,0
24.75,0
24.8,0
24.85,0
24.9,0
24.95,0
25,0
25.05,-1.5173e-06
25.1,-2.3365e-05
25.15,3.5501e-05
25.2,1.4079e-05
25.25,-1.1322e-05
25.3,-3.4616e-05
25.35,-5.0104e-05
25.4,-5.4038e-05
25.45,-4.5409e-05
25.5,-2.6267e-05
25.55,-1.2946e-06
25.6,2.3405e-05
25.65,4.1908e-05
25.7,4.994e-05
25.75,4.579e-05
25.8,3.059e-05
25.85,8.0396e-06
25.9,-1.6429e-05
25.95,-3.6951e-05
26,-4.8683e-05
26.05,-4.8984e-05
26.1,-3.7949e-05
26.15,-1.8277e-05
26.2,5.3838e-06
26.25,2.7481e-05
26.3,4.2864e-05
26.35,4.803e-05
26.4,4.1937e-05
26.45,2.6158e-05
26.5,4.4315e-06
26.55,-1.8203e-05
26.6,-3.6534e-05
26.65,-4.6384e-05
26.7,-4.5605e-05
26.75,-3.453e-05
26.8,-1.5805e-05
26.85,6.2617e-06
26.9,2.6657e-05
26.95,4.0782e-05
27,4.5524e-05
27.05,3.9951e-05
27.1,2.5465e-05
27.15,5.398e-06
27.2,-1.5729e-05
27.25,-3.3197e-05
27.3,-4.3153e-05
27.35,-4.35e-05
27.4,-3.4302e-05
27.45,-1.7701e-05
27.5,2.5902e-06
27.55,2.2077e-05
27.6,3.6492e-05
27.65,4.2763e-05
27.7,3.9655e-05
27.75,2.7963e-05
27.8,1.0308e-05
27.85,-9.4219e-06
27.9,-2.6931e-05
27.95,-3.849e-05
28,-4.1723e-05
28.05,-3.6045e-05
28.1,-2.2765e-05
28.15,-4.8097e-06
28.2,1.3933e-05
28.25,2.9495e-05
28.3,3.8655e-05
28.35,3.9565e-05
28.4,3.2129e-05
28.45,1.8028e-05
28.5,3.1307e-07
28.55,-1.7288e-05
28.6,-3.1133e-05
28.65,-3.8388e-05
28.7,-3.7636e-05
28.75,-2.9157e-05
28.8,-1.4808e-05
28.85,2.4025e-06
28.9,1.8915e-05
28.95,3.1353e-05
29,3.7244e-05
29.05,3.5502e-05
29.1,2.6579e-05
29.15,1.2368e-05
29.2,-4.1822e-06
29.25,-1.9701e-05
29.3,-3.1107e-05
29.35,-3.6183e-05
29.4,-3.3993e-05
29.45,-2.5077e-05
29.5,-1.1319e-05
29.55,4.4987e-06
29.6,1.9234e-05
29.65,2.9992e-05
29.7,3.4712e-05
29.75,3.2574e-05
29.8,2.4097e-05
29.85,1.1012e-05
29.9,-4.0629e-06
29.95,-1.8166e-05
30,-2.8598e-05
30.05,-3.3407e-05
30.1,-3.174e-05
30.15,-2.4017e-05
30.2,-1.1818e-05
30.25,2.4707e-06
30.3,1.6106e-05
30.35,2.6498e-05
30.4,3.1731e-05
30.45,3.0909e-05
30.5,2.4273e-05
30.55,1.3152e-05
30.6,-2.9115e-07
30.65,-1.3508e-05
30.7,-2.4053e-05
30.75,-3.0002e-05
30.8,-3.0318e-05
30.85,-2.5044e-05
30.9,-1.5238e-05
30.95,-2.764e-06
31,1.004e-05
31.05,2.0824e-05
31.1,2.7668e-05
31.15,2.9385e-05
31.2,2.5738e-05
31.25,1.7485e-05
31.3,6.1913e-06
31.35,-6.0759e-06
31.4,-1.7089e-05
31.45,-2.4895e-05
31.5,-2.8166e-05
31.55,-2.6389e-05
31.6,-1.9954e-05
31.65,-1.0092e-05
31.7,1.4037e-06
31.75,1.2491e-05
31.8,2.122e-05
31.85,2.6101e-05
31.9,2.636e-05
31.95,2.2017e-05
32,1.3906e-05
32.05,3.5068e-06
32.1,-7.3549e-06
32.15,-1.6803e-05
32.2,-2.3225e-05
32.25,-2.5583e-05
32.3,-2.3549e-05
32.35,-1.7532e-05
32.4,-8.6331e-06
32.45,1.5846e-06
32.5,1.1385e-05
32.55,1.9113e-05
32.6,2.3503e-05
32.65,2.3894e-05
32.7,2.0279e-05
32.75,1.333e-05
32.8,4.2783e-06
32.85,-5.3532e-06
32.9,-1.3959e-05
32.95,-2.0126e-05
33,-2.2901e-05
33.05,-2.1885e-05
33.1,-1.7302e-05
33.15,-9.9848e-06
33.2,-1.1627e-06
33.25,7.7112e-06
33.3,1.5184e-05
33.35,2.0089e-05
33.4,2.1687e-05
33.45,1.9768e-05
33.5,1.4724e-05
33.55,7.4116e-06
33.6,-9.7267e-07
33.65,-9.0577e-06
33.7,-1.5585e-05
33.75,-1.9556e-05
33.8,-2.0377e-05
33.85,-1.8001e-05
33.9,-1.2853e-05
33.95,-5.7814e-06
34,2.0554e-06
34.05,9.4435e-06
34.1,1.5245e-05
34.15,1.8582e-05
34.2,1.9011e-05
34.25,1.6509e-05
34.3,1.1517e-05
34.35,4.8641e-06
34.4,-2.427e-06
34.45,-9.2202e-06
34.5,-1.4496e-05
34.55,-1.7506e-05
34.6,-1.7819e-05
34.65,-1.546e-05
34.7,-1.0839e-05
34.75,-4.6745e-06
34.8,2.0595e-06
34.85,8.367e-06
34.9,1.3324e-05
34.95,1.6208e-05
35,1.6664e-05
35.05,1.4657e-05
35.1,1.0537e-05
35.15,4.9659e-06
35.2,-1.2402e-06
35.25,-7.1401e-06
35.3,-1.1898e-05
35.35,-1.4859e-05
35.4,-1.5611e-05
35.45,-1.4124e-05
35.5,-1.064e-05
35.55,-5.7038e-06
35.6,-6.667e-08
35.65,5.4817e-06
35.7,1.013e-05
35.75,1.3257e-05
35.8,1.4459e-05
35.85,1.3592e-05
35.9,1.0852e-05
35.95,6.6394e-06
36,1.5899e-06
36.05,-3.5712e-06
36.1,-8.1474e-06
36.15,-1.1489e-05
36.2,-1.3192e-05
36.25,-1.3046e-05
36.3,-1.1113e-05
36.35,-7.7181e-06
36.4,-3.3304e-06
36.45,1.4003e-06
36.5,5.8422e-06
36.55,9.4e-06
36.6,1.1601e-05
36.65,1.2209e-05
36.7,1.1151e-05
36.75,8.6344e-06
36.8,5.0215e-06
36.85,8.1517e-07
36.9,-3.3916e-06
36.95,-7.0727e-06
37,-9.7233e-06
37.05,-1.1045e-05
37.1,-1.0889e-05
37.15,-9.3085e-06
37.2,-6.5675e-06
37.25,-3.0228e-06
37.3,8.1206e-07
37.35,4.4576e-06
37.4,7.4356e-06
37.45,9.3785e-06
37.5,1.0082e-05
37.55,9.4613e-06
37.6,7.6651e-06
37.65,4.9244e-06
37.7,1.6352e-06
37.75,-1.7777e-06
37.8,-4.8865e-06
37.85,-7.289e-06
37.9,-8.7322e-06
37.95,-9.029e-06
38,-8.2068e-06
38.05,-6.3783e-06
38.1,-3.8108e-06
38.15,-8.4868e-07
38.2,2.1465e-06
38.25,4.7785e-06
38.3,6.7665e-06
38.35,7.8531e-06
38.4,7.9605e-06
38.45,7.0887e-06
38.5,5.3801e-06
38.55,3.0752e-06
38.6,4.5522e-07
38.65,-2.1283e-06
38.7,-4.3965e-06
38.75,-6.0542e-06
38.8,-6.9523e-06
38.85,-6.986e-06
38.9,-6.1936e-06
38.95,-4.6946e-06
39,-2.6836e-06
39.05,-4.3292e-07
39.1,1.8084e-06
39.15,3.7473e-06
39.2,5.1987e-06
39.25,5.9795e-06
39.3,6.0482e-06
39.35,5.4053e-06
39.4,4.1604e-06
39.45,2.4808e-06
39.5,5.6874e-07
39.55,-1.3307e-06
39.6,-3.0218e-06
39.65,-4.2919e-06
39.7,-5.0417e-06
39.75,-5.1761e-06
39.8,-4.7335e-06
39.85,-3.7628e-06
39.9,-2.4151e-06
39.95,-8.4671e-07
40,7.513e-07
40.05,2.1952e-06
40.1,3.339e-06
40.15,4.0527e-06
40.2,4.2958e-06
40.25,4.0392e-06
40.3,3.3612e-06
40.35,2.3283e-06
40.4,1.1007e-06
40.45,-2.0359e-07
40.5,-1.4125e-06
40.55,-2.4186e-06
40.6,-3.1049e-06
40.65,-3.4247e-06
40.7,-3.3549e-06
40.75,-2.9271e-06
40.8,-2.2093e-06
40.85,-1.2895e-06
40.9,-2.9024e-07
40.95,6.9026e-07
41,1.5288e-06
41.05,2.1641e-06
41.1,2.517e-06
41.15,2.5914e-06
41.2,2.3728e-06
41.25,1.9293e-06
41.3,1.2986e-06
41.35,5.8658e-07
41.4,-1.4754e-07
41.45,-8.0137e-07
41.5,-1.3304e-06
41.55,-1.6692e-06
41.6,-1.8122e-06
41.65,-1.7459e-06
41.7,-1.508e-06
41.75,-1.1289e-06
41.8,-6.7077e-07
41.85,-1.8592e-07
41.9,2.6595e-07
41.95,6.3972e-07
42,9.018e-07
42.05,1.0328e-06
42.1,1.0358e-06
42.15,9.2073e-07
42.2,7.2224e-07
42.25,4.6702e-07
42.3,2.0282e-07
42.35,-4.4656e-08
42.4,-2.3535e-07
42.45,-3.6192e-07
42.5,-4.0477e-07
42.55,-3.8117e-07
42.6,-2.9257e-07
42.65,-1.7551e-07
42.7,-4.2619e-08
42.75,6.6014e-08
42.8,1.4221e-07
42.85,1.5635e-07
42.9,1.1771e-07
42.95,1.6184e-08
43,-1.19e-07
43.05,-2.8077e-07
43.1,-4.2815e-07
43.15,-5.4769e-07
43.2,-6.0082e-07
43.25,-5.8375e-07
43.3,-4.7484e-07
43.35,-2.8935e-07
43.4,-2.9973e-08
43.45,2.6746e-07
43.5,5.8045e-07
43.55,8.6285e-07
43.6,1.0863e-06
43.65,1.2106e-06
43.7,1.2181e-06
43.75,1.0918e-06
43.8,8.3803e-07
43.85,4.7032e-07
43.9,2.1009e-08
43.95,-4.6881e-07
44,-9.5137e-07
44.05,-1.3735e-06
44.1,-1.6914e-06
44.15,-1.8603e-06
44.2,-1.86e-06
44.25,-1.6723e-06
44.3,-1.3146e-06
44.35,-8.017e-07
44.4,-1.8785e-07
44.45,4.8504e-07
44.5,1.1404e-06
44.55,1.7285e-06
44.6,2.1743e-06
44.65,2.4442e-06
44.7,2.4883e-06
44.75,2.3085e-06
44.8,1.897e-06
44.85,1.2979e-06
44.9,5.4568e-07
44.95,-2.826e-07
45,-1.1236e-06
45.05,-1.8909e-06
45.1,-2.5178e-06
45.15,-2.9376e-06
45.2,-3.1066e-06
45.25,-3.0016e-06
45.3,-2.6203e-06
45.35,-1.9945e-06
45.4,-1.1651e-06
45.45,-2.1053e-07
45.5,7.9861e-07
45.55,1.7608e-06
45.6,2.6029e-06
45.65,3.2326e-06
45.7,3.6029e-06
45.75,3.6606e-06
45.8,3.4045e-06
45.85,2.8396e-06
45.9,2.0152e-06
45.95,9.9247e-07
46,-1.4265e-07
46.05,-1.2924e-06
46.1,-2.3622e-06
46.15,-3.2507e-06
46.2,-3.8876e-06
46.25,-4.2011e-06
46.3,-4.1711e-06
46.35,-3.7789e-06
46.4,-3.0651e-06
46.45,-2.0709e-06
46.5,-8.8541e-07
46.55,4.0182e-07
46.6,1.6804e-06
46.65,2.8428e-06
46.7,3.7926e-06
46.75,4.441e-06
46.8,4.7375e-06
46.85,4.6405e-06
46.9,4.1646e-06
46.95,3.3293e-06
47,2.2113e-06
47.05,8.8631e-07
47.1,-5.3157e-07
47.15,-1.9313e-06
47.2,-3.1982e-06
47.25,-4.2229e-06
47.3,-4.9265e-06
47.35,-5.2367e-06
47.4,-5.1362e-06
47.45,-4.613e-06
47.5,-3.7182e-06
47.55,-2.506e-06
47.6,-1.0784e-06
47.65,4.5696e-07
47.7,1.9795e-06
47.75,3.362e-06
47.8,4.5022e-06
47.85,5.2953e-06
47.9,5.6882e-06
47.95,5.631e-06
48,5.1362e-06
48.05,4.2273e-06
48.1,2.9766e-06
48.15,1.4789e-06
48.2,-1.5724e-07
48.25,-1.7953e-06
48.3,-3.3214e-06
48.35,-4.601e-06
48.4,-5.5486e-06
48.45,-6.0737e-06
48.5,-6.1408e-06
48.55,-5.7373e-06
48.6,-4.8859e-06
48.65,-3.6579e-06
48.7,-2.1303e-06
48.75,-4.324e-07
48.8,1.3246e-06
48.85,2.9934e-06
48.9,4.4566e-06
48.95,5.5986e-06
49,6.3259e-06
49.05,6.5912e-06
49.1,6.3564e-06
49.15,5.6523e-06
49.2,4.5105e-06
49.25,3.0275e-06
49.3,1.3019e-06
49.35,-5.3875e-07
49.4,-2.3506e-06
49.45,-4.0132e-06
49.5,-5.3851e-06
49.55,-6.3827e-06
49.6,-6.9124e-06
49.65,-6.9437e-06
49.7,-6.4672e-06
49.75,-5.5084e-06
49.8,-4.1488e-06
49.85,-2.4663e-06
49.9,-6.0115e-07
49.95,1.3312e-06
50,3.1785e-06
50.05,4.8099e-06
50.1,6.1125e-06
50.15,6.9761e-06
50.2,7.3562e-06
50.25,7.2019e-06
50.3,6.5392e-06
50.35,5.4006e-06
50.4,3.8664e-06
50.45,2.0535e-06
50.5,7.1249e-08
50.55,-1.9181e-06
50.6,-3.7968e-06
50.65,-5.4143e-06
50.7,-6.6623e-06
50.75,-7.4557e-06
50.8,-7.7209e-06
50.85,-7.4601e-06
50.9,-6.6644e-06
50.95,-5.4073e-06
51,-3.7625e-06
51.05,-1.8416e-06
51.1,2.0924e-07
51.15,2.2704e-06
51.2,4.1744e-06
51.25,5.8121e-06
51.3,7.0553e-06
51.35,7.8173e-06
51.4,8.0562e-06
51.45,7.7319e-06
51.5,6.8907e-06
51.55,5.5639e-06
51.6,3.8545e-06
51.65,1.8765e-06
51.7,-2.4994e-07
51.75,-2.3566e-06
51.8,-4.3296e-06
51.85,-6.0112e-06
51.9,-7.2998e-06
51.95,-8.109e-06
52,-8.3659e-06
52.05,-8.079e-06
52.1,-7.2364e-06
52.15,-5.9146e-06
52.2,-4.1915e-06
52.25,-2.1729e-06
52.3,-1.4448e-08
52.35,2.1706e-06
52.4,4.21e-06
52.45,5.9865e-06
52.5,7.3794e-06
52.55,8.2809e-06
52.6,8.6579e-06
52.65,8.4536e-06
52.7,7.7039e-06
52.75,6.4455e-06
52.8,4.7522e-06
52.85,2.7573e-06
52.9,5.5761e-07
52.95,-1.6754e-06
53,-3.8136e-06
53.05,-5.7196e-06
53.1,-7.2495e-06
53.15,-8.3356e-06
53.2,-8.8749e-06
53.25,-8.8524e-06
53.3,-8.265e-06
53.35,-7.1324e-06
53.4,-5.5573e-06
53.45,-3.6056e-06
53.5,-1.4245e-06
53.55,8.5338e-07
53.6,3.0972e-06
53.65,5.1347e-06
53.7,6.8713e-06
53.75,8.1704e-06
53.8,8.9564e-06
53.85,9.1923e-06
53.9,8.8326e-06
53.95,7.934e-06
54,6.5245e-06
54.05,4.6996e-06
54.1,2.5875e-06
54.15,2.8819e-07
54.2,-2.0194e-06
54.25,-4.2183e-06
54.3,-6.1653e-06
54.35,-7.7218e-06
54.4,-8.8246e-06
54.45,-9.3687e-06
54.5,-9.3434e-06
54.55,-8.7475e-06
54.6,-7.5952e-06
54.65,-5.9933e-06
54.7,-4.0036e-06
54.75,-1.7668e-06
54.8,5.7595e-07
54.85,2.9079e-06
54.9,5.0493e-06
54.95,6.9028e-06
55,8.3413e-06
55.05,9.2651e-06
55.1,9.6499e-06
55.15,9.4336e-06
55.2,8.6559e-06
55.25,7.3579e-06
55.3,5.5974e-06
55.35,3.5171e-06
55.4,1.2037e-06
55.45,-1.1844e-06
55.5,-3.497e-06
55.55,-5.6262e-06
55.6,-7.405e-06
55.65,-8.7583e-06
55.7,-9.597e-06
55.75,-9.8513e-06
55.8,-9.5439e-06
55.85,-8.6538e-06
55.9,-7.2532e-06
55.95,-5.4323e-06
56,-3.2668e-06
56.05,-9.2409e-07
56.1,1.4886e-06
56.15,3.824e-06
56.2,5.9224e-06
56.25,7.7006e-06
56.3,9.0175e-06
56.35,9.8118e-06
56.4,1.005e-05
56.45,9.6813e-06
56.5,8.7685e-06
56.55,7.3383e-06
56.6,5.4706e-06
56.65,3.3035e-06
56.7,9.1978e-07
56.75,-1.5113e-06
56.8,-3.8545e-06
56.85,-5.9992e-06
56.9,-7.781e-06
56.95,-9.1342e-06
57,-9.9682e-06
57.05,-1.0217e-05
57.1,-9.9054e-06
57.15,-9.0113e-06
57.2,-7.6039e-06
57.25,-5.776e-06
57.3,-3.5942e-06
57.35,-1.2235e-06
57.4,1.2255e-06
57.45,3.6212e-06
57.5,5.7938e-06
57.55,7.6636e-06
57.6,9.0976e-06
57.65,1.0012e-05
57.7,1.0387e-05
57.75,1.0158e-05
57.8,9.369e-06
57.85,8.0625e-06
57.9,6.2822e-06
57.95,4.1706e-06
58,1.8133e-06
58.05,-6.5653e-07
58.1,-3.0722e-06
58.15,-5.3431e-06
58.2,-7.311e-06
58.25,-8.8692e-06
58.3,-9.9606e-06
58.35,-1.0481e-05
58.4,-1.0435e-05
58.45,-9.822e-06
58.5,-8.6463e-06
58.55,-7.0165e-06
58.6,-4.9901e-06
58.65,-2.679e-06
58.7,-2.4021e-07
58.75,2.2368e-06
58.8,4.5861e-06
58.85,6.6785e-06
58.9,8.4324e-06
58.95,9.7088e-06
59,1.0467e-05
59.05,1.0669e-05
59.1,1.0272e-05
59.15,9.3383e-06
59.2,7.8942e-06
59.25,6.0091e-06
59.3,3.8218e-06
59.35,1.4076e-06
59.4,-1.0832e-06
59.45,-3.5023e-06
59.5,-5.7603e-06
59.55,-7.6959e-06
59.6,-9.2205e-06
59.65,-1.0273e-05
59.7,-1.0755e-05
59.75,-1.0678e-05
59.8,-1.0038e-05
59.85,-8.8433e-06
59.9,-7.2006e-06
59.95,-5.1654e-06
60,-2.8446e-06
60.05,-3.9413e-07
60.1,2.1002e-06
60.15,4.4812e-06
60.2,6.6137e-06
60.25,8.4243e-06
60.3,9.776e-06
60.35,1.0615e-05
60.4,1.0917e-05
60.45,1.0623e-05
60.5,9.7861e-06
60.55,8.4439e-06
60.6,6.6381e-06
60.65,4.507e-06
60.7,2.1324e-06
60.75,-3.6796e-07
60.8,-2.8274e-06
60.85,-5.1602e-06
60.9,-7.2275e-06
60.95,-8.9041e-06
61,-1.0145e-05
61.05,-1.0851e-05
61.1,-1.099e-05
61.15,-1.0586e-05
61.2,-9.6147e-06
61.25,-8.1541e-06
61.3,-6.2885e-06
61.35,-4.0752e-06
61.4,-1.6681e-06
61.45,8.2302e-07
61.5,3.2939e-06
61.55,5.5752e-06
61.6,7.5828e-06
61.65,9.2168e-06
61.7,1.0359e-05
61.75,1.0995e-05
61.8,1.1072e-05
61.85,1.057e-05
61.9,9.5555e-06
61.95,8.0456e-06
62,6.1192e-06
62.05,3.9058e-06
62.1,1.4746e-06
62.15,-1.0306e-06
62.2,-3.4678e-06
62.25,-5.7555e-06
62.3,-7.7435e-06
62.35,-9.3357e-06
62.4,-1.0484e-05
62.45,-1.1088e-05
62.5,-1.114e-05
62.55,-1.0654e-05
62.6,-9.6128e-06
62.65,-8.1034e-06
62.7,-6.1995e-06
62.75,-3.9637e-06
62.8,-1.549e-06
62.85,9.4391e-07
62.9,3.4096e-06
62.95,5.6844e-06
63,7.6887e-06
63.05,9.3253e-06
63.1,1.0479e-05
63.15,1.1134e-05
63.2,1.1243e-05
63.25,1.0779e-05
63.3,9.8075e-06
63.35,8.3474e-06
63.4,6.4635e-06
63.45,4.2858e-06
63.5,1.8835e-06
63.55,-6.1809e-07
63.6,-3.0687e-06
63.65,-5.3898e-06
63.7,-7.4473e-06
63.75,-9.1256e-06
63.8,-1.0383e-05
63.85,-1.1127e-05
63.9,-1.132e-05
63.95,-1.0987e-05
64,-1.0106e-05
64.05,-8.7317e-06
64.1,-6.9555e-06
64.15,-4.8229e-06
64.2,-2.4606e-06
64.25,4.7991e-09
64.3,2.493e-06
64.35,4.8514e-06
64.4,6.9669e-06
64.45,8.7711e-06
64.5,1.0139e-05
64.55,1.1018e-05
64.6,1.1389e-05
64.65,1.1197e-05
64.7,1.0473e-05
64.75,9.2647e-06
64.8,7.5929e-06
64.85,5.5682e-06
64.9,3.2901e-06
64.95,8.3268e-07
65,-1.6507e-06
65.05,-4.0497e-06
65.1,-6.2784e-06
65.15,-8.1922e-06
65.2,-9.7181e-06
65.25,-1.0804e-05
65.3,-1.1359e-05
65.35,-1.1383e-05
65.4,-1.0886e-05
65.45,-9.8539e-06
65.5,-8.3684e-06
65.55,-6.5004e-06
65.6,-4.3051e-06
65.65,-1.9219e-06
65.7,5.4566e-07
65.75,3.0087e-06
65.8,5.3136e-06
65.85,7.3692e-06
65.9,9.0998e-06
65.95,1.0386e-05
66,1.1192e-05
66.05,1.1493e-05
66.1,1.1238e-05
66.15,1.0468e-05
66.2,9.2251e-06
66.25,7.5326e-06
66.3,5.5022e-06
66.35,3.2261e-06
66.4,7.7944e-07
66.45,-1.689e-06
66.5,-4.074e-06
66.55,-6.2912e-06
66.6,-8.2018e-06
66.65,-9.7328e-06
66.7,-1.0835e-05
66.75,-1.142e-05
66.8,-1.1482e-05
66.85,-1.1035e-05
66.9,-1.0061e-05
66.95,-8.6315e-06
67,-6.8214e-06
67.05,-4.6792e-06
67.1,-2.3309e-06
67.15,1.1159e-07
67.2,2.5697e-06
67.25,4.9001e-06
67.3,6.9976e-06
67.35,8.7974e-06
67.4,1.0185e-05
67.45,1.1102e-05
67.5,1.1536e-05
67.55,1.1433e-05
67.6,1.0807e-05
67.65,9.7108e-06
67.7,8.1603e-06
67.75,6.2386e-06
67.8,4.054e-06
67.85,1.67e-06
67.9,-7.8985e-07
67.95,-3.1963e-06
68,-5.4763e-06
68.05,-7.5089e-06
68.1,-9.1876e-06
68.15,-1.0472e-05
68.2,-1.1284e-05
68.25,-1.1575e-05
68.3,-1.1367e-05
68.35,-1.0646e-05
68.4,-9.4347e-06
68.45,-7.8218e-06
68.5,-5.8545e-06
68.55,-3.6133e-06
68.6,-1.2309e-06
68.65,1.2129e-06
68.7,3.6146e-06
68.75,5.8356e-06
68.8,7.8051e-06
68.85,9.4395e-06
68.9,1.0636e-05
68.95,1.1369e-05
69,1.161e-05
69.05,1.1318e-05
69.1,1.0535e-05
69.15,9.2969e-06
69.2,7.6297e-06
69.25,5.6363e-06
69.3,3.4043e-06
69.35,1.0039e-06
69.4,-1.4302e-06
69.45,-3.7921e-06
69.5,-6.0058e-06
69.55,-7.9455e-06
69.6,-9.5279e-06
69.65,-1.0711e-05
69.7,-1.1415e-05
69.75,-1.1612e-05
69.8,-1.1319e-05
69.85,-1.0522e-05
69.9,-9.2575e-06
69.95,-7.6083e-06
70,-5.6179e-06
70.05,-3.3749e-06
70.1,-1.0043e-06
70.15,1.4195e-06
70.2,3.7896e-06
70.25,5.9761e-06
70.3,7.9126e-06
70.35,9.5147e-06
70.4,1.0686e-05
70.45,1.1403e-05
70.5,1.1637e-05
70.55,1.135e-05
70.6,1.0581e-05
70.65,9.3653e-06
70.7,7.7285e-06
70.75,5.767e-06
70.8,3.568e-06
70.85,1.1985e-06
70.9,-1.215e-06
70.95,-3.5647e-06
71,-5.7781e-06
71.05,-7.7372e-06
71.1,-9.3525e-06
71.15,-1.0584e-05
71.2,-1.1357e-05
71.25,-1.1632e-05
71.3,-1.1426e-05
71.35,-1.0729e-05
71.4,-9.5612e-06
71.45,-8.0022e-06
71.5,-6.1002e-06
71.55,-3.9251e-06
71.6,-1.5995e-06
71.65,7.9465e-07
71.7,3.1688e-06
71.75,5.3927e-06
71.8,7.3866e-06
71.85,9.0821e-06
71.9,1.0378e-05
71.95,1.1232e-05
72,1.1627e-05
72.05,1.1517e-05
72.1,1.0916e-05
72.15,9.8711e-06
72.2,8.3985e-06
72.25,6.5667e-06
72.3,4.4755e-06
72.35,2.1866e-06
72.4,-2.0083e-07
72.45,-2.5624e-06
72.5,-4.8236e-06
72.55,-6.8903e-06
72.6,-8.6509e-06
72.65,-1.0054e-05
72.7,-1.1046e-05
72.75,-1.156e-05
72.8,-1.1593e-05
72.85,-1.1154e-05
72.9,-1.0233e-05
72.95,-8.8873e-06
73,-7.1844e-06
73.05,-5.1682e-06
73.1,-2.9372e-06
73.15,-5.991e-07
73.2,1.7761e-06
73.25,4.079e-06
73.3,6.1962e-06
73.35,8.0666e-06
73.4,9.6063e-06
73.45,1.0731e-05
73.5,1.142e-05
73.55,1.1642e-05
73.6,1.1367e-05
73.65,1.0628e-05
73.7,9.4592e-06
73.75,7.8847e-06
73.8,5.9895e-06
73.85,3.8591e-06
73.9,1.556e-06
73.95,-8.0877e-07
74,-3.1263e-06
74.05,-5.3273e-06
74.1,-7.3095e-06
74.15,-8.9762e-06
74.2,-1.0285e-05
74.25,-1.1174e-05
74.3,-1.159e-05
74.35,-1.154e-05
74.4,-1.1023e-05
74.45,-1.004e-05
74.5,-8.6523e-06
74.55,-6.9207e-06
74.6,-4.8924e-06
74.65,-2.6687e-06
74.7,-3.4827e-07
74.75,1.9991e-06
74.8,4.2632e-06
74.85,6.3395e-06
74.9,8.1689e-06
74.95,9.6674e-06
75,1.0758e-05
75.05,1.142e-05
75.1,1.1623e-05
75.15,1.134e-05
75.2,1.0604e-05
75.25,9.446e-06
75.3,7.8916e-06
75.35,6.022e-06
75.4,3.9202e-06
75.45,1.6476e-06
75.5,-6.9014e-07
75.55,-2.9864e-06
75.6,-5.1722e-06
75.65,-7.1512e-06
75.7,-8.8272e-06
75.75,-1.0155e-05
75.8,-1.108e-05
75.85,-1.1543e-05
75.9,-1.1548e-05
75.95,-1.1097e-05
76,-1.0187e-05
76.05,-8.8703e-06
76.1,-7.2093e-06
76.15,-5.2477e-06
76.2,-3.0755e-06
76.25,-7.9387e-07
76.3,1.5284e-06
76.35,3.7929e-06
76.4,5.8909e-06
76.45,7.7594e-06
76.5,9.3246e-06
76.55,1.0503e-05
76.6,1.1265e-05
76.65,1.1588e-05
76.7,1.1436e-05
76.75,1.0829e-05
76.8,9.8019e-06
76.85,8.3757e-06
76.9,6.6128e-06
76.95,4.6009e-06
77,2.4003e-06
77.05,9.7952e-08
77.1,-2.1944e-06
77.15,-4.4017e-06
77.2,-6.4435e-06
77.25,-8.2176e-06
77.3,-9.6646e-06
77.35,-1.074e-05
77.4,-1.1381e-05
77.45,-1.1567e-05
77.5,-1.1309e-05
77.55,-1.0598e-05
77.6,-9.4606e-06
77.65,-7.9631e-06
77.7,-6.15e-06
77.75,-4.0849e-06
77.8,-1.8707e-06
77.85,4.1454e-07
77.9,2.6943e-06
77.95,4.8589e-06
78,6.826e-06
78.05,8.5364e-06
78.1,9.9062e-06
78.15,1.0878e-05
78.2,1.1433e-05
78.25,1.154e-05
78.3,1.1184e-05
78.35,1.0398e-05
78.4,9.21e-06
78.45,7.6499e-06
78.5,5.7974e-06
78.55,3.7265e-06
78.6,1.4993e-06
78.65,-7.8319e-07
78.7,-3.024e-06
78.75,-5.1558e-06
78.8,-7.0874e-06
78.85,-8.7305e-06
78.9,-1.004e-05
78.95,-1.0964e-05
79,-1.1449e-05
79.05,-1.1492e-05
79.1,-1.1097e-05
79.15,-1.0261e-05
79.2,-9.0264e-06
79.25,-7.4531e-06
79.3,-5.5835e-06
79.35,-3.4938e-06
79.4,-1.2815e-06
79.45,9.8395e-07
79.5,3.2181e-06
79.55,5.3158e-06
79.6,7.2073e-06
79.65,8.8297e-06
79.7,1.0102e-05
79.75,1.0979e-05
79.8,1.1444e-05
79.85,1.1462e-05
79.9,1.1031e-05
79.95,1.0185e-05
80,8.9472e-06
80.05,7.3554e-06
80.1,5.4896e-06
80.15,3.4173e-06
80.2,1.2038e-06
80.25,-1.0501e-06
80.3,-3.2552e-06
80.35,-5.3445e-06
80.4,-7.2269e-06
80.45,-8.8217e-06
80.5,-1.0086e-05
80.55,-1.0966e-05
80.6,-1.1415e-05
80.65,-1.1432e-05
80.7,-1.1018e-05
80.75,-1.0174e-05
80.8,-8.9409e-06
80.85,-7.3772e-06
80.9,-5.5247e-06
80.95,-3.4587e-06
81,-1.2725e-06
81.05,9.655e-07
81.1,3.1727e-06
81.15,5.2482e-06
81.2,7.1227e-06
81.25,8.735e-06
81.3,1.0007e-05
81.35,1.0893e-05
81.4,1.1376e-05
81.45,1.1422e-05
81.5,1.1027e-05
81.55,1.0223e-05
81.6,9.0324e-06
81.65,7.4903e-06
81.7,5.6713e-06
81.75,3.6435e-06
81.8,1.469e-06
81.85,-7.5767e-07
81.9,-2.9463e-06
81.95,-5.0306e-06
82,-6.9257e-06
82.05,-8.5484e-06
82.1,-9.8527e-06
82.15,-1.079e-05
82.2,-1.131e-05
82.25,-1.1405e-05
82.3,-1.1079e-05
82.35,-1.0327e-05
82.4,-9.184e-06
82.45,-7.7056e-06
82.5,-5.9341e-06
82.55,-3.9335e-06
82.6,-1.795e-06
82.65,4.0941e-07
82.7,2.6064e-06
82.75,4.698e-06
82.8,6.6076e-06
82.85,8.2779e-06
82.9,9.6346e-06
82.95,1.0622e-05
83,1.1218e-05
83.05,1.1396e-05
83.1,1.1138e-05
83.15,1.0468e-05
83.2,9.4133e-06
83.25,7.9981e-06
83.3,6.2852e-06
83.35,4.347e-06
83.4,2.2411e-06
83.45,4.8945e-08
83.5,-2.1349e-06
83.55,-4.2403e-06
83.6,-6.1937e-06
83.65,-7.9078e-06
83.7,-9.3247e-06
83.75,-1.0403e-05
83.8,-1.1088e-05
83.85,-1.1355e-05
83.9,-1.1209e-05
83.95,-1.0645e-05
84,-9.6783e-06
84.05,-8.3588e-06
84.1,-6.7337e-06
84.15,-4.8506e-06
84.2,-2.7913e-06
84.25,-6.3673e-07
84.3,1.5478e-06
84.35,3.6755e-06
84.4,5.6572e-06
84.45,7.4328e-06
84.5,8.9382e-06
84.55,1.0104e-05
84.6,1.0896e-05
84.65,1.1292e-05
84.7,1.1266e-05
84.75,1.082e-05
84.8,9.983e-06
84.85,8.7766e-06
84.9,7.2401e-06
84.95,5.4441e-06
85,3.4512e-06
85.05,1.3239e-06
85.1,-8.4776e-07
85.15,-2.9809e-06
85.2,-5.0104e-06
85.25,-6.8556e-06
85.3,-8.4399e-06
85.35,-9.7176e-06
85.4,-1.0643e-05
85.45,-1.1168e-05
85.5,-1.1285e-05
85.55,-1.0994e-05
85.6,-1.0295e-05
85.65,-9.2154e-06
85.7,-7.8067e-06
85.75,-6.111e-06
85.8,-4.1857e-06
85.85,-2.1147e-06
85.9,3.0076e-08
85.95,2.1806e-06
86,4.2472e-06
86.05,6.1513e-06
86.1,7.8368e-06
86.15,9.2365e-06
86.2,1.029e-05
86.25,1.0972e-05
86.3,1.1258e-05
86.35,1.1127e-05
86.4,1.0589e-05
86.45,9.6737e-06
86.5,8.4016e-06
86.55,6.8203e-06
86.6,4.9991e-06
86.65,2.9962e-06
86.7,8.7872e-07
86.75,-1.2642e-06
86.8,-3.3567e-06
86.85,-5.3335e-06
86.9,-7.1138e-06
86.95,-8.6287e-06
87,-9.8356e-06
87.05,-1.0687e-05
87.1,-1.1143e-05
87.15,-1.1198e-05
87.2,-1.0853e-05
87.25,-1.0108e-05
87.3,-8.9965e-06
87.35,-7.5672e-06
87.4,-5.8615e-06
87.45,-3.9398e-06
87.5,-1.8834e-06
87.55,2.392e-07
87.6,2.3592e-06
87.65,4.3886e-06
87.7,6.254e-06
87.75,7.8996e-06
87.8,9.2593e-06
87.85,1.0277e-05
87.9,1.0929e-05
87.95,1.119e-05
88,1.1041e-05
88.05,1.0495e-05
88.1,9.5784e-06
88.15,8.3125e-06
88.2,6.745e-06
88.25,4.9426e-06
88.3,2.9626e-06
88.35,8.7114e-07
88.4,-1.2455e-06
88.45,-3.3132e-06
88.5,-5.2677e-06
88.55,-7.0304e-06
88.6,-8.5343e-06
88.65,-9.7365e-06
88.7,-1.0591e-05
88.75,-1.1059e-05
88.8,-1.1133e-05
88.85,-1.0813e-05
88.9,-1.0101e-05
88.95,-9.0257e-06
89,-7.6349e-06
89.05,-5.9696e-06
89.1,-4.0865e-06
89.15,-2.0642e-06
89.2,2.9103e-08
89.25,2.1269e-06
89.3,4.1449e-06
89.35,6.0088e-06
89.4,7.6631e-06
89.45,9.0445e-06
89.5,1.0096e-05
89.55,1.079e-05
89.6,1.1104e-05
89.65,1.1016e-05
89.7,1.0535e-05
89.75,9.6858e-06
89.8,8.4894e-06
89.85,6.9873e-06
89.9,5.2431e-06
89.95,3.3146e-06
90,1.2632e-06
90.05,-8.291e-07
90.1,-2.8863e-06
90.15,-4.8454e-06
90.2,-6.6323e-06
90.25,-8.1769e-06
90.3,-9.4335e-06
90.35,-1.0359e-05
90.4,-1.0911e-05
90.45,-1.1076e-05
90.5,-1.0854e-05
90.55,-1.0245e-05
90.6,-9.2696e-06
90.65,-7.9722e-06
90.7,-6.3942e-06
90.75,-4.5849e-06
90.8,-2.6176e-06
90.85,-5.6303e-07
90.9,1.5158e-06
90.95,3.5407e-06
91,5.4333e-06
91.05,7.136e-06
91.1,8.5903e-06
91.15,9.7351e-06
91.2,1.0535e-05
91.25,1.0969e-05
91.3,1.1014e-05
91.35,1.0666e-05
91.4,9.948e-06
91.45,8.8811e-06
91.5,7.4964e-06
91.55,5.8513e-06
91.6,4.0055e-06
91.65,2.0149e-06
91.7,-4.6596e-08
91.75,-2.0996e-06
91.8,-4.0799e-06
91.85,-5.92e-06
91.9,-7.5464e-06
91.95,-8.9057e-06
92,-9.9573e-06
92.05,-1.0657e-05
92.1,-1.0978e-05
92.15,-1.0919e-05
92.2,-1.0478e-05
92.25,-9.665e-06
92.3,-8.5158e-06
92.35,-7.0735e-06
92.4,-5.3798e-06
92.45,-3.4971e-06
92.5,-1.4987e-06
92.55,5.5259e-07
92.6,2.5881e-06
92.65,4.5274e-06
92.7,6.3055e-06
92.75,7.8679e-06
92.8,9.1534e-06
92.85,1.0114e-05
92.9,1.0724e-05
92.95,1.0963e-05
93,1.0814e-05
93.05,1.0288e-05
93.1,9.4091e-06
93.15,8.1989e-06
93.2,6.7011e-06
93.25,4.9758e-06
93.3,3.0779e-06
93.35,1.069e-06
93.4,-9.7262e-07
93.45,-2.9764e-06
93.5,-4.8803e-06
93.55,-6.6135e-06
93.6,-8.1109e-06
93.65,-9.3285e-06
93.7,-1.0224e-05
93.75,-1.076e-05
93.8,-1.0921e-05
93.85,-1.0708e-05
93.9,-1.0121e-05
93.95,-9.1796e-06
94,-7.9249e-06
94.05,-6.397e-06
94.1,-4.643e-06
94.15,-2.7313e-06
94.2,-7.2992e-07
94.25,1.3e-06
94.3,3.285e-06
94.35,5.15e-06
94.4,6.8375e-06
94.45,8.2917e-06
94.5,9.4541e-06
94.55,1.0287e-05
94.6,1.0769e-05
94.65,1.0878e-05
94.7,1.0606e-05
94.75,9.9714e-06
94.8,8.9952e-06
94.85,7.7043e-06
94.9,6.1488e-06
94.95,4.3864e-06
95,2.4707e-06
95.05,4.6822e-07
95.1,-1.5448e-06
95.15,-3.5032e-06
95.2,-5.3444e-06
95.25,-6.9979e-06
95.3,-8.4066e-06
95.35,-9.5291e-06
95.4,-1.0324e-05
95.45,-1.0758e-05
95.5,-1.0824e-05
95.55,-1.0521e-05
95.6,-9.8524e-06
95.65,-8.8443e-06
95.7,-7.5376e-06
95.75,-5.9713e-06
95.8,-4.1967e-06
95.85,-2.2828e-06
95.9,-2.9343e-07
95.95,1.7096e-06
96,3.6519e-06
96.05,5.4638e-06
96.1,7.0903e-06
96.15,8.4755e-06
96.2,9.5647e-06
96.25,1.0326e-05
96.3,1.0737e-05
96.35,1.0778e-05
96.4,1.0446e-05
96.45,9.7618e-06
96.5,8.7442e-06
96.55,7.4235e-06
96.6,5.8516e-06
96.65,4.0837e-06
96.7,2.1736e-06
96.75,1.8901e-07
96.8,-1.7967e-06
96.85,-3.7208e-06
96.9,-5.5205e-06
96.95,-7.1276e-06
97,-8.4886e-06
97.05,-9.5632e-06
97.1,-1.0311e-05
97.15,-1.0702e-05
97.2,-1.0731e-05
97.25,-1.0396e-05
97.3,-9.7031e-06
97.35,-8.6797e-06
97.4,-7.3654e-06
97.45,-5.799e-06
97.5,-4.0328e-06
97.55,-2.1341e-06
97.6,-1.6486e-07
97.65,1.8132e-06
97.7,3.7271e-06
97.75,5.5096e-06
97.8,7.107e-06
97.85,8.4639e-06
97.9,9.5281e-06
97.95,1.0268e-05
98,1.0663e-05
98.05,1.0694e-05
98.1,1.0358e-05
98.15,9.6751e-06
98.2,8.6646e-06
98.25,7.3566e-06
98.3,5.8017e-06
98.35,4.0538e-06
98.4,2.1663e-06
98.45,2.0513e-07
98.5,-1.7579e-06
98.55,-3.6612e-06
98.6,-5.4428e-06
98.65,-7.0364e-06
98.7,-8.3891e-06
98.75,-9.4608e-06
98.8,-1.0212e-05
98.85,-1.0613e-05
98.9,-1.0657e-05
98.95,-1.0343e-05
99,-9.6765e-06
99.05,-8.6825e-06
99.1,-7.3995e-06
99.15,-5.8658e-06
99.2,-4.1317e-06
99.25,-2.2623e-06
99.3,-3.1888e-07
99.35,1.6381e-06
99.4,3.538e-06
99.45,5.3139e-06
99.5,6.9122e-06
99.55,8.2789e-06
99.6,9.3618e-06
99.65,1.0128e-05
99.7,1.0557e-05
99.75,1.0628e-05
99.8,1.0338e-05
99.85,9.7038e-06
99.9,8.7439e-06
99.95,7.4866e-06
100,5.979e-06
100.05,4.2742e-06
100.1,2.4241e-06
100.15,4.9162e-07
100.2,-1.4528e-06
100.25,-3.3472e-06
100.3,-5.1316e-06
100.35,-6.7408e-06
100.4,-8.1202e-06
100.45,-9.2293e-06
100.5,-1.0029e-05
100.55,-1.0487e-05
100.6,-1.0595e-05
100.65,-1.035e-05
100.7,-9.7551e-06
100.75,-8.8318e-06
100.8,-7.6165e-06
100.85,-6.1463e-06
100.9,-4.4674e-06
100.95,-2.6419e-06
101,-7.3111e-07
101.05,1.2063e-06
101.1,3.1029e-06
101.15,4.8909e-06
101.2,6.5155e-06
101.25,7.9242e-06
101.3,9.0642e-06
101.35,9.8988e-06
101.4,1.0405e-05
101.45,1.0564e-05
101.5,1.0365e-05
101.55,9.8224e-06
101.6,8.9539e-06
101.65,7.7838e-06
101.7,6.3537e-06
101.75,4.7154e-06
101.8,2.9197e-06
101.85,1.0247e-06
101.9,-9.0096e-07
101.95,-2.794e-06
102,-4.5959e-06
102.05,-6.2435e-06
102.1,-7.6789e-06
102.15,-8.8593e-06
102.2,-9.7459e-06
102.25,-1.0304e-05
102.3,-1.0518e-05
102.35,-1.0385e-05
102.4,-9.9055e-06
102.45,-9.0932e-06
102.5,-7.9811e-06
102.55,-6.6056e-06
102.6,-5.0078e-06
102.65,-3.2443e-06
102.7,-1.3771e-06
102.75,5.3653e-07
102.8,2.4337e-06
102.85,4.246e-06
102.9,5.9153e-06
102.95,7.3905e-06
103,8.6187e-06
103.05,9.557e-06
103.1,1.0179e-05
103.15,1.0466e-05
103.2,1.0401e-05
103.25,9.9913e-06
103.3,9.2531e-06
103.35,8.2071e-06
103.4,6.8872e-06
103.45,5.342e-06
103.5,3.6217e-06
103.55,1.7793e-06
103.6,-1.2065e-07
103.65,-2.0128e-06
103.7,-3.8389e-06
103.75,-5.5388e-06
103.8,-7.0517e-06
103.85,-8.3299e-06
103.9,-9.3345e-06
103.95,-1.0029e-05
104,-1.0388e-05
104.05,-1.0406e-05
104.1,-1.0081e-05
104.15,-9.4199e-06
104.2,-8.4477e-06
104.25,-7.1998e-06
104.3,-5.7131e-06
104.35,-4.0362e-06
104.4,-2.2295e-06
104.45,-3.5102e-07
104.5,1.5411e-06
104.55,3.3806e-06
104.6,5.1048e-06
104.65,6.6616e-06
104.7,7.9996e-06
104.75,9.07e-06
104.8,9.8404e-06
104.85,1.0289e-05
104.9,1.0397e-05
104.95,1.0159e-05
105,9.5892e-06
105.05,8.7048e-06
105.1,7.5314e-06
105.15,6.1106e-06
105.2,4.492e-06
105.25,2.725e-06
105.3,8.6721e-07
105.35,-1.0157e-06
105.4,-2.8634e-06
105.45,-4.6185e-06
105.5,-6.2203e-06
105.55,-7.6142e-06
105.6,-8.7586e-06
105.65,-9.6161e-06
105.7,-1.0154e-05
105.75,-1.0358e-05
105.8,-1.0225e-05
105.85,-9.7539e-06
105.9,-8.9606e-06
105.95,-7.8757e-06
106,-6.534e-06
106.05,-4.9758e-06
106.1,-3.2551e-06
106.15,-1.4312e-06
106.2,4.3993e-07
106.25,2.2978e-06
106.3,4.0768e-06
106.35,5.7204e-06
106.4,7.1783e-06
106.45,8.3997e-06
106.5,9.3426e-06
106.55,9.9803e-06
106.6,1.0293e-05
106.65,1.0265e-05
106.7,9.9007e-06
106.75,9.2149e-06
106.8,8.2271e-06
106.85,6.9683e-06
106.9,5.4839e-06
106.95,3.8221e-06
107,2.0338e-06
107.05,1.797e-07
107.1,-1.6768e-06
107.15,-3.4783e-06
107.2,-5.1672e-06
107.25,-6.6844e-06
107.3,-7.9814e-06
107.35,-9.0191e-06
107.4,-9.7616e-06
107.45,-1.0182e-05
107.5,-1.0272e-05
107.55,-1.0027e-05
107.6,-9.4533e-06
107.65,-8.5703e-06
107.7,-7.4106e-06
107.75,-6.0094e-06
107.8,-4.4104e-06
107.85,-2.67e-06
107.9,-8.4494e-07
107.95,1.0089e-06
108,2.8295e-06
108.05,4.5542e-06
108.1,6.1302e-06
108.15,7.508e-06
108.2,8.6388e-06
108.25,9.4861e-06
108.3,1.0026e-05
108.35,1.024e-05
108.4,1.0118e-05
108.45,9.667e-06
108.5,8.9038e-06
108.55,7.8496e-06
108.6,6.5393e-06
108.65,5.0193e-06
108.7,3.3369e-06
108.75,1.5447e-06
108.8,-2.9597e-07
108.85,-2.1242e-06
108.9,-3.884e-06
108.95,-5.5178e-06
109,-6.9692e-06
109.05,-8.1935e-06
109.1,-9.1532e-06
109.15,-9.814e-06
109.2,-1.0154e-05
109.25,-1.0166e-05
109.3,-9.8491e-06
109.35,-9.2101e-06
109.4,-8.2729e-06
109.45,-7.0699e-06
109.5,-5.637e-06
109.55,-4.0203e-06
109.6,-2.2762e-06
109.65,-4.5979e-07
109.7,1.3729e-06
109.75,3.1597e-06
109.8,4.8409e-06
109.85,6.3658e-06
109.9,7.6854e-06
109.95,8.7532e-06
110,9.5363e-06
110.05,1.0012e-05
110.1,1.0164e-05
110.15,9.9841e-06
110.2,9.4826e-06
110.25,8.6758e-06
110.3,7.5868e-06
110.35,6.2524e-06
110.4,4.7187e-06
110.45,3.0327e-06
110.5,1.2475e-06
110.55,-5.7555e-07
110.6,-2.3779e-06
110.65,-4.1043e-06
110.7,-5.6976e-06
110.75,-7.1038e-06
110.8,-8.2806e-06
110.85,-9.191e-06
110.9,-9.8026e-06
110.95,-1.0096e-05
111,-1.0066e-05
111.05,-9.7107e-06
111.1,-9.0401e-06
111.15,-8.0789e-06
111.2,-6.8594e-06
111.25,-5.4177e-06
111.3,-3.8008e-06
111.35,-2.0643e-06
111.4,-2.6226e-07
111.45,1.5494e-06
111.5,3.3094e-06
111.55,4.96e-06
111.6,6.4515e-06
111.65,7.7357e-06
111.7,8.7677e-06
111.75,9.5167e-06
111.8,9.9609e-06
111.85,1.0083e-05
111.9,9.8795e-06
111.95,9.3592e-06
112,8.5388e-06
112.05,7.4422e-06
112.1,6.1066e-06
112.15,4.5771e-06
112.2,2.9005e-06
112.25,1.1298e-06
112.3,-6.7468e-07
112.35,-2.4557e-06
112.4,-4.1587e-06
112.45,-5.7272e-06
112.5,-7.1091e-06
112.55,-8.2625e-06
112.6,-9.1515e-06
112.65,-9.7444e-06
112.7,-1.0023e-05
112.75,-9.982e-06
112.8,-9.6204e-06
112.85,-8.9479e-06
112.9,-7.9894e-06
112.95,-6.7767e-06
113,-5.3456e-06
113.05,-3.7426e-06
113.1,-2.0225e-06
113.15,-2.3839e-07
113.2,1.5544e-06
113.25,3.2956e-06
113.3,4.9286e-06
113.35,6.4044e-06
113.4,7.6752e-06
113.45,8.6973e-06
113.5,9.4402e-06
113.55,9.882e-06
113.6,1.0007e-05
113.65,9.8089e-06
113.7,9.2985e-06
113.75,8.4916e-06
113.8,7.4115e-06
113.85,6.0945e-06
113.9,4.585e-06
113.95,2.9289e-06
114,1.1783e-06
114.05,-6.0765e-07
114.1,-2.3724e-06
114.15,-4.062e-06
114.2,-5.6211e-06
114.25,-6.9978e-06
114.3,-8.1509e-06
114.35,-9.0442e-06
114.4,-9.6467e-06
114.45,-9.9397e-06
114.5,-9.9167e-06
114.55,-9.5771e-06
114.6,-8.9297e-06
114.65,-7.9982e-06
114.7,-6.8133e-06
114.75,-5.4102e-06
114.8,-3.834e-06
114.85,-2.138e-06
114.9,-3.7477e-07
114.95,1.4013e-06
115,3.1312e-06
115.05,4.7587e-06
115.1,6.2349e-06
115.15,7.5126e-06
115.2,8.5484e-06
115.25,9.3107e-06
115.3,9.7775e-06
115.35,9.9322e-06
115.4,9.7685e-06
115.45,9.2948e-06
115.5,8.526e-06
115.55,7.4846e-06
115.6,6.2048e-06
115.65,4.7298e-06
115.7,3.1046e-06
115.75,1.3797e-06
115.8,-3.8713e-07
115.85,-2.1398e-06
115.9,-3.8247e-06
115.95,-5.3876e-06
116,-6.7767e-06
116.05,-7.9498e-06
116.1,-8.8708e-06
116.15,-9.5083e-06
116.2,-9.8418e-06
116.25,-9.8638e-06
116.3,-9.5727e-06
116.35,-8.9755e-06
116.4,-8.0935e-06
116.45,-6.9564e-06
116.5,-5.598e-06
116.55,-4.061e-06
116.6,-2.3972e-06
116.65,-6.5873e-07
116.7,1.1015e-06
116.75,2.8258e-06
116.8,4.4577e-06
116.85,5.9482e-06
116.9,7.2505e-06
116.95,8.3207e-06
117,9.1254e-06
117.05,9.6418e-06
117.1,9.8521e-06
117.15,9.7482e-06
117.2,9.3357e-06
117.25,8.6285e-06
117.3,7.6469e-06
117.35,6.4226e-06
117.4,4.9967e-06
117.45,3.4133e-06
117.5,1.7209e-06
117.55,-2.464e-08
117.6,-1.7672e-06
117.65,-3.4539e-06
117.7,-5.0313e-06
117.75,-6.4471e-06
117.8,-7.6578e-06
117.85,-8.6269e-06
117.9,-9.3219e-06
117.95,-9.72e-06
118,-9.8113e-06
118.05,-9.593e-06
118.1,-9.0697e-06
118.15,-8.2591e-06
118.2,-7.1893e-06
118.25,-5.8924e-06
118.3,-4.4081e-06
118.35,-2.7861e-06
118.4,-1.0778e-06
118.45,6.6495e-07
118.5,2.3865e-06
118.55,4.0301e-06
118.6,5.5456e-06
118.65,6.8867e-06
118.7,8.0089e-06
118.75,8.8761e-06
118.8,9.4637e-06
118.85,9.7527e-06
118.9,9.7322e-06
118.95,9.4042e-06
119,8.7808e-06
119.05,7.8799e-06
119.1,6.7295e-06
119.15,5.3684e-06
119.2,3.8391e-06
119.25,2.1882e-06
119.3,4.6873e-07
119.35,-1.2632e-06
119.4,-2.9548e-06
119.45,-4.5535e-06
119.5,-6.007e-06
119.55,-7.2696e-06
119.6,-8.3036e-06
119.65,-9.0756e-06
119.7,-9.5595e-06
119.75,-9.7423e-06
119.8,-9.6193e-06
119.85,-9.1924e-06
119.9,-8.4748e-06
119.95,-7.492e-06
120,-6.2741e-06
120.05,-4.8578e-06
120.1,-3.2891e-06
120.15,-1.6191e-06
120.2,1.017e-07
120.25,1.8197e-06
120.3,3.4783e-06
120.35,5.026e-06
120.4,6.4162e-06
120.45,7.6041e-06
120.5,8.5506e-06
120.55,9.228e-06
120.6,9.6161e-06
120.65,9.7007e-06
120.7,9.4792e-06
120.75,8.961e-06
120.8,8.1616e-06
120.85,7.1046e-06
120.9,5.8251e-06
120.95,4.3643e-06
121,2.7663e-06
121.05,1.0812e-06
121.1,-6.3582e-07
121.15,-2.3317e-06
121.2,-3.9546e-06
121.25,-5.4526e-06
121.3,-6.7774e-06
121.35,-7.8893e-06
121.4,-8.7539e-06
121.45,-9.3423e-06
121.5,-9.6364e-06
121.55,-9.6293e-06
121.6,-9.3201e-06
121.65,-8.717e-06
121.7,-7.8412e-06
121.75,-6.721e-06
121.8,-5.3896e-06
121.85,-3.8888e-06
121.9,-2.2682e-06
121.95,-5.774e-07
122,1.132e-06
122.05,2.8049e-06
122.1,4.3876e-06
122.15,5.8329e-06
122.2,7.0958e-06
122.25,8.1345e-06
122.3,8.9172e-06
122.35,9.4215e-06
122.4,9.6304e-06
122.45,9.5363e-06
122.5,9.144e-06
122.55,8.4664e-06
122.6,7.5232e-06
122.65,6.3443e-06
122.7,4.9685e-06
122.75,3.4378e-06
122.8,1.7992e-06
122.85,1.0529e-07
122.9,-1.59e-06
122.95,-3.2354e-06
123,-4.7796e-06
123.05,-6.1725e-06
123.1,-7.3714e-06
123.15,-8.3403e-06
123.2,-9.0477e-06
123.25,-9.4706e-06
123.3,-9.598e-06
123.35,-9.4261e-06
123.4,-8.9586e-06
123.45,-8.2106e-06
123.5,-7.2077e-06
123.55,-5.9801e-06
123.6,-4.5649e-06
123.65,-3.0082e-06
123.7,-1.3593e-06
123.75,3.3212e-07
123.8,2.0132e-06
123.85,3.6292e-06
123.9,5.131e-06
123.95,6.4732e-06
124,7.6125e-06
124.05,8.5123e-06
124.1,9.1467e-06
124.15,9.4962e-06
124.2,9.5483e-06
124.25,9.3018e-06
124.3,8.7664e-06
124.35,7.9577e-06
124.4,6.9e-06
124.45,5.6282e-06
124.5,4.1822e-06
124.55,2.6058e-06
124.6,9.4814e-07
124.65,-7.3712e-07
124.7,-2.3985e-06
124.75,-3.9853e-06
124.8,-5.447e-06
124.85,-6.7373e-06
124.9,-7.8177e-06
124.95,-8.6547e-06
125,-9.2206e-06
125.05,-9.4987e-06
125.1,-9.482e-06
125.15,-9.1698e-06
125.2,-8.571e-06
125.25,-7.706e-06
125.3,-6.6026e-06
125.35,-5.2932e-06
125.4,-3.8189e-06
125.45,-2.2277e-06
125.5,-5.6795e-07
125.55,1.1098e-06
125.6,2.752e-06
125.65,4.3066e-06
125.7,5.7273e-06
125.75,6.9701e-06
125.8,7.9944e-06
125.85,8.7692e-06
125.9,9.272e-06
125.95,9.4863e-06
126,9.4045e-06
126.05,9.0307e-06
126.1,8.3772e-06
126.15,7.4628e-06
126.2,6.3164e-06
126.25,4.9752e-06
126.3,3.4802e-06
126.35,1.8767e-06
126.4,2.1586e-07
126.45,-1.4499e-06
126.5,-3.0705e-06
126.55,-4.5956e-06
126.6,-5.9764e-06
126.65,-7.1708e-06
126.7,-8.1429e-06
126.75,-8.8617e-06
126.8,-9.304e-06
126.85,-9.4578e-06
126.9,-9.3189e-06
126.95,-8.8899e-06
127,-8.1846e-06
127.05,-7.2268e-06
127.1,-6.0454e-06
127.15,-4.6759e-06
127.2,-3.1622e-06
127.25,-1.5521e-06
127.3,1.0602e-07
127.35,1.7609e-06
127.4,3.3594e-06
127.45,4.8526e-06
127.5,6.1957e-06
127.55,7.3464e-06
127.6,8.2676e-06
127.65,8.9326e-06
127.7,9.3213e-06
127.75,9.4204e-06
127.8,9.2269e-06
127.85,8.7485e-06
127.9,7.9995e-06
127.95,7.0022e-06
128,5.7885e-06
128.05,4.3971e-06
128.1,2.8697e-06
128.15,1.2533e-06
128.2,-4.0025e-07
128.25,-2.0403e-06
128.3,-3.6173e-06
128.35,-5.0817e-06
128.4,-6.3872e-06
128.45,-7.4949e-06
128.5,-8.3709e-06
128.55,-8.9869e-06
128.6,-9.3238e-06
128.65,-9.3733e-06
128.7,-9.133e-06
128.75,-8.6092e-06
128.8,-7.8194e-06
128.85,-6.7893e-06
128.9,-5.5493e-06
128.95,-4.1374e-06
129,-2.599e-06
129.05,-9.8151e-07
129.1,6.6653e-07
129.15,2.2935e-06
129.2,3.8476e-06
129.25,5.2825e-06
129.3,6.5545e-06
129.35,7.6229e-06
129.4,8.4545e-06
129.45,9.0254e-06
129.5,9.3177e-06
129.55,9.3213e-06
129.6,9.0369e-06
129.65,8.4744e-06
129.7,7.6503e-06
129.75,6.5895e-06
129.8,5.3266e-06
129.85,3.9002e-06
129.9,2.3533e-06
129.95,7.3425e-07
130,-9.0576e-07
130.05,-2.5173e-06
130.1,-4.0511e-06
130.15,-5.4589e-06
130.2,-6.6971e-06
130.25,-7.7288e-06
130.3,-8.5221e-06
130.35,-9.0513e-06
130.4,-9.301e-06
130.45,-9.2649e-06
130.5,-8.9428e-06
130.55,-8.3442e-06
130.6,-7.4893e-06
130.65,-6.4046e-06
130.7,-5.1222e-06
130.75,-3.6821e-06
130.8,-2.1301e-06
130.85,-5.1319e-07
130.9,1.1197e-06
130.95,2.7171e-06
131,4.2291e-06
131.05,5.611e-06
131.1,6.82e-06
131.15,7.8177e-06
131.2,8.5738e-06
131.25,9.0665e-06
131.3,9.2799e-06
131.35,9.2065e-06
131.4,8.8503e-06
131.45,8.2223e-06
131.5,7.341e-06
131.55,6.2337e-06
131.6,4.936e-06
131.65,3.487e-06
131.7,1.9305e-06
131.75,3.1554e-07
131.8,-1.3076e-06
131.85,-2.8903e-06
131.9,-4.3839e-06
131.95,-5.7414e-06
132,-6.9215e-06
132.05,-7.889e-06
132.1,-8.6135e-06
132.15,-9.072e-06
132.2,-9.2518e-06
132.25,-9.1478e-06
132.3,-8.7622e-06
132.35,-8.1067e-06
132.4,-7.2033e-06
132.45,-6.0792e-06
132.5,-4.768e-06
132.55,-3.3108e-06
132.6,-1.7535e-06
132.65,-1.4257e-07
132.7,1.4727e-06
132.75,3.0414e-06
132.8,4.5154e-06
132.85,5.8511e-06
132.9,7.0068e-06
132.95,7.9458e-06
133,8.6407e-06
133.05,9.0708e-06
133.1,9.2219e-06
133.15,9.0893e-06
133.2,8.6784e-06
133.25,8.0017e-06
133.3,7.0791e-06
133.35,5.9395e-06
133.4,4.6191e-06
133.45,3.1572e-06
133.5,1.5985e-06
133.55,-8.0634e-09
133.6,-1.6132e-06
133.65,-3.1687e-06
133.7,-4.6266e-06
133.75,-5.9414e-06
133.8,-7.0735e-06
133.85,-7.9888e-06
133.9,-8.6587e-06
133.95,-9.0621e-06
134,-9.1882e-06
134.05,-9.0331e-06
134.1,-8.6006e-06
134.15,-7.9042e-06
134.2,-6.967e-06
134.25,-5.8166e-06
134.3,-4.4878e-06
134.35,-3.0223e-06
134.4,-1.4656e-06
134.45,1.3583e-07
134.5,1.733e-06
134.55,3.2755e-06
134.6,4.7169e-06
134.65,6.014e-06
134.7,7.1266e-06
134.75,8.0196e-06
134.8,8.6671e-06
134.85,9.0496e-06
134.9,9.1545e-06
134.95,8.9788e-06
135,8.529e-06
135.05,7.8185e-06
135.1,6.8685e-06
135.15,5.7089e-06
135.2,4.3758e-06
135.25,2.9091e-06
135.3,1.3534e-06
135.35,-2.4234e-07
135.4,-1.8297e-06
135.45,-3.361e-06
135.5,-4.789e-06
135.55,-6.0692e-06
135.6,-7.1637e-06
135.65,-8.0392e-06
135.7,-8.6681e-06
135.75,-9.0313e-06
135.8,-9.1191e-06
135.85,-8.9283e-06
135.9,-8.4641e-06
135.95,-7.7412e-06
136,-6.783e-06
136.05,-5.6178e-06
136.1,-4.2807e-06
136.15,-2.8139e-06
136.2,-1.2623e-06
136.25,3.2779e-07
136.3,1.9076e-06
136.35,3.4275e-06
136.4,4.8422e-06
136.45,6.1092e-06
136.5,7.1891e-06
136.55,8.0482e-06
136.6,8.6617e-06
136.65,9.0111e-06
136.7,9.0848e-06
136.75,8.8808e-06
136.8,8.4066e-06
136.85,7.676e-06
136.9,6.7109e-06
136.95,5.5418e-06
137,4.2046e-06
137.05,2.7393e-06
137.1,1.1906e-06
137.15,-3.9309e-07
137.2,-1.964e-06
137.25,-3.4748e-06
137.3,-4.8791e-06
137.35,-6.1333e-06
137.4,-7.2005e-06
137.45,-8.048e-06
137.5,-8.6494e-06
137.55,-8.9864e-06
137.6,-9.0501e-06
137.65,-8.8381e-06
137.7,-8.356e-06
137.75,-7.6196e-06
137.8,-6.652e-06
137.85,-5.4818e-06
137.9,-4.1445e-06
137.95,-2.682e-06
138,-1.1389e-06
138.05,4.3897e-07
138.1,2.003e-06
138.15,3.5045e-06
138.2,4.8988e-06
138.25,6.1441e-06
138.3,7.2015e-06
138.35,8.0385e-06
138.4,8.631e-06
138.45,8.9608e-06
138.5,9.0172e-06
138.55,8.7989e-06
138.6,8.3134e-06
138.65,7.575e-06
138.7,6.6059e-06
138.75,5.4365e-06
138.8,4.1026e-06
138.85,2.644e-06
138.9,1.1053e-06
138.95,-4.6585e-07
139,-2.0221e-06
139.05,-3.5166e-06
139.1,-4.9035e-06
139.15,-6.1402e-06
139.2,-7.19e-06
139.25,-8.0211e-06
139.3,-8.6074e-06
139.35,-8.9315e-06
139.4,-8.9846e-06
139.45,-8.7646e-06
139.5,-8.2776e-06
139.55,-7.5392e-06
139.6,-6.5726e-06
139.65,-5.4065e-06
139.7,-4.0759e-06
139.75,-2.6226e-06
139.8,-1.0904e-06
139.85,4.7474e-07
139.9,2.025e-06
139.95,3.5123e-06
140,4.8925e-06
140.05,6.1242e-06
140.1,7.1691e-06
140.15,7.9952e-06
140.2,8.5787e-06
140.25,8.9018e-06
140.3,8.9539e-06
140.35,8.734e-06
140.4,8.2496e-06
140.45,7.5147e-06
140.5,6.5516e-06
140.55,5.3904e-06
140.6,4.0664e-06
140.65,2.6191e-06
140.7,1.0926e-06
140.75,-4.6577e-07
140.8,-2.0093e-06
140.85,-3.4917e-06
140.9,-4.8676e-06
140.95,-6.0946e-06
141,-7.1367e-06
141.05,-7.9621e-06
141.1,-8.5453e-06
141.15,-8.8687e-06
141.2,-8.9237e-06
141.25,-8.7081e-06
141.3,-8.2279e-06
141.35,-7.4984e-06
141.4,-6.5426e-06
141.45,-5.3885e-06
141.5,-4.071e-06
141.55,-2.6311e-06
141.6,-1.1123e-06
141.65,4.4003e-07
141.7,1.9786e-06
141.75,3.4558e-06
141.8,4.8279e-06
141.85,6.0537e-06
141.9,7.0955e-06
141.95,7.9212e-06
142,8.507e-06
142.05,8.8352e-06
142.1,8.8952e-06
142.15,8.6856e-06
142.2,8.2135e-06
142.25,7.4928e-06
142.3,6.545e-06
142.35,5.3996e-06
142.4,4.0917e-06
142.45,2.6599e-06
142.5,1.148e-06
142.55,-3.9756e-07
142.6,-1.9304e-06
142.65,-3.4045e-06
142.7,-4.775e-06
142.75,-6e-06
142.8,-7.0432e-06
142.85,-7.8731e-06
142.9,-8.4641e-06
142.95,-8.7984e-06
143,-8.8669e-06
143.05,-8.6673e-06
143.1,-8.2049e-06
143.15,-7.4945e-06
143.2,-6.5583e-06
143.25,-5.4239e-06
143.3,-4.1254e-06
143.35,-2.7031e-06
143.4,-1.1999e-06
143.45,3.3938e-07
143.5,1.868e-06
143.55,3.3389e-06
143.6,4.7083e-06
143.65,5.9354e-06
143.7,6.9825e-06
143.75,7.8174e-06
143.8,8.4162e-06
143.85,8.7606e-06
143.9,8.8399e-06
143.95,8.6517e-06
144,8.2026e-06
144.05,7.5058e-06
144.1,6.5821e-06
144.15,5.46e-06
144.2,4.174e-06
144.25,2.762e-06
144.3,1.2668e-06
144.35,-2.6556e-07
144.4,-1.7892e-06
144.45,-3.2585e-06
144.5,-4.6288e-06
144.55,-5.8584e-06
144.6,-6.9109e-06
144.65,-7.7545e-06
144.7,-8.3634e-06
144.75,-8.7192e-06
144.8,-8.8122e-06
144.85,-8.6393e-06
144.9,-8.2051e-06
144.95,-7.5234e-06
145,-6.6155e-06
145.05,-5.5081e-06
145.1,-4.2345e-06
145.15,-2.8339e-06
145.2,-1.3487e-06
145.25,1.7695e-07
145.3,1.6969e-06
145.35,3.1645e-06
145.4,4.536e-06
145.45,5.7707e-06
145.5,6.8309e-06
145.55,7.6839e-06
145.6,8.3053e-06
145.65,8.6762e-06
145.7,8.7851e-06
145.75,8.6288e-06
145.8,8.2128e-06
145.85,7.5493e-06
145.9,6.6581e-06
145.95,5.5667e-06
146,4.3084e-06
146.05,2.9204e-06
146.1,1.4446e-06
146.15,-7.3789e-08
146.2,-1.5891e-06
146.25,-3.0563e-06
146.3,-4.4309e-06
146.35,-5.671e-06
146.4,-6.7399e-06
146.45,-7.6057e-06
146.5,-8.2418e-06
146.55,-8.6289e-06
146.6,-8.7564e-06
146.65,-8.6203e-06
146.7,-8.2242e-06
146.75,-7.5803e-06
146.8,-6.709e-06
146.85,-5.6359e-06
146.9,-4.3931e-06
146.95,-3.0186e-06
147,-1.5543e-06
147.05,-4.3333e-08
147.1,1.4686e-06
147.15,2.9352e-06
147.2,4.3127e-06
147.25,5.5605e-06
147.3,6.6404e-06
147.35,7.5195e-06
147.4,8.1722e-06
147.45,8.5789e-06
147.5,8.7273e-06
147.55,8.6126e-06
147.6,8.2393e-06
147.65,7.6182e-06
147.7,6.7678e-06
147.75,5.7142e-06
147.8,4.4896e-06
147.85,3.1302e-06
147.9,1.6769e-06
147.95,1.7392e-07
148,-1.3334e-06
148.05,-2.8003e-06
148.1,-4.1825e-06
148.15,-5.4381e-06
148.2,-6.5298e-06
148.25,-7.425e-06
148.3,-8.0965e-06
148.35,-8.524e-06
148.4,-8.6954e-06
148.45,-8.6056e-06
148.5,-8.2569e-06
148.55,-7.6597e-06
148.6,-6.8332e-06
148.65,-5.8016e-06
148.7,-4.5958e-06
148.75,-3.2522e-06
148.8,-1.812e-06
148.85,-3.1765e-07
148.9,1.186e-06
148.95,2.6531e-06
149,4.0396e-06
149.05,5.3047e-06
149.1,6.4102e-06
149.15,7.3222e-06
149.2,8.014e-06
149.25,8.4651e-06
149.3,8.6619e-06
149.35,8.5981e-06
149.4,8.2764e-06
149.45,7.7065e-06
149.5,6.9052e-06
149.55,5.8967e-06
149.6,4.712e-06
149.65,3.3863e-06
149.7,1.9591e-06
149.75,4.7378e-07
149.8,-1.0248e-06
149.85,-2.4923e-06
149.9,-3.8846e-06
149.95,-5.1596e-06
150,-6.2791e-06
150.05,-7.2102e-06
150.1,-7.9245e-06
150.15,-8.4004e-06
150.2,-8.6242e-06
150.25,-8.5896e-06
150.3,-8.2971e-06
150.35,-7.7555e-06
150.4,-6.9818e-06
150.45,-5.9991e-06
150.5,-4.8367e-06
150.55,-3.5295e-06
150.6,-2.1173e-06
150.65,-6.4215e-07
150.7,8.5201e-07
150.75,2.32e-06
150.8,3.7173e-06
150.85,5.0031e-06
150.9,6.1386e-06
150.95,7.0894e-06
151,7.8271e-06
151.05,8.3303e-06
151.1,8.5837e-06
151.15,8.5794e-06
151.2,8.3181e-06
151.25,7.8078e-06
151.3,7.0636e-06
151.35,6.1077e-06
151.4,4.9697e-06
151.45,3.6832e-06
151.5,2.2866e-06
151.55,8.2189e-07
151.6,-6.6642e-07
151.65,-2.1343e-06
151.7,-3.5379e-06
151.75,-4.8349e-06
151.8,-5.9864e-06
151.85,-6.9585e-06
151.9,-7.7218e-06
151.95,-8.2534e-06
152,-8.5375e-06
152.05,-8.5663e-06
152.1,-8.3385e-06
152.15,-7.8608e-06
152.2,-7.148e-06
152.25,-6.2219e-06
152.3,-5.1096e-06
152.35,-3.8446e-06
152.4,-2.4653e-06
152.45,-1.0128e-06
152.5,4.6968e-07
152.55,1.9376e-06
152.6,3.3466e-06
152.65,4.655e-06
152.7,5.8241e-06
152.75,6.8183e-06
152.8,7.6077e-06
152.85,8.1696e-06
152.9,8.4869e-06
152.95,8.5501e-06
153,8.3574e-06
153.05,7.915e-06
153.1,7.2359e-06
153.15,6.3406e-06
153.2,5.256e-06
153.25,4.015e-06
153.3,2.654e-06
153.35,1.2141e-06
153.4,-2.6124e-07
153.45,-1.7282e-06
153.5,-3.1431e-06
153.55,-4.4635e-06
153.6,-5.6498e-06
153.65,-6.6669e-06
153.7,-7.4845e-06
153.75,-8.0778e-06
153.8,-8.4293e-06
153.85,-8.5291e-06
153.9,-8.3739e-06
153.95,-7.9683e-06
154,-7.3246e-06
154.05,-6.4627e-06
154.1,-5.4079e-06
154.15,-4.1916e-06
154.2,-2.8507e-06
154.25,-1.4254e-06
154.3,4.2243e-08
154.35,1.5082e-06
154.4,2.9282e-06
154.45,4.2601e-06
154.5,5.4647e-06
154.55,6.5057e-06
154.6,7.3516e-06
154.65,7.9777e-06
154.7,8.3656e-06
154.75,8.5035e-06
154.8,8.3871e-06
154.85,8.0207e-06
154.9,7.4148e-06
154.95,6.5877e-06
155,5.5642e-06
155.05,4.3753e-06
155.1,3.0561e-06
155.15,1.6459e-06
155.2,1.8731e-07
155.25,-1.2761e-06
155.3,-2.7011e-06
155.35,-4.045e-06
155.4,-5.2676e-06
155.45,-6.3325e-06
155.5,-7.2083e-06
155.55,-7.8685e-06
155.6,-8.2935e-06
155.65,-8.4711e-06
155.7,-8.3961e-06
155.75,-8.0704e-06
155.8,-7.5038e-06
155.85,-6.714e-06
155.9,-5.7242e-06
155.95,-4.5639e-06
156,-3.2677e-06
156.05,-1.875e-06
156.1,-4.2664e-07
156.15,1.034e-06
156.2,2.4632e-06
156.25,3.8181e-06
156.3,5.059e-06
156.35,6.1488e-06
156.4,7.0545e-06
156.45,7.7495e-06
156.5,8.2135e-06
156.55,8.4325e-06
156.6,8.3999e-06
156.65,8.1169e-06
156.7,7.5923e-06
156.75,6.8414e-06
156.8,5.8868e-06
156.85,4.7574e-06
156.9,3.4866e-06
156.95,2.1122e-06
157,6.7532e-07
157.05,-7.8082e-07
157.1,-2.2133e-06
157.15,-3.5794e-06
157.2,-4.8383e-06
157.25,-5.9524e-06
157.3,-6.8891e-06
157.35,-7.6202e-06
157.4,-8.1238e-06
157.45,-8.3853e-06
157.5,-8.3973e-06
157.55,-8.159e-06
157.6,-7.6775e-06
157.65,-6.9677e-06
157.7,-6.0509e-06
157.75,-4.9541e-06
157.8,-3.7101e-06
157.85,-2.3562e-06
157.9,-9.3274e-07
157.95,5.1817e-07
158,1.9532e-06
158.05,3.3291e-06
158.1,4.6056e-06
158.15,5.7448e-06
158.2,6.7126e-06
158.25,7.4799e-06
158.3,8.0245e-06
158.35,8.3302e-06
158.4,8.3878e-06
158.45,8.1956e-06
158.5,7.7599e-06
158.55,7.0933e-06
158.6,6.2157e-06
158.65,5.1537e-06
158.7,3.9389e-06
158.75,2.6072e-06
158.8,1.1983e-06
158.85,-2.4554e-07
158.9,-1.6815e-06
158.95,-3.067e-06
159,-4.3608e-06
159.05,-5.5243e-06
159.1,-6.5233e-06
159.15,-7.3279e-06
159.2,-7.9142e-06
159.25,-8.2647e-06
159.3,-8.3697e-06
159.35,-8.2258e-06
159.4,-7.8371e-06
159.45,-7.2154e-06
159.5,-6.3798e-06
159.55,-5.3547e-06
159.6,-4.1707e-06
159.65,-2.8631e-06
159.7,-1.4711e-06
159.75,-3.5749e-08
159.8,1.4003e-06
159.85,2.794e-06
159.9,4.104e-06
159.95,5.2919e-06
160,6.3222e-06
160.05,7.1639e-06
160.1,7.7925e-06
160.15,8.1895e-06
160.2,8.3431e-06
160.25,8.2485e-06
160.3,7.909e-06
160.35,7.3347e-06
160.4,6.5426e-06
160.45,5.5564e-06
160.5,4.4057e-06
160.55,3.1245e-06
160.6,1.7508e-06
160.65,3.2569e-07
160.7,-1.1084e-06
160.75,-2.5092e-06
160.8,-3.835e-06
160.85,-5.0464e-06
160.9,-6.1075e-06
160.95,-6.987e-06
161,-7.6586e-06
161.05,-8.1024e-06
161.1,-8.3057e-06
161.15,-8.2625e-06
161.2,-7.9738e-06
161.25,-7.4483e-06
161.3,-6.7021e-06
161.35,-5.7573e-06
161.4,-4.6419e-06
161.45,-3.389e-06
161.5,-2.0361e-06
161.55,-6.2325e-07
161.6,8.0771e-07
161.65,2.2142e-06
161.7,3.5541e-06
161.75,4.7884e-06
161.8,5.8803e-06
161.85,6.7972e-06
161.9,7.512e-06
161.95,8.0038e-06
162,8.258e-06
162.05,8.267e-06
162.1,8.0309e-06
162.15,7.5566e-06
162.2,6.8583e-06
162.25,5.9567e-06
162.3,4.879e-06
162.35,3.6569e-06
162.4,2.3268e-06
162.45,9.2801e-07
162.5,-4.9757e-07
162.55,-1.908e-06
162.6,-3.2613e-06
162.65,-4.5174e-06
162.7,-5.6391e-06
162.75,-6.5934e-06
162.8,-7.3517e-06
162.85,-7.8918e-06
162.9,-8.1977e-06
162.95,-8.2607e-06
163,-8.0787e-06
163.05,-7.6571e-06
163.1,-7.0088e-06
163.15,-6.1531e-06
163.2,-5.1153e-06
163.25,-3.9261e-06
163.3,-2.6211e-06
163.35,-1.2389e-06
163.4,1.7954e-07
163.45,1.5923e-06
163.5,2.9571e-06
163.55,4.2338e-06
163.6,5.3849e-06
163.65,6.376e-06
163.7,7.1777e-06
163.75,7.7666e-06
163.8,8.1252e-06
163.85,8.243e-06
163.9,8.1165e-06
163.95,7.7498e-06
164,7.1535e-06
164.05,6.3456e-06
164.1,5.35e-06
164.15,4.1965e-06
164.2,2.919e-06
164.25,1.5555e-06
164.3,1.4647e-07
164.35,-1.2663e-06
164.4,-2.6412e-06
164.45,-3.9374e-06
164.5,-5.1165e-06
164.55,-6.1438e-06
164.6,-6.9889e-06
164.65,-7.6267e-06
164.7,-8.0384e-06
164.75,-8.2122e-06
164.8,-8.1429e-06
164.85,-7.8325e-06
164.9,-7.2902e-06
164.95,-6.5325e-06
165,-5.5817e-06
165.05,-4.4661e-06
165.1,-3.2186e-06
165.15,-1.8764e-06
165.2,-4.7911e-07
165.25,9.3192e-07
165.3,2.3149e-06
165.35,3.6286e-06
165.4,4.8348e-06
165.45,5.8976e-06
165.5,6.7854e-06
165.55,7.4721e-06
165.6,7.9377e-06
165.65,8.1683e-06
165.7,8.1572e-06
165.75,7.9048e-06
165.8,7.4186e-06
165.85,6.7133e-06
165.9,5.8095e-06
165.95,4.7345e-06
166,3.5197e-06
166.05,2.2012e-06
166.1,8.1808e-07
166.15,-5.8862e-07
166.2,-1.9775e-06
166.25,-3.3074e-06
166.3,-4.539e-06
166.35,-5.636e-06
166.4,-6.5662e-06
166.45,-7.3018e-06
166.5,-7.8213e-06
166.55,-8.1093e-06
166.6,-8.1577e-06
166.65,-7.9649e-06
166.7,-7.5366e-06
166.75,-6.8857e-06
166.8,-6.0317e-06
166.85,-4.9997e-06
166.9,-3.8202e-06
166.95,-2.5282e-06
167,-1.162e-06
167.05,2.3807e-07
167.1,1.6307e-06
167.15,2.9745e-06
167.2,4.23e-06
167.25,5.3602e-06
167.3,6.3317e-06
167.35,7.1156e-06
167.4,7.6892e-06
167.45,8.0354e-06
167.5,8.1442e-06
167.55,8.0123e-06
167.6,7.6438e-06
167.65,7.0496e-06
167.7,6.2475e-06
167.75,5.2611e-06
167.8,4.1198e-06
167.85,2.8571e-06
167.9,1.5105e-06
167.95,1.197e-07
168,-1.2741e-06
168.05,-2.6297e-06
168.1,-3.9072e-06
168.15,-5.069e-06
168.2,-6.0808e-06
168.25,-6.9126e-06
168.3,-7.5401e-06
168.35,-7.9447e-06
168.4,-8.1148e-06
168.45,-8.0452e-06
168.5,-7.7382e-06
168.55,-7.2027e-06
168.6,-6.4549e-06
168.65,-5.5169e-06
168.7,-4.4164e-06
168.75,-3.1858e-06
168.8,-1.8618e-06
168.85,-4.8312e-07
168.9,9.0926e-07
168.95,2.2744e-06
169,3.5717e-06
169.05,4.7634e-06
169.1,5.8142e-06
169.15,6.6931e-06
169.2,7.3741e-06
169.25,7.8374e-06
169.3,8.0693e-06
169.35,8.0632e-06
169.4,7.8192e-06
169.45,7.3445e-06
169.5,6.6534e-06
169.55,5.7663e-06
169.6,4.7095e-06
169.65,3.5141e-06
169.7,2.2155e-06
169.75,8.519e-07
169.8,-5.3624e-07
169.85,-1.9082e-06
169.9,-3.2232e-06
169.95,-4.4428e-06
170,-5.5311e-06
170.05,-6.456e-06
170.1,-7.19e-06
170.15,-7.7119e-06
170.2,-8.0062e-06
170.25,-8.0645e-06
170.3,-7.885e-06
170.35,-7.473e-06
170.4,-6.8408e-06
170.45,-6.0073e-06
170.5,-4.997e-06
170.55,-3.8397e-06
170.6,-2.5697e-06
170.65,-1.2243e-06
170.7,1.567e-07
170.75,1.5326e-06
170.8,2.8628e-06
170.85,4.1083e-06
170.9,5.2323e-06
170.95,6.2018e-06
171,6.9882e-06
171.05,7.5684e-06
171.1,7.9253e-06
171.15,8.0488e-06
171.2,7.9351e-06
171.25,7.5876e-06
171.3,7.0166e-06
171.35,6.2392e-06
171.4,5.2783e-06
171.45,4.1622e-06
171.5,2.9239e-06
171.55,1.5999e-06
171.6,2.2915e-07
171.65,-1.1478e-06
171.7,-2.4905e-06
171.75,-3.7593e-06
171.8,-4.9171e-06
171.85,-5.9297e-06
171.9,-6.7674e-06
171.95,-7.4054e-06
172,-7.8252e-06
172.05,-8.0144e-06
172.1,-7.9677e-06
172.15,-7.6863e-06
172.2,-7.1786e-06
172.25,-6.4599e-06
172.3,-5.5511e-06
172.35,-4.4794e-06
172.4,-3.276e-06
172.45,-1.9767e-06
172.5,-6.195e-07
172.55,7.5535e-07
172.6,2.1076e-06
172.65,3.3972e-06
172.7,4.5865e-06
172.75,5.6405e-06
172.8,6.5282e-06
172.85,7.2233e-06
172.9,7.7057e-06
172.95,7.9611e-06
173,7.9824e-06
173.05,7.7686e-06
173.1,7.3263e-06
173.15,6.6686e-06
173.2,5.8149e-06
173.25,4.7905e-06
173.3,3.6254e-06
173.35,2.3541e-06
173.4,1.014e-06
173.45,-3.5555e-07
173.5,-1.7142e-06
173.55,-3.0218e-06
173.6,-4.2402e-06
173.65,-5.3335e-06
173.7,-6.2697e-06
173.75,-7.0209e-06
173.8,-7.5655e-06
173.85,-7.8874e-06
173.9,-7.9774e-06
173.95,-7.8326e-06
174,-7.4575e-06
174.05,-6.8632e-06
174.1,-6.0674e-06
174.15,-5.0934e-06
174.2,-3.97e-06
174.25,-2.7302e-06
174.3,-1.4105e-06
174.35,-4.9795e-08
174.4,1.3119e-06
174.45,2.6346e-06
174.5,3.8793e-06
174.55,5.0096e-06
174.6,5.9925e-06
174.65,6.7988e-06
174.7,7.4049e-06
174.75,7.7932e-06
174.8,7.9524e-06
174.85,7.8778e-06
174.9,7.5717e-06
174.95,7.043e-06
175,6.3077e-06
175.05,5.3873e-06
175.1,4.3088e-06
175.15,3.104e-06
175.2,1.8085e-06
175.25,4.6026e-07
175.3,-9.0109e-07
175.35,-2.2355e-06
175.4,-3.5036e-06
175.45,-4.6686e-06
175.5,-5.696e-06
175.55,-6.5558e-06
175.6,-7.2226e-06
175.65,-7.6771e-06
175.7,-7.9059e-06
175.75,-7.9024e-06
175.8,-7.6668e-06
175.85,-7.206e-06
175.9,-6.5338e-06
175.95,-5.6698e-06
176,-4.6397e-06
176.05,-3.4736e-06
176.1,-2.2059e-06
176.15,-8.7373e-07
176.2,4.835e-07
176.25,1.8262e-06
176.3,3.1147e-06
176.35,4.3115e-06
176.4,5.3812e-06
176.45,6.2927e-06
176.5,7.0191e-06
176.55,7.5391e-06
176.6,7.8376e-06
176.65,7.9061e-06
176.7,7.7424e-06
176.75,7.3514e-06
176.8,6.7446e-06
176.85,5.9403e-06
176.9,4.9618e-06
176.95,3.8379e-06
177,2.6018e-06
177.05,1.2898e-06
177.1,-5.9764e-08
177.15,-1.4071e-06
177.2,-2.7126e-06
177.25,-3.938e-06
177.3,-5.0476e-06
177.35,-6.0088e-06
177.4,-6.7932e-06
177.45,-7.3781e-06
177.5,-7.7463e-06
177.55,-7.8871e-06
177.6,-7.7964e-06
177.65,-7.477e-06
177.7,-6.9383e-06
177.75,-6.1962e-06
177.8,-5.2726e-06
177.85,-4.1947e-06
177.9,-2.994e-06
177.95,-1.7059e-06
178,-3.681e-07
178.05,9.7992e-07
178.1,2.2989e-06
178.15,3.5499e-06
178.2,4.6964e-06
178.25,5.7049e-06
178.3,6.5458e-06
178.35,7.1944e-06
178.4,7.6317e-06
178.45,7.8452e-06
178.5,7.8286e-06
178.55,7.5824e-06
178.6,7.1138e-06
178.65,6.4369e-06
178.7,5.5715e-06
178.75,4.543e-06
178.8,3.3815e-06
178.85,2.1215e-06
178.9,7.9955e-07
178.95,-5.4544e-07
179,-1.874e-06
179.05,-3.147e-06
179.1,-4.3274e-06
179.15,-5.3808e-06
179.2,-6.2761e-06
179.25,-6.9869e-06
179.3,-7.4929e-06
179.35,-7.779e-06
179.4,-7.8371e-06
179.45,-7.6654e-06
179.5,-7.2693e-06
179.55,-6.66e-06
179.6,-5.8558e-06
179.65,-4.8803e-06
179.7,-3.7622e-06
179.75,-2.5341e-06
179.8,-1.232e-06
179.85,1.0555e-07
179.9,1.4396e-06
179.95,2.7311e-06
180,3.9422e-06
180.05,5.0374e-06
180.1,5.9847e-06
180.15,6.7565e-06
180.2,7.3299e-06
180.25,7.6884e-06
180.3,7.8217e-06
180.35,7.7259e-06
180.4,7.4037e-06
180.45,6.8646e-06
180.5,6.1248e-06
180.55,5.2059e-06
180.6,4.1347e-06
180.65,2.9427e-06
180.7,1.6651e-06
180.75,3.3895e-07
180.8,-9.9671e-07
180.85,-2.3026e-06
180.9,-3.5406e-06
180.95,-4.6747e-06
181,-5.6716e-06
181.05,-6.502e-06
181.1,-7.1417e-06
181.15,-7.5722e-06
181.2,-7.7809e-06
181.25,-7.7616e-06
181.3,-7.5151e-06
181.35,-7.0487e-06
181.4,-6.376e-06
181.45,-5.5168e-06
181.5,-4.4966e-06
181.55,-3.3451e-06
181.6,-2.0958e-06
181.65,-7.8559e-07
181.7,5.4699e-07
181.75,1.8633e-06
181.8,3.1246e-06
181.85,4.2941e-06
181.9,5.3374e-06
181.95,6.2245e-06
182,6.929e-06
182.05,7.4304e-06
182.1,7.7142e-06
182.15,7.7724e-06
182.2,7.6031e-06
182.25,7.2112e-06
182.3,6.6083e-06
182.35,5.8126e-06
182.4,4.847e-06
182.45,3.7397e-06
182.5,2.5234e-06
182.55,1.2338e-06
182.6,-9.1614e-08
182.65,-1.414e-06
182.7,-2.6943e-06
182.75,-3.8955e-06
182.8,-4.9825e-06
182.85,-5.9235e-06
182.9,-6.6907e-06
182.95,-7.262e-06
183,-7.6208e-06
183.05,-7.7566e-06
183.1,-7.6654e-06
183.15,-7.3501e-06
183.2,-6.8199e-06
183.25,-6.0904e-06
183.3,-5.1829e-06
183.35,-4.1244e-06
183.4,-2.9455e-06
183.45,-1.6806e-06
183.5,-3.6714e-07
183.55,9.5649e-07
183.6,2.2519e-06
183.65,3.4811e-06
183.7,4.608e-06
183.75,5.5999e-06
183.8,6.428e-06
183.85,7.0677e-06
183.9,7.5005e-06
183.95,7.7139e-06
184,7.702e-06
184.05,7.4648e-06
184.1,7.0093e-06
184.15,6.3492e-06
184.2,5.5038e-06
184.25,4.4977e-06
184.3,3.3603e-06
184.35,2.1253e-06
184.4,8.2852e-07
184.45,-4.9222e-07
184.5,-1.7981e-06
184.55,-3.0508e-06
184.6,-4.2141e-06
184.65,-5.2541e-06
184.7,-6.1401e-06
184.75,-6.8462e-06
184.8,-7.3522e-06
184.85,-7.6433e-06
184.9,-7.7109e-06
184.95,-7.553e-06
185,-7.1748e-06
185.05,-6.5868e-06
185.1,-5.8065e-06
185.15,-4.8569e-06
185.2,-3.7659e-06
185.25,-2.565e-06
185.3,-1.2894e-06
185.35,2.3196e-08
185.4,1.3347e-06
185.45,2.607e-06
185.5,3.8027e-06
185.55,4.8868e-06
185.6,5.828e-06
185.65,6.5988e-06
185.7,7.1765e-06
185.75,7.5443e-06
185.8,7.6918e-06
185.85,7.6148e-06
185.9,7.3152e-06
185.95,6.8018e-06
186,6.0904e-06
186.05,5.2013e-06
186.1,4.1604e-06
186.15,2.9983e-06
186.2,1.7493e-06
186.25,4.4942e-07
186.3,-8.6328e-07
186.35,-2.1502e-06
186.4,-3.3738e-06
186.45,-4.4987e-06
186.5,-5.4921e-06
186.55,-6.3247e-06
186.6,-6.9722e-06
186.65,-7.4163e-06
186.7,-7.6436e-06
186.75,-7.6476e-06
186.8,-7.4285e-06
186.85,-6.9927e-06
186.9,-6.3527e-06
186.95,-5.5274e-06
187,-4.5413e-06
187.05,-3.423e-06
187.1,-2.2049e-06
187.15,-9.227e-07
187.2,3.8569e-07
187.25,1.6825e-06
187.3,2.93e-06
187.35,4.0915e-06
187.4,5.1331e-06
187.45,6.0249e-06
187.5,6.7406e-06
187.55,7.2592e-06
187.6,7.5657e-06
187.65,7.6518e-06
187.7,7.5145e-06
187.75,7.1577e-06
187.8,6.5922e-06
187.85,5.8349e-06
187.9,4.9074e-06
187.95,3.8369e-06
188,2.6549e-06
188.05,1.396e-06
188.1,9.647e-08
188.15,-1.2055e-06
188.2,-2.4717e-06
188.25,-3.6652e-06
188.3,-4.7519e-06
188.35,-5.6996e-06
188.4,-6.4805e-06
188.45,-7.0722e-06
188.5,-7.4577e-06
188.55,-7.6255e-06
188.6,-7.5706e-06
188.65,-7.2952e-06
188.7,-6.8071e-06
188.75,-6.1205e-06
188.8,-5.2555e-06
188.85,-4.2379e-06
188.9,-3.0968e-06
188.95,-1.8657e-06
189,-5.8049e-07
189.05,7.2091e-07
189.1,2.0011e-06
189.15,3.2227e-06
189.2,4.3498e-06
189.25,5.3496e-06
189.3,6.1935e-06
189.35,6.8565e-06
189.4,7.3192e-06
189.45,7.5684e-06
189.5,7.5973e-06
189.55,7.4045e-06
189.6,6.9956e-06
189.65,6.3831e-06
189.7,5.585e-06
189.75,4.6241e-06
189.8,3.5286e-06
189.85,2.3308e-06
189.9,1.0655e-06
189.95,-2.3072e-07
190,-1.5198e-06
190.05,-2.7639e-06
190.1,-3.9272e-06
190.15,-4.9759e-06
190.2,-5.8793e-06
190.25,-6.6107e-06
190.3,-7.1496e-06
190.35,-7.48e-06
190.4,-7.5922e-06
190.45,-7.483e-06
190.5,-7.1562e-06
190.55,-6.6207e-06
190.6,-5.8924e-06
190.65,-4.9926e-06
190.7,-3.948e-06
190.75,-2.7885e-06
190.8,-1.5478e-06
190.85,-2.6262e-07
190.9,1.0296e-06
190.95,2.2917e-06
191,3.4868e-06
191.05,4.5796e-06
191.1,5.5388e-06
191.15,6.3367e-06
191.2,6.9496e-06
191.25,7.3597e-06
191.3,7.5554e-06
191.35,7.5313e-06
191.4,7.2876e-06
191.45,6.8315e-06
191.5,6.1769e-06
191.55,5.3426e-06
191.6,4.3529e-06
191.65,3.2365e-06
191.7,2.0266e-06
191.75,7.5788e-07
191.8,-5.3273e-07
191.85,-1.8073e-06
191.9,-3.0286e-06
191.95,-4.1615e-06
192,-5.1732e-06
192.05,-6.0338e-06
192.1,-6.7182e-06
192.15,-7.2071e-06
192.2,-7.4861e-06
192.25,-7.5468e-06
192.3,-7.3877e-06
192.35,-7.014e-06
192.4,-6.4359e-06
192.45,-5.6705e-06
192.5,-4.7404e-06
192.55,-3.6728e-06
192.6,-2.4984e-06
192.65,-1.2514e-06
192.7,3.135e-08
192.75,1.3127e-06
192.8,2.5558e-06
192.85,3.724e-06
192.9,4.7833e-06
192.95,5.7033e-06
193,6.4572e-06
193.05,7.0227e-06
193.1,7.3835e-06
193.15,7.5296e-06
193.2,7.4567e-06
193.25,7.1665e-06
193.3,6.6677e-06
193.35,5.9754e-06
193.4,5.1094e-06
193.45,4.0948e-06
193.5,2.9613e-06
193.55,1.7423e-06
193.6,4.728e-07
193.65,-8.103e-07
193.7,-2.0692e-06
193.75,-3.2673e-06
193.8,-4.3703e-06
193.85,-5.346e-06
193.9,-6.1657e-06
193.95,-6.8055e-06
194,-7.2476e-06
194.05,-7.4786e-06
194.1,-7.4918e-06
194.15,-7.2872e-06
194.2,-6.8708e-06
194.25,-6.2545e-06
194.3,-5.4563e-06
194.35,-4.4999e-06
194.4,-3.413e-06
194.45,-2.2269e-06
194.5,-9.7623e-07
194.55,3.0204e-07
194.6,1.5713e-06
194.65,2.7947e-06
194.7,3.9363e-06
194.75,4.9629e-06
194.8,5.8452e-06
194.85,6.5574e-06
194.9,7.0784e-06
194.95,7.3932e-06
195,7.4935e-06
195.05,7.3758e-06
195.1,7.0434e-06
195.15,6.5061e-06
195.2,5.7804e-06
195.25,4.8866e-06
195.3,3.8507e-06
195.35,2.7034e-06
195.4,1.4781e-06
195.45,2.0983e-07
195.5,-1.0643e-06
195.55,-2.3067e-06
195.6,-3.4816e-06
195.65,-4.5554e-06
195.7,-5.4965e-06
195.75,-6.2772e-06
195.8,-6.8752e-06
195.85,-7.2735e-06
195.9,-7.4602e-06
195.95,-7.4297e-06
196,-7.1835e-06
196.05,-6.7287e-06
196.1,-6.0782e-06
196.15,-5.2511e-06
196.2,-4.2721e-06
196.25,-3.1692e-06
196.3,-1.9741e-06
196.35,-7.2205e-07
196.4,5.502e-07
196.45,1.8063e-06
196.5,3.0098e-06
196.55,4.1253e-06
196.6,5.1204e-06
196.65,5.9668e-06
196.7,6.6396e-06
196.75,7.119e-06
196.8,7.3913e-06
196.85,7.4493e-06
196.9,7.2907e-06
196.95,6.92e-06
197,6.3484e-06
197.05,5.593e-06
197.1,4.6751e-06
197.15,3.6213e-06
197.2,2.463e-06
197.25,1.2336e-06
197.3,-3.1641e-08
197.35,-1.2956e-06
197.4,-2.5212e-06
197.45,-3.6732e-06
197.5,-4.7186e-06
197.55,-5.6266e-06
197.6,-6.3705e-06
197.65,-6.9293e-06
197.7,-7.287e-06
197.75,-7.4328e-06
197.8,-7.3624e-06
197.85,-7.0785e-06
197.9,-6.5892e-06
197.95,-5.9083e-06
198,-5.056e-06
198.05,-4.0577e-06
198.1,-2.9415e-06
198.15,-1.74e-06
198.2,-4.8839e-07
198.25,7.7662e-07
198.3,2.0191e-06
198.35,3.2026e-06
198.4,4.2926e-06
198.45,5.2576e-06
198.5,6.0701e-06
198.55,6.7059e-06
198.6,7.1466e-06
198.65,7.3798e-06
198.7,7.3991e-06
198.75,7.2033e-06
198.8,6.7981e-06
198.85,6.1959e-06
198.9,5.4144e-06
198.95,4.4756e-06
199,3.4069e-06
199.05,2.24e-06
199.1,1.0085e-06
199.15,-2.5227e-07
199.2,-1.5054e-06
199.25,-2.7139e-06
199.3,-3.8435e-06
199.35,-4.8617e-06
199.4,-5.7383e-06
199.45,-6.4476e-06
199.5,-6.9701e-06
199.55,-7.2902e-06
199.6,-7.3984e-06
199.65,-7.2917e-06
199.7,-6.9739e-06
199.75,-6.4536e-06
199.8,-5.7459e-06
199.85,-4.8717e-06
199.9,-3.8569e-06
199.95,-2.7302e-06
200,-1.5242e-06
200.05,-2.7469e-07
200.1,9.8218e-07
200.15,2.2106e-06
200.2,3.3746e-06
200.25,4.44e-06
200.3,5.3763e-06
200.35,6.1569e-06
200.4,6.7583e-06
200.45,7.1632e-06
200.5,7.3604e-06
200.55,7.3444e-06
200.6,7.115e-06
200.65,6.6789e-06
200.7,6.0497e-06
200.75,5.2453e-06
200.8,4.2886e-06
200.85,3.2076e-06
200.9,2.0345e-06
200.95,8.0247e-07
201,-4.528e-07
201.05,-1.6944e-06
201.1,-2.8861e-06
201.15,-3.9941e-06
201.2,-4.9862e-06
201.25,-5.8332e-06
201.3,-6.5104e-06
201.35,-6.9991e-06
201.4,-7.2847e-06
201.45,-7.3587e-06
201.5,-7.2192e-06
201.55,-6.8708e-06
201.6,-6.323e-06
201.65,-5.5918e-06
201.7,-4.6988e-06
201.75,-3.6702e-06
201.8,-2.5351e-06
201.85,-1.3266e-06
201.9,-8.0312e-08
201.95,1.1678e-06
202,2.3821e-06
202.05,3.5269e-06
202.1,4.5689e-06
202.15,5.4782e-06
202.2,6.2289e-06
202.25,6.7985e-06
202.3,7.1704e-06
202.35,7.3349e-06
202.4,7.2869e-06
202.45,7.0273e-06
202.5,6.5637e-06
202.55,5.9106e-06
202.6,5.0863e-06
202.65,4.1145e-06
202.7,3.0237e-06
202.75,1.846e-06
202.8,6.149e-07
202.85,-6.34e-07
202.9,-1.8639e-06
202.95,-3.039e-06
203,-4.1262e-06
203.05,-5.0937e-06
203.1,-5.913e-06
203.15,-6.5604e-06
203.2,-7.0181e-06
203.25,-7.2722e-06
203.3,-7.3151e-06
203.35,-7.1461e-06
203.4,-6.7705e-06
203.45,-6.1985e-06
203.5,-5.4467e-06
203.55,-4.5377e-06
203.6,-3.4977e-06
203.65,-2.3562e-06
203.7,-1.1466e-06
203.75,9.5422e-08
203.8,1.3343e-06
203.85,2.5346e-06
203.9,3.661e-06
203.95,4.6807e-06
204,5.5647e-06
204.05,6.2877e-06
204.1,6.8279e-06
204.15,7.1698e-06
204.2,7.3045e-06
204.25,7.2277e-06
204.3,6.9411e-06
204.35,6.4533e-06
204.4,5.7793e-06
204.45,4.938e-06
204.5,3.9535e-06
204.55,2.8548e-06
204.6,1.6743e-06
204.65,4.4524e-07
204.7,-7.9667e-07
204.75,-2.0148e-06
