0,-0.0071566
0.05,-0.0070185
0.1,-0.0067379
0.15,-0.0063212
0.2,-0.0057772
0.25,-0.0051172
0.3,-0.0043547
0.35,-0.0035054
0.4,-0.0025866
0.45,-0.0016169
0.5,-0.0006163
0.55,0.00039465
0.6,0.0013949
0.65,0.0023635
0.7,0.0032798
0.75,0.0041239
0.8,0.0048772
0.85,0.0055227
0.9,0.0060452
0.95,0.0064321
1,0.0066734
1.05,0.0067619
1.1,0.0066939
1.15,0.006469
1.2,0.0060903
1.25,0.0055647
1.3,0.0049028
1.35,0.0041186
1.4,0.0032296
1.45,0.0022564
1.5,0.0012225
1.55,0.00015348
1.6,-0.00092302
1.65,-0.0019783
1.7,-0.0029833
1.75,-0.0039091
1.8,-0.0047281
1.85,-0.0054144
1.9,-0.0059452
1.95,-0.0063013
2,-0.006468
2.05,-0.0064358
2.1,-0.0062011
2.15,-0.0057665
2.2,-0.0051415
2.25,-0.004342
2.3,-0.0033908
2.35,-0.002317
2.4,-0.001155
2.45,5.5512e-05
2.5,0.0012717
2.55,0.0024482
2.6,0.0035393
2.65,0.0045002
2.7,0.0052894
2.75,0.0058704
2.8,0.0062134
2.85,0.0062975
2.9,0.006112
2.95,0.0056574
3,0.0049467
3.05,0.0040051
3.1,0.0028701
3.15,0.0015902
3.2,0.00022356
3.25,-0.0011646
3.3,-0.0025047
3.35,-0.0037262
3.4,-0.0047612
3.45,-0.0055489
3.5,-0.006039
3.55,-0.0061956
3.6,-0.0060002
3.65,-0.0054542
3.7,-0.0045802
3.75,-0.0034217
3.8,-0.0020425
3.85,-0.0005234
3.9,0.0010418
3.95,0.0025515
4,0.0039032
4.05,0.005
4.1,0.0057584
4.15,0.0061152
4.2,0.0060334
4.25,0.0055068
4.3,0.0045627
4.35,0.003262
4.4,0.0016964
4.45,-1.688e-05
4.5,-0.0017431
4.55,-0.0033401
4.6,-0.0046704
4.65,-0.0056129
4.7,-0.0060751
4.75,-0.0060035
4.8,-0.0053903
4.85,-0.0042776
4.9,-0.0027565
4.95,-0.00096103
5,0.00094222
5.05,0.0027687
5.1,0.0043336
5.15,0.0054711
5.2,0.0060528
5.25,0.0060035
5.3,0.0053129
5.35,0.0040403
5.4,0.0023118
5.45,0.00031019
5.5,-0.0017431
5.55,-0.0036118
5.6,-0.005072
5.65,-0.00594
5.7,-0.0060969
5.75,-0.0055068
5.8,-0.0042262
5.85,-0.0024012
5.9,-0.00025371
5.95,0.001944
6,0.0039032
6.05,0.0053562
6.1,0.006095
6.15,0.0060025
6.2,0.0050736
6.25,0.0034217
6.3,0.0012678
6.35,-0.0010867
6.4,-0.0033004
6.45,-0.0050417
6.5,-0.006039
6.55,-0.0061257
6.6,-0.0052701
6.65,-0.003587
6.7,-0.0013256
6.75,0.0011646
6.8,0.0034863
6.85,0.0052577
6.9,0.0061762
6.95,0.006073
7,0.0049467
7.05,0.0029703
7.1,0.0004685
7.15,-0.0021336
7.2,-0.0043813
7.25,-0.0058704
7.3,-0.0063215
7.35,-0.0056355
7.4,-0.0039183
7.45,-0.0014685
7.5,0.0012717
7.55,0.0037944
7.6,0.0056203
7.65,0.006391
7.7,0.0059422
7.75,0.004342
7.8,0.0018846
7.85,-0.00096059
7.9,-0.0036364
7.95,-0.0056074
8,-0.006468
8.05,-0.0060284
8.1,-0.00436
8.15,-0.0017872
8.2,0.0011719
8.25,0.0039091
8.3,0.0058504
8.35,0.0065781
8.4,0.005923
8.45,0.0040067
8.5,0.0012225
8.55,-0.0018432
8.6,-0.0045328
8.65,-0.0062593
8.7,-0.0066359
8.75,-0.0055647
8.8,-0.0032648
8.85,-0.00022976
8.9,0.0028766
8.95,0.0053648
9,0.0066734
9.05,0.0064975
9.1,0.0048619
9.15,0.0021206
9.2,-0.0011177
9.25,-0.0041239
9.3,-0.0062131
9.35,-0.0069013
9.4,-0.0060192
9.45,-0.0037551
9.5,-0.0006163
9.55,0.0026838
9.6,0.0053876
9.65,0.006868
9.7,0.0067745
9.75,0.0051172
9.8,0.0022677
9.85,-0.0011232
9.9,-0.0042748
9.95,-0.0064563
10,-0.0071566
10.05,-0.0062047
10.1,-0.0038114
10.15,-0.0005224
10.2,0.0029064
10.25,0.005683
10.3,0.0071631
10.35,0.006999
10.4,0.005221
10.45,0.0022318
10.5,-0.0012866
10.55,-0.0045288
10.6,-0.0067512
10.65,-0.0074423
10.7,-0.0064397
10.75,-0.0039668
10.8,-0.00058093
10.85,0.0029534
10.9,0.0058386
10.95,0.007424
11,0.0073518
11.05,0.0056357
11.1,0.0026561
11.15,-0.00092671
11.2,-0.0043208
11.25,-0.0067784
11.3,-0.0077605
11.35,-0.0070527
11.4,-0.0048092
11.45,-0.0015165
11.5,0.0021159
11.55,0.0053093
11.6,0.007384
11.65,0.0079022
11.7,0.0067574
11.75,0.0041933
11.8,0.00074738
11.85,-0.0028647
11.9,-0.0058992
11.95,-0.0077378
12,-0.0080115
12.05,-0.0066711
12.1,-0.0039916
12.15,-0.00051176
12.2,0.0030777
12.25,0.0060732
12.3,0.0078953
12.35,0.0081992
12.4,0.0069357
12.45,0.0043544
12.5,0.00094955
12.55,-0.0026377
12.6,-0.0057425
12.65,-0.0077992
12.7,-0.0084422
12.75,-0.0075672
12.8,-0.0053431
12.85,-0.0021744
12.9,0.001376
12.95,0.0046895
13,0.0072004
13.05,0.0084907
13.1,0.0083564
13.15,0.0068352
13.2,0.0041924
13.25,0.00087047
13.3,-0.0025884
13.35,-0.0056328
13.4,-0.0077894
13.45,-0.0087347
13.5,-0.0083395
13.55,-0.006682
13.6,-0.0040281
13.65,-0.00078472
13.7,0.0025655
13.75,0.0055375
13.8,0.0077137
13.85,0.0088007
13.9,0.0086651
13.95,0.0073457
14,0.0050406
14.05,0.002074
14.1,-0.0011526
14.15,-0.0042166
14.2,-0.0067294
14.25,-0.0083849
14.3,-0.0089941
14.35,-0.0085029
14.4,-0.0069923
14.45,-0.0046623
14.5,-0.0018021
14.55,0.0012479
14.6,0.0041378
14.65,0.0065487
14.7,0.0082263
14.75,0.0090058
14.8,0.0088248
14.85,0.0077246
14.9,0.0058401
14.95,0.003381
15,0.00060615
15.05,-0.002205
15.1,-0.004781
15.15,-0.0068839
15.2,-0.0083306
15.25,-0.0090058
15.3,-0.0088695
15.35,-0.0079553
15.4,-0.0063638
15.45,-0.0042489
15.5,-0.0018021
15.55,0.00076657
15.6,0.0032465
15.65,0.0054442
15.7,0.0071972
15.75,0.0083849
15.8,0.0089354
15.85,0.0088274
15.9,0.0080886
15.95,0.0067906
16,0.0050406
16.05,0.0029716
16.1,0.00073152
16.15,-0.0015277
16.2,-0.0036608
16.25,-0.0055375
16.3,-0.0070506
16.35,-0.0081206
16.4,-0.0086985
16.45,-0.0087672
16.5,-0.0083395
16.55,-0.007456
16.6,-0.0061802
16.65,-0.0045937
16.7,-0.0027904
16.75,-0.00087047
16.8,0.0010653
16.85,0.0029208
16.9,0.0046088
16.95,0.006055
17,0.0072004
17.05,0.0080034
17.1,0.0084398
17.15,0.0085032
17.2,0.008204
17.25,0.0075672
17.3,0.0066308
17.35,0.005443
17.4,0.0040596
17.45,0.002541
17.5,0.00094955
17.55,-0.00065272
17.6,-0.0022069
17.65,-0.0036588
17.7,-0.0049608
17.75,-0.0060732
17.8,-0.0069645
17.85,-0.0076126
17.9,-0.0080044
17.95,-0.0081359
18,-0.0080115
18.05,-0.0076433
18.1,-0.0070504
18.15,-0.0062575
18.2,-0.0052941
18.25,-0.0041933
18.3,-0.0029905
18.35,-0.001722
18.4,-0.00042464
18.45,0.00086597
18.5,0.0021159
18.55,0.0032936
18.6,0.0043711
18.65,0.0053239
18.7,0.0061317
18.75,0.0067784
18.8,0.0072527
18.85,0.0075476
18.9,0.0076605
18.95,0.0075934
19,0.0073518
19.05,0.0069454
19.1,0.0063868
19.15,0.0056918
19.2,0.0048784
19.25,0.0039668
19.3,0.0029784
19.35,0.0019358
19.4,0.00086212
19.45,-0.0002196
19.5,-0.0012866
19.55,-0.002317
19.6,-0.0032901
19.65,-0.0041867
19.7,-0.0049894
19.75,-0.005683
19.8,-0.0062548
19.85,-0.0066942
19.9,-0.0069938
19.95,-0.0071486
20,-0.0071566
20.05,-0.0070185
20.1,-0.0067379
20.15,-0.0063212
20.2,-0.0057772
20.25,-0.0051172
20.3,-0.0043547
20.35,-0.0035054
20.4,-0.0025866
20.45,-0.0016169
20.5,-0.0006163
20.55,0.00039465
20.6,0.0013949
20.65,0.0023635
20.7,0.0032798
20.75,0.0041239
20.8,0.0048772
20.85,0.0055227
20.9,0.0060452
20.95,0.0064321
21,0.0066734
21.05,0.0067619
21.1,0.0066939
21.15,0.006469
21.2,0.0060903
21.25,0.0055647
21.3,0.0049028
21.35,0.0041186
21.4,0.0032296
21.45,0.0022564
21.5,0.0012225
21.55,0.00015348
21.6,-0.00092302
21.65,-0.0019783
21.7,-0.0029833
21.75,-0.0039091
21.8,-0.0047281
21.85,-0.0054144
21.9,-0.0059452
21.95,-0.0063013
22,-0.006468
22.05,-0.0064358
22.1,-0.0062011
22.15,-0.0057665
22.2,-0.0051415
22.25,-0.004342
22.3,-0.0033908
22.35,-0.002317
22.4,-0.001155
22.45,5.5512e-05
22.5,0.0012717
22.55,0.0024482
22.6,0.0035393
22.65,0.0045002
22.7,0.0052894
22.75,0.0058704
22.8,0.0062134
22.85,0.0062975
22.9,0.006112
22.95,0.0056574
23,0.0049467
23.05,0.0040051
23.1,0.0028701
23.15,0.0015902
23.2,0.00022356
23.25,-0.0011646
23.3,-0.0025047
23.35,-0.0037262
23.4,-0.0047612
23.45,-0.0055489
23.5,-0.006039
23.55,-0.0061956
23.6,-0.0060002
23.65,-0.0054542
23.7,-0.0045802
23.75,-0.0034217
23.8,-0.0020425
23.85,-0.0005234
23.9,0.0010418
23.95,0.0025515
24,0.0039032
24.05,0.005
24.1,0.0057584
24.15,0.0061152
24.2,0.0060334
24.25,0.0055068
24.3,0.0045627
24.35,0.003262
24.4,0.0016964
24.45,-1.688e-05
24.5,-0.0017431
24.55,-0.0033401
24.6,-0.0046704
24.65,-0.0056129
24.7,-0.0060751
24.75,-0.0060035
24.8,-0.0053903
24.85,-0.0042776
24.9,-0.0027565
24.95,-0.00096103
25,0.00094222
25.05,0.0027687
25.1,0.0043336
25.15,0.0054711
25.2,0.0060528
25.25,0.0060035
25.3,0.0053129
25.35,0.0040403
25.4,0.0023118
25.45,0.00031019
25.5,-0.0017431
25.55,-0.0036118
25.6,-0.005072
25.65,-0.00594
25.7,-0.0060969
25.75,-0.0055068
25.8,-0.0042262
25.85,-0.0024012
25.9,-0.00025371
25.95,0.001944
26,0.0039032
26.05,0.0053562
26.1,0.006095
26.15,0.0060025
26.2,0.0050736
26.25,0.0034217
26.3,0.0012678
26.35,-0.0010867
26.4,-0.0033004
26.45,-0.0050417
26.5,-0.006039
26.55,-0.0061257
26.6,-0.0052701
26.65,-0.003587
26.7,-0.0013256
26.75,0.0011646
26.8,0.0034863
26.85,0.0052577
26.9,0.0061762
26.95,0.006073
27,0.0049467
27.05,0.0029703
27.1,0.0004685
27.15,-0.0021336
27.2,-0.0043813
27.25,-0.0058704
27.3,-0.0063215
27.35,-0.0056355
27.4,-0.0039183
27.45,-0.0014685
27.5,0.0012717
27.55,0.0037944
27.6,0.0056203
27.65,0.006391
27.7,0.0059422
27.75,0.004342
27.8,0.0018846
27.85,-0.00096059
27.9,-0.0036364
27.95,-0.0056074
28,-0.006468
28.05,-0.0060284
28.1,-0.00436
28.15,-0.0017872
28.2,0.0011719
28.25,0.0039091
28.3,0.0058504
28.35,0.0065781
28.4,0.005923
28.45,0.0040067
28.5,0.0012225
28.55,-0.0018432
28.6,-0.0045328
28.65,-0.0062593
28.7,-0.0066359
28.75,-0.0055647
28.8,-0.0032648
28.85,-0.00022976
28.9,0.0028766
28.95,0.0053648
29,0.0066734
29.05,0.0064975
29.1,0.0048619
29.15,0.0021206
29.2,-0.0011177
29.25,-0.0041239
29.3,-0.0062131
29.35,-0.0069013
29.4,-0.0060192
29.45,-0.0037551
29.5,-0.0006163
29.55,0.0026838
29.6,0.0053876
29.65,0.006868
29.7,0.0067745
29.75,0.0051172
29.8,0.0022677
29.85,-0.0011232
29.9,-0.0042748
29.95,-0.0064563
30,-0.0071566
30.05,-0.0062047
30.1,-0.0038114
30.15,-0.0005224
30.2,0.0029064
30.25,0.005683
30.3,0.0071631
30.35,0.006999
30.4,0.005221
30.45,0.0022318
30.5,-0.0012866
30.55,-0.0045288
30.6,-0.0067512
30.65,-0.0074423
30.7,-0.0064397
30.75,-0.0039668
30.8,-0.00058093
30.85,0.0029534
30.9,0.0058386
30.95,0.007424
31,0.0073518
31.05,0.0056357
31.1,0.0026561
31.15,-0.00092671
31.2,-0.0043208
31.25,-0.0067784
31.3,-0.0077605
31.35,-0.0070527
31.4,-0.0048092
31.45,-0.0015165
31.5,0.0021159
31.55,0.0053093
31.6,0.007384
31.65,0.0079022
31.7,0.0067574
31.75,0.0041933
31.8,0.00074738
31.85,-0.0028647
31.9,-0.0058992
31.95,-0.0077378
32,-0.0080115
32.05,-0.0066711
32.1,-0.0039916
32.15,-0.00051176
32.2,0.0030777
32.25,0.0060732
32.3,0.0078953
32.35,0.0081992
32.4,0.0069357
32.45,0.0043544
32.5,0.00094955
32.55,-0.0026377
32.6,-0.0057425
32.65,-0.0077992
32.7,-0.0084422
32.75,-0.0075672
32.8,-0.0053431
32.85,-0.0021744
32.9,0.001376
32.95,0.0046895
33,0.0072004
33.05,0.0084907
33.1,0.0083564
33.15,0.0068352
33.2,0.0041924
33.25,0.00087047
33.3,-0.0025884
33.35,-0.0056328
33.4,-0.0077894
33.45,-0.0087347
33.5,-0.0083395
33.55,-0.006682
33.6,-0.0040281
33.65,-0.00078472
33.7,0.0025655
33.75,0.0055375
33.8,0.0077137
33.85,0.0088007
33.9,0.0086651
33.95,0.0073457
34,0.0050406
34.05,0.002074
34.1,-0.0011526
34.15,-0.0042166
34.2,-0.0067294
34.25,-0.0083849
34.3,-0.0089941
34.35,-0.0085029
34.4,-0.0069923
34.45,-0.0046623
34.5,-0.0018021
34.55,0.0012479
34.6,0.0041378
34.65,0.0065487
34.7,0.0082263
34.75,0.0090058
34.8,0.0088248
34.85,0.0077246
34.9,0.0058401
34.95,0.003381
35,0.00060615
35.05,-0.002205
35.1,-0.004781
35.15,-0.0068839
35.2,-0.0083306
35.25,-0.0090058
35.3,-0.0088695
35.35,-0.0079553
35.4,-0.0063638
35.45,-0.0042489
35.5,-0.0018021
35.55,0.00076657
35.6,0.0032465
35.65,0.0054442
35.7,0.0071972
35.75,0.0083849
35.8,0.0089354
35.85,0.0088274
35.9,0.0080886
35.95,0.0067906
36,0.0050406
36.05,0.0029716
36.1,0.00073152
36.15,-0.0015277
36.2,-0.0036608
36.25,-0.0055375
36.3,-0.0070506
36.35,-0.0081206
36.4,-0.0086985
36.45,-0.0087672
36.5,-0.0083395
36.55,-0.007456
36.6,-0.0061802
36.65,-0.0045937
36.7,-0.0027904
36.75,-0.00087047
36.8,0.0010653
36.85,0.0029208
36.9,0.0046088
36.95,0.006055
37,0.0072004
37.05,0.0080034
37.1,0.0084398
37.15,0.0085032
37.2,0.008204
37.25,0.0075672
37.3,0.0066308
37.35,0.005443
37.4,0.0040596
37.45,0.002541
37.5,0.00094955
37.55,-0.00065272
37.6,-0.0022069
37.65,-0.0036588
37.7,-0.0049608
37.75,-0.0060732
37.8,-0.0069645
37.85,-0.0076126
37.9,-0.0080044
37.95,-0.0081359
38,-0.0080115
38.05,-0.0076433
38.1,-0.0070504
38.15,-0.0062575
38.2,-0.0052941
38.25,-0.0041933
38.3,-0.0029905
38.35,-0.001722
38.4,-0.00042464
38.45,0.00086597
38.5,0.0021159
38.55,0.0032936
38.6,0.0043711
38.65,0.0053239
38.7,0.0061317
38.75,0.0067784
38.8,0.0072527
38.85,0.0075476
38.9,0.0076605
38.95,0.0075934
39,0.0073518
39.05,0.0069454
39.1,0.0063868
39.15,0.0056918
39.2,0.0048784
39.25,0.0039668
39.3,0.0029784
39.35,0.0019358
39.4,0.00086212
39.45,-0.0002196
39.5,-0.0012866
39.55,-0.002317
39.6,-0.0032901
39.65,-0.0041867
39.7,-0.0049894
39.75,-0.005683
39.8,-0.0062548
39.85,-0.0066942
39.9,-0.0069938
39.95,-0.0071486
40,-0.0071566
40.05,-0.0070185
40.1,-0.0067379
40.15,-0.0063212
40.2,-0.0057772
40.25,-0.0051172
40.3,-0.0043547
40.35,-0.0035054
40.4,-0.0025866
40.45,-0.0016169
40.5,-0.0006163
40.55,0.00039465
40.6,0.0013949
40.65,0.0023635
40.7,0.0032798
40.75,0.0041239
40.8,0.0048772
40.85,0.0055227
40.9,0.0060452
40.95,0.0064321
41,0.0066734
41.05,0.0067619
41.1,0.0066939
41.15,0.006469
41.2,0.0060903
41.25,0.0055647
41.3,0.0049028
41.35,0.0041186
41.4,0.0032296
41.45,0.0022564
41.5,0.0012225
41.55,0.00015348
41.6,-0.00092302
41.65,-0.0019783
41.7,-0.0029833
41.75,-0.0039091
41.8,-0.0047281
41.85,-0.0054144
41.9,-0.0059452
41.95,-0.0063013
42,-0.006468
42.05,-0.0064358
42.1,-0.0062011
42.15,-0.0057665
42.2,-0.0051415
42.25,-0.004342
42.3,-0.0033908
42.35,-0.002317
42.4,-0.001155
42.45,5.5512e-05
42.5,0.0012717
42.55,0.0024482
42.6,0.0035393
42.65,0.0045002
42.7,0.0052894
42.75,0.0058704
42.8,0.0062134
42.85,0.0062975
42.9,0.006112
42.95,0.0056574
43,0.0049467
43.05,0.0040051
43.1,0.0028701
43.15,0.0015902
43.2,0.00022356
43.25,-0.0011646
43.3,-0.0025047
43.35,-0.0037262
43.4,-0.0047612
43.45,-0.0055489
43.5,-0.006039
43.55,-0.0061956
43.6,-0.0060002
43.65,-0.0054542
43.7,-0.0045802
43.75,-0.0034217
43.8,-0.0020425
43.85,-0.0005234
43.9,0.0010418
43.95,0.0025515
44,0.0039032
44.05,0.005
44.1,0.0057584
44.15,0.0061152
44.2,0.0060334
44.25,0.0055068
44.3,0.0045627
44.35,0.003262
44.4,0.0016964
44.45,-1.688e-05
44.5,-0.0017431
44.55,-0.0033401
44.6,-0.0046704
44.65,-0.0056129
44.7,-0.0060751
44.75,-0.0060035
44.8,-0.0053903
44.85,-0.0042776
44.9,-0.0027565
44.95,-0.00096103
45,0.00094222
45.05,0.0027687
45.1,0.0043336
45.15,0.0054711
45.2,0.0060528
45.25,0.0060035
45.3,0.0053129
45.35,0.0040403
45.4,0.0023118
45.45,0.00031019
45.5,-0.0017431
45.55,-0.0036118
45.6,-0.005072
45.65,-0.00594
45.7,-0.0060969
45.75,-0.0055068
45.8,-0.0042262
45.85,-0.0024012
45.9,-0.00025371
45.95,0.001944
46,0.0039032
46.05,0.0053562
46.1,0.006095
46.15,0.0060025
46.2,0.0050736
46.25,0.0034217
46.3,0.0012678
46.35,-0.0010867
46.4,-0.0033004
46.45,-0.0050417
46.5,-0.006039
46.55,-0.0061257
46.6,-0.0052701
46.65,-0.003587
46.7,-0.0013256
46.75,0.0011646
46.8,0.0034863
46.85,0.0052577
46.9,0.0061762
46.95,0.006073
47,0.0049467
47.05,0.0029703
47.1,0.0004685
47.15,-0.0021336
47.2,-0.0043813
47.25,-0.0058704
47.3,-0.0063215
47.35,-0.0056355
47.4,-0.0039183
47.45,-0.0014685
47.5,0.0012717
47.55,0.0037944
47.6,0.0056203
47.65,0.006391
47.7,0.0059422
47.75,0.004342
47.8,0.0018846
47.85,-0.00096059
47.9,-0.0036364
47.95,-0.0056074
48,-0.006468
48.05,-0.0060284
48.1,-0.00436
48.15,-0.0017872
48.2,0.0011719
48.25,0.0039091
48.3,0.0058504
48.35,0.0065781
48.4,0.005923
48.45,0.0040067
48.5,0.0012225
48.55,-0.0018432
48.6,-0.0045328
48.65,-0.0062593
48.7,-0.0066359
48.75,-0.0055647
48.8,-0.0032648
48.85,-0.00022976
48.9,0.0028766
48.95,0.0053648
49,0.0066734
49.05,0.0064975
49.1,0.0048619
49.15,0.0021206
49.2,-0.0011177
49.25,-0.0041239
49.3,-0.0062131
49.35,-0.0069013
49.4,-0.0060192
49.45,-0.0037551
49.5,-0.0006163
49.55,0.0026838
49.6,0.0053876
49.65,0.006868
49.7,0.0067745
49.75,0.0051172
49.8,0.0022677
49.85,-0.0011232
49.9,-0.0042748
49.95,-0.0064563
50,-0.0071566
50.05,-0.0062047
50.1,-0.0038114
50.15,-0.0005224
50.2,0.0029064
50.25,0.005683
50.3,0.0071631
50.35,0.006999
50.4,0.005221
50.45,0.0022318
50.5,-0.0012866
50.55,-0.0045288
50.6,-0.0067512
50.65,-0.0074423
50.7,-0.0064397
50.75,-0.0039668
50.8,-0.00058093
50.85,0.0029534
50.9,0.0058386
50.95,0.007424
51,0.0073518
51.05,0.0056357
51.1,0.0026561
51.15,-0.00092671
51.2,-0.0043208
51.25,-0.0067784
51.3,-0.0077605
51.35,-0.0070527
51.4,-0.0048092
51.45,-0.0015165
51.5,0.0021159
51.55,0.0053093
51.6,0.007384
51.65,0.0079022
51.7,0.0067574
51.75,0.0041933
51.8,0.00074738
51.85,-0.0028647
51.9,-0.0058992
51.95,-0.0077378
52,-0.0080115
52.05,-0.0066711
52.1,-0.0039916
52.15,-0.00051176
52.2,0.0030777
52.25,0.0060732
52.3,0.0078953
52.35,0.0081992
52.4,0.0069357
52.45,0.0043544
52.5,0.00094955
52.55,-0.0026377
52.6,-0.0057425
52.65,-0.0077992
52.7,-0.0084422
52.75,-0.0075672
52.8,-0.0053431
52.85,-0.0021744
52.9,0.001376
52.95,0.0046895
53,0.0072004
53.05,0.0084907
53.1,0.0083564
53.15,0.0068352
53.2,0.0041924
53.25,0.00087047
53.3,-0.0025884
53.35,-0.0056328
53.4,-0.0077894
53.45,-0.0087347
53.5,-0.0083395
53.55,-0.006682
53.6,-0.0040281
53.65,-0.00078472
53.7,0.0025655
53.75,0.0055375
53.8,0.0077137
53.85,0.0088007
53.9,0.0086651
53.95,0.0073457
54,0.0050406
54.05,0.002074
54.1,-0.0011526
54.15,-0.0042166
54.2,-0.0067294
54.25,-0.0083849
54.3,-0.0089941
54.35,-0.0085029
54.4,-0.0069923
54.45,-0.0046623
54.5,-0.0018021
54.55,0.0012479
54.6,0.0041378
54.65,0.0065487
54.7,0.0082263
54.75,0.0090058
54.8,0.0088248
54.85,0.0077246
54.9,0.0058401
54.95,0.003381
55,0.00060615
55.05,-0.002205
55.1,-0.004781
55.15,-0.0068839
55.2,-0.0083306
55.25,-0.0090058
55.3,-0.0088695
55.35,-0.0079553
55.4,-0.0063638
55.45,-0.0042489
55.5,-0.0018021
55.55,0.00076657
55.6,0.0032465
55.65,0.0054442
55.7,0.0071972
55.75,0.0083849
55.8,0.0089354
55.85,0.0088274
55.9,0.0080886
55.95,0.0067906
56,0.0050406
56.05,0.0029716
56.1,0.00073152
56.15,-0.0015277
56.2,-0.0036608
56.25,-0.0055375
56.3,-0.0070506
56.35,-0.0081206
56.4,-0.0086985
56.45,-0.0087672
56.5,-0.0083395
56.55,-0.007456
56.6,-0.0061802
56.65,-0.0045937
56.7,-0.0027904
56.75,-0.00087047
56.8,0.0010653
56.85,0.0029208
56.9,0.0046088
56.95,0.006055
57,0.0072004
57.05,0.0080034
57.1,0.0084398
57.15,0.0085032
57.2,0.008204
57.25,0.0075672
57.3,0.0066308
57.35,0.005443
57.4,0.0040596
57.45,0.002541
57.5,0.00094955
57.55,-0.00065272
57.6,-0.0022069
57.65,-0.0036588
57.7,-0.0049608
57.75,-0.0060732
57.8,-0.0069645
57.85,-0.0076126
57.9,-0.0080044
57.95,-0.0081359
58,-0.0080115
58.05,-0.0076433
58.1,-0.0070504
58.15,-0.0062575
58.2,-0.0052941
58.25,-0.0041933
58.3,-0.0029905
58.35,-0.001722
58.4,-0.00042464
58.45,0.00086597
58.5,0.0021159
58.55,0.0032936
58.6,0.0043711
58.65,0.0053239
58.7,0.0061317
58.75,0.0067784
58.8,0.0072527
58.85,0.0075476
58.9,0.0076605
58.95,0.0075934
59,0.0073518
59.05,0.0069454
59.1,0.0063868
59.15,0.0056918
59.2,0.0048784
59.25,0.0039668
59.3,0.0029784
59.35,0.0019358
59.4,0.00086212
59.45,-0.0002196
59.5,-0.0012866
59.55,-0.002317
59.6,-0.0032901
59.65,-0.0041867
59.7,-0.0049894
59.75,-0.005683
59.8,-0.0062548
59.85,-0.0066942
59.9,-0.0069938
59.95,-0.0071486
60,-0.0071566
60.05,-0.0070185
60.1,-0.0067379
60.15,-0.0063212
60.2,-0.0057772
60.25,-0.0051172
60.3,-0.0043547
60.35,-0.0035054
60.4,-0.0025866
60.45,-0.0016169
60.5,-0.0006163
60.55,0.00039465
60.6,0.0013949
60.65,0.0023635
60.7,0.0032798
60.75,0.0041239
60.8,0.0048772
60.85,0.0055227
60.9,0.0060452
60.95,0.0064321
61,0.0066734
61.05,0.0067619
61.1,0.0066939
61.15,0.006469
61.2,0.0060903
61.25,0.0055647
61.3,0.0049028
61.35,0.0041186
61.4,0.0032296
61.45,0.0022564
61.5,0.0012225
61.55,0.00015348
61.6,-0.00092302
61.65,-0.0019783
61.7,-0.0029833
61.75,-0.0039091
61.8,-0.0047281
61.85,-0.0054144
61.9,-0.0059452
61.95,-0.0063013
62,-0.006468
62.05,-0.0064358
62.1,-0.0062011
62.15,-0.0057665
62.2,-0.0051415
62.25,-0.004342
62.3,-0.0033908
62.35,-0.002317
62.4,-0.001155
62.45,5.5512e-05
62.5,0.0012717
62.55,0.0024482
62.6,0.0035393
62.65,0.0045002
62.7,0.0052894
62.75,0.0058704
62.8,0.0062134
62.85,0.0062975
62.9,0.006112
62.95,0.0056574
63,0.0049467
63.05,0.0040051
63.1,0.0028701
63.15,0.0015902
63.2,0.00022356
63.25,-0.0011646
63.3,-0.0025047
63.35,-0.0037262
63.4,-0.0047612
63.45,-0.0055489
63.5,-0.006039
63.55,-0.0061956
63.6,-0.0060002
63.65,-0.0054542
63.7,-0.0045802
63.75,-0.0034217
63.8,-0.0020425
63.85,-0.0005234
63.9,0.0010418
63.95,0.0025515
64,0.0039032
64.05,0.005
64.1,0.0057584
64.15,0.0061152
64.2,0.0060334
64.25,0.0055068
64.3,0.0045627
64.35,0.003262
64.4,0.0016964
64.45,-1.688e-05
64.5,-0.0017431
64.55,-0.0033401
64.6,-0.0046704
64.65,-0.0056129
64.7,-0.0060751
64.75,-0.0060035
64.8,-0.0053903
64.85,-0.0042776
64.9,-0.0027565
64.95,-0.00096103
65,0.00094222
65.05,0.0027687
65.1,0.0043336
65.15,0.0054711
65.2,0.0060528
65.25,0.0060035
65.3,0.0053129
65.35,0.0040403
65.4,0.0023118
65.45,0.00031019
65.5,-0.0017431
65.55,-0.0036118
65.6,-0.005072
65.65,-0.00594
65.7,-0.0060969
65.75,-0.0055068
65.8,-0.0042262
65.85,-0.0024012
65.9,-0.00025371
65.95,0.001944
66,0.0039032
66.05,0.0053562
66.1,0.006095
66.15,0.0060025
66.2,0.0050736
66.25,0.0034217
66.3,0.0012678
66.35,-0.0010867
66.4,-0.0033004
66.45,-0.0050417
66.5,-0.006039
66.55,-0.0061257
66.6,-0.0052701
66.65,-0.003587
66.7,-0.0013256
66.75,0.0011646
66.8,0.0034863
66.85,0.0052577
66.9,0.0061762
66.95,0.006073
67,0.0049467
67.05,0.0029703
67.1,0.0004685
67.15,-0.0021336
67.2,-0.0043813
67.25,-0.0058704
67.3,-0.0063215
67.35,-0.0056355
67.4,-0.0039183
67.45,-0.0014685
67.5,0.0012717
67.55,0.0037944
67.6,0.0056203
67.65,0.006391
67.7,0.0059422
67.75,0.004342
67.8,0.0018846
67.85,-0.00096059
67.9,-0.0036364
67.95,-0.0056074
68,-0.006468
68.05,-0.0060284
68.1,-0.00436
68.15,-0.0017872
68.2,0.0011719
68.25,0.0039091
68.3,0.0058504
68.35,0.0065781
68.4,0.005923
68.45,0.0040067
68.5,0.0012225
68.55,-0.0018432
68.6,-0.0045328
68.65,-0.0062593
68.7,-0.0066359
68.75,-0.0055647
68.8,-0.0032648
68.85,-0.00022976
68.9,0.0028766
68.95,0.0053648
69,0.0066734
69.05,0.0064975
69.1,0.0048619
69.15,0.0021206
69.2,-0.0011177
69.25,-0.0041239
69.3,-0.0062131
69.35,-0.0069013
69.4,-0.0060192
69.45,-0.0037551
69.5,-0.0006163
69.55,0.0026838
69.6,0.0053876
69.65,0.006868
69.7,0.0067745
69.75,0.0051172
69.8,0.0022677
69.85,-0.0011232
69.9,-0.0042748
69.95,-0.0064563
70,-0.0071566
70.05,-0.0062047
70.1,-0.0038114
70.15,-0.0005224
70.2,0.0029064
70.25,0.005683
70.3,0.0071631
70.35,0.006999
70.4,0.005221
70.45,0.0022318
70.5,-0.0012866
70.55,-0.0045288
70.6,-0.0067512
70.65,-0.0074423
70.7,-0.0064397
70.75,-0.0039668
70.8,-0.00058093
70.85,0.0029534
70.9,0.0058386
70.95,0.007424
71,0.0073518
71.05,0.0056357
71.1,0.0026561
71.15,-0.00092671
71.2,-0.0043208
71.25,-0.0067784
71.3,-0.0077605
71.35,-0.0070527
71.4,-0.0048092
71.45,-0.0015165
71.5,0.0021159
71.55,0.0053093
71.6,0.007384
71.65,0.0079022
71.7,0.0067574
71.75,0.0041933
71.8,0.00074738
71.85,-0.0028647
71.9,-0.0058992
71.95,-0.0077378
72,-0.0080115
72.05,-0.0066711
72.1,-0.0039916
72.15,-0.00051176
72.2,0.0030777
72.25,0.0060732
72.3,0.0078953
72.35,0.0081992
72.4,0.0069357
72.45,0.0043544
72.5,0.00094955
72.55,-0.0026377
72.6,-0.0057425
72.65,-0.0077992
72.7,-0.0084422
72.75,-0.0075672
72.8,-0.0053431
72.85,-0.0021744
72.9,0.001376
72.95,0.0046895
73,0.0072004
73.05,0.0084907
73.1,0.0083564
73.15,0.0068352
73.2,0.0041924
73.25,0.00087047
73.3,-0.0025884
73.35,-0.0056328
73.4,-0.0077894
73.45,-0.0087347
73.5,-0.0083395
73.55,-0.006682
73.6,-0.0040281
73.65,-0.00078472
73.7,0.0025655
73.75,0.0055375
73.8,0.0077137
73.85,0.0088007
73.9,0.0086651
73.95,0.0073457
74,0.0050406
74.05,0.002074
74.1,-0.0011526
74.15,-0.0042166
74.2,-0.0067294
74.25,-0.0083849
74.3,-0.0089941
74.35,-0.0085029
74.4,-0.0069923
74.45,-0.0046623
74.5,-0.0018021
74.55,0.0012479
74.6,0.0041378
74.65,0.0065487
74.7,0.0082263
74.75,0.0090058
74.8,0.0088248
74.85,0.0077246
74.9,0.0058401
74.95,0.003381
75,0.00060615
75.05,-0.002205
75.1,-0.004781
75.15,-0.0068839
75.2,-0.0083306
75.25,-0.0090058
75.3,-0.0088695
75.35,-0.0079553
75.4,-0.0063638
75.45,-0.0042489
75.5,-0.0018021
75.55,0.00076657
75.6,0.0032465
75.65,0.0054442
75.7,0.0071972
75.75,0.0083849
75.8,0.0089354
75.85,0.0088274
75.9,0.0080886
75.95,0.0067906
76,0.0050406
76.05,0.0029716
76.1,0.00073152
76.15,-0.0015277
76.2,-0.0036608
76.25,-0.0055375
76.3,-0.0070506
76.35,-0.0081206
76.4,-0.0086985
76.45,-0.0087672
76.5,-0.0083395
76.55,-0.007456
76.6,-0.0061802
76.65,-0.0045937
76.7,-0.0027904
76.75,-0.00087047
76.8,0.0010653
76.85,0.0029208
76.9,0.0046088
76.95,0.006055
77,0.0072004
77.05,0.0080034
77.1,0.0084398
77.15,0.0085032
77.2,0.008204
77.25,0.0075672
77.3,0.0066308
77.35,0.005443
77.4,0.0040596
77.45,0.002541
77.5,0.00094955
77.55,-0.00065272
77.6,-0.0022069
77.65,-0.0036588
77.7,-0.0049608
77.75,-0.0060732
77.8,-0.0069645
77.85,-0.0076126
77.9,-0.0080044
77.95,-0.0081359
78,-0.0080115
78.05,-0.0076433
78.1,-0.0070504
78.15,-0.0062575
78.2,-0.0052941
78.25,-0.0041933
78.3,-0.0029905
78.35,-0.001722
78.4,-0.00042464
78.45,0.00086597
78.5,0.0021159
78.55,0.0032936
78.6,0.0043711
78.65,0.0053239
78.7,0.0061317
78.75,0.0067784
78.8,0.0072527
78.85,0.0075476
78.9,0.0076605
78.95,0.0075934
79,0.0073518
79.05,0.0069454
79.1,0.0063868
79.15,0.0056918
79.2,0.0048784
79.25,0.0039668
79.3,0.0029784
79.35,0.0019358
79.4,0.00086212
79.45,-0.0002196
79.5,-0.0012866
79.55,-0.002317
79.6,-0.0032901
79.65,-0.0041867
79.7,-0.0049894
79.75,-0.005683
79.8,-0.0062548
79.85,-0.0066942
79.9,-0.0069938
79.95,-0.0071486
80,-0.0071566
80.05,-0.0070185
80.1,-0.0067379
80.15,-0.0063212
80.2,-0.0057772
80.25,-0.0051172
80.3,-0.0043547
80.35,-0.0035054
80.4,-0.0025866
80.45,-0.0016169
80.5,-0.0006163
80.55,0.00039465
80.6,0.0013949
80.65,0.0023635
80.7,0.0032798
80.75,0.0041239
80.8,0.0048772
80.85,0.0055227
80.9,0.0060452
80.95,0.0064321
81,0.0066734
81.05,0.0067619
81.1,0.0066939
81.15,0.006469
81.2,0.0060903
81.25,0.0055647
81.3,0.0049028
81.35,0.0041186
81.4,0.0032296
81.45,0.0022564
81.5,0.0012225
81.55,0.00015348
81.6,-0.00092302
81.65,-0.0019783
81.7,-0.0029833
81.75,-0.0039091
81.8,-0.0047281
81.85,-0.0054144
81.9,-0.0059452
81.95,-0.0063013
82,-0.006468
82.05,-0.0064358
82.1,-0.0062011
82.15,-0.0057665
82.2,-0.0051415
82.25,-0.004342
82.3,-0.0033908
82.35,-0.002317
82.4,-0.001155
82.45,5.5512e-05
82.5,0.0012717
82.55,0.0024482
82.6,0.0035393
82.65,0.0045002
82.7,0.0052894
82.75,0.0058704
82.8,0.0062134
82.85,0.0062975
82.9,0.006112
82.95,0.0056574
83,0.0049467
83.05,0.0040051
83.1,0.0028701
83.15,0.0015902
83.2,0.00022356
83.25,-0.0011646
83.3,-0.0025047
83.35,-0.0037262
83.4,-0.0047612
83.45,-0.0055489
83.5,-0.006039
83.55,-0.0061956
83.6,-0.0060002
83.65,-0.0054542
83.7,-0.0045802
83.75,-0.0034217
83.8,-0.0020425
83.85,-0.0005234
83.9,0.0010418
83.95,0.0025515
84,0.0039032
84.05,0.005
84.1,0.0057584
84.15,0.0061152
84.2,0.0060334
84.25,0.0055068
84.3,0.0045627
84.35,0.003262
84.4,0.0016964
84.45,-1.688e-05
84.5,-0.0017431
84.55,-0.0033401
84.6,-0.0046704
84.65,-0.0056129
84.7,-0.0060751
84.75,-0.0060035
84.8,-0.0053903
84.85,-0.0042776
84.9,-0.0027565
84.95,-0.00096103
85,0.00094222
85.05,0.0027687
85.1,0.0043336
85.15,0.0054711
85.2,0.0060528
85.25,0.0060035
85.3,0.0053129
85.35,0.0040403
85.4,0.0023118
85.45,0.00031019
85.5,-0.0017431
85.55,-0.0036118
85.6,-0.005072
85.65,-0.00594
85.7,-0.0060969
85.75,-0.0055068
85.8,-0.0042262
85.85,-0.0024012
85.9,-0.00025371
85.95,0.001944
86,0.0039032
86.05,0.0053562
86.1,0.006095
86.15,0.0060025
86.2,0.0050736
86.25,0.0034217
86.3,0.0012678
86.35,-0.0010867
86.4,-0.0033004
86.45,-0.0050417
86.5,-0.006039
86.55,-0.0061257
86.6,-0.0052701
86.65,-0.003587
86.7,-0.0013256
86.75,0.0011646
86.8,0.0034863
86.85,0.0052577
86.9,0.0061762
86.95,0.006073
87,0.0049467
87.05,0.0029703
87.1,0.0004685
87.15,-0.0021336
87.2,-0.0043813
87.25,-0.0058704
87.3,-0.0063215
87.35,-0.0056355
87.4,-0.0039183
87.45,-0.0014685
87.5,0.0012717
87.55,0.0037944
87.6,0.0056203
87.65,0.006391
87.7,0.0059422
87.75,0.004342
87.8,0.0018846
87.85,-0.00096059
87.9,-0.0036364
87.95,-0.0056074
88,-0.006468
88.05,-0.0060284
88.1,-0.00436
88.15,-0.0017872
88.2,0.0011719
88.25,0.0039091
88.3,0.0058504
88.35,0.0065781
88.4,0.005923
88.45,0.0040067
88.5,0.0012225
88.55,-0.0018432
88.6,-0.0045328
88.65,-0.0062593
88.7,-0.0066359
88.75,-0.0055647
88.8,-0.0032648
88.85,-0.00022976
88.9,0.0028766
88.95,0.0053648
89,0.0066734
89.05,0.0064975
89.1,0.0048619
89.15,0.0021206
89.2,-0.0011177
89.25,-0.0041239
89.3,-0.0062131
89.35,-0.0069013
89.4,-0.0060192
89.45,-0.0037551
89.5,-0.0006163
89.55,0.0026838
89.6,0.0053876
89.65,0.006868
89.7,0.0067745
89.75,0.0051172
89.8,0.0022677
89.85,-0.0011232
89.9,-0.0042748
89.95,-0.0064563
90,-0.0071566
90.05,-0.0062047
90.1,-0.0038114
90.15,-0.0005224
90.2,0.0029064
90.25,0.005683
90.3,0.0071631
90.35,0.006999
90.4,0.005221
90.45,0.0022318
90.5,-0.0012866
90.55,-0.0045288
90.6,-0.0067512
90.65,-0.0074423
90.7,-0.0064397
90.75,-0.0039668
90.8,-0.00058093
90.85,0.0029534
90.9,0.0058386
90.95,0.007424
91,0.0073518
91.05,0.0056357
91.1,0.0026561
91.15,-0.00092671
91.2,-0.0043208
91.25,-0.0067784
91.3,-0.0077605
91.35,-0.0070527
91.4,-0.0048092
91.45,-0.0015165
91.5,0.0021159
91.55,0.0053093
91.6,0.007384
91.65,0.0079022
91.7,0.0067574
91.75,0.0041933
91.8,0.00074738
91.85,-0.0028647
91.9,-0.0058992
91.95,-0.0077378
92,-0.0080115
92.05,-0.0066711
92.1,-0.0039916
92.15,-0.00051176
92.2,0.0030777
92.25,0.0060732
92.3,0.0078953
92.35,0.0081992
92.4,0.0069357
92.45,0.0043544
92.5,0.00094955
92.55,-0.0026377
92.6,-0.0057425
92.65,-0.0077992
92.7,-0.0084422
92.75,-0.0075672
92.8,-0.0053431
92.85,-0.0021744
92.9,0.001376
92.95,0.0046895
93,0.0072004
93.05,0.0084907
93.1,0.0083564
93.15,0.0068352
93.2,0.0041924
93.25,0.00087047
93.3,-0.0025884
93.35,-0.0056328
93.4,-0.0077894
93.45,-0.0087347
93.5,-0.0083395
93.55,-0.006682
93.6,-0.0040281
93.65,-0.00078472
93.7,0.0025655
93.75,0.0055375
93.8,0.0077137
93.85,0.0088007
93.9,0.0086651
93.95,0.0073457
94,0.0050406
94.05,0.002074
94.1,-0.0011526
94.15,-0.0042166
94.2,-0.0067294
94.25,-0.0083849
94.3,-0.0089941
94.35,-0.0085029
94.4,-0.0069923
94.45,-0.0046623
94.5,-0.0018021
94.55,0.0012479
94.6,0.0041378
94.65,0.0065487
94.7,0.0082263
94.75,0.0090058
94.8,0.0088248
94.85,0.0077246
94.9,0.0058401
94.95,0.003381
95,0.00060615
95.05,-0.002205
95.1,-0.004781
95.15,-0.0068839
95.2,-0.0083306
95.25,-0.0090058
95.3,-0.0088695
95.35,-0.0079553
95.4,-0.0063638
95.45,-0.0042489
95.5,-0.0018021
95.55,0.00076657
95.6,0.0032465
95.65,0.0054442
95.7,0.0071972
95.75,0.0083849
95.8,0.0089354
95.85,0.0088274
95.9,0.0080886
95.95,0.0067906
96,0.0050406
96.05,0.0029716
96.1,0.00073152
96.15,-0.0015277
96.2,-0.0036608
96.25,-0.0055375
96.3,-0.0070506
96.35,-0.0081206
96.4,-0.0086985
96.45,-0.0087672
96.5,-0.0083395
96.55,-0.007456
96.6,-0.0061802
96.65,-0.0045937
96.7,-0.0027904
96.75,-0.00087047
96.8,0.0010653
96.85,0.0029208
96.9,0.0046088
96.95,0.006055
97,0.0072004
97.05,0.0080034
97.1,0.0084398
97.15,0.0085032
97.2,0.008204
97.25,0.0075672
97.3,0.0066308
97.35,0.005443
97.4,0.0040596
97.45,0.002541
97.5,0.00094955
97.55,-0.00065272
97.6,-0.0022069
97.65,-0.0036588
97.7,-0.0049608
97.75,-0.0060732
97.8,-0.0069645
97.85,-0.0076126
97.9,-0.0080044
97.95,-0.0081359
98,-0.0080115
98.05,-0.0076433
98.1,-0.0070504
98.15,-0.0062575
98.2,-0.0052941
98.25,-0.0041933
98.3,-0.0029905
98.35,-0.001722
98.4,-0.00042464
98.45,0.00086597
98.5,0.0021159
98.55,0.0032936
98.6,0.0043711
98.65,0.0053239
98.7,0.0061317
98.75,0.0067784
98.8,0.0072527
98.85,0.0075476
98.9,0.0076605
98.95,0.0075934
99,0.0073518
99.05,0.0069454
99.1,0.0063868
99.15,0.0056918
99.2,0.0048784
99.25,0.0039668
99.3,0.0029784
99.35,0.0019358
99.4,0.00086212
99.45,-0.0002196
99.5,-0.0012866
99.55,-0.002317
99.6,-0.0032901
99.65,-0.0041867
99.7,-0.0049894
99.75,-0.005683
99.8,-0.0062548
99.85,-0.0066942
99.9,-0.0069938
99.95,-0.0071486
100,-0.0071566
100.05,-0.0070185
100.1,-0.0067379
100.15,-0.0063212
100.2,-0.0057772
100.25,-0.0051172
100.3,-0.0043547
100.35,-0.0035054
100.4,-0.0025866
100.45,-0.0016169
100.5,-0.0006163
100.55,0.00039465
100.6,0.0013949
100.65,0.0023635
100.7,0.0032798
100.75,0.0041239
100.8,0.0048772
100.85,0.0055227
100.9,0.0060452
100.95,0.0064321
101,0.0066734
101.05,0.0067619
101.1,0.0066939
101.15,0.006469
101.2,0.0060903
101.25,0.0055647
101.3,0.0049028
101.35,0.0041186
101.4,0.0032296
101.45,0.0022564
101.5,0.0012225
101.55,0.00015348
101.6,-0.00092302
101.65,-0.0019783
101.7,-0.0029833
101.75,-0.0039091
101.8,-0.0047281
101.85,-0.0054144
101.9,-0.0059452
101.95,-0.0063013
102,-0.006468
102.05,-0.0064358
102.1,-0.0062011
102.15,-0.0057665
102.2,-0.0051415
102.25,-0.004342
102.3,-0.0033908
102.35,-0.002317
