0,0
0.05,0
0.1,0
0.15,0
0.2,0
0.25,0
0.3,0
0.35,0
0.4,0
0.45,0
0.5,0
0.55,0
0.6,0
0.65,0
0.7,0
0.75,0
0.8,0
0.85,0
0.9,0
0.95,0
1,0
1.05,0
1.1,0
1.15,0
1.2,0
1.25,0
1.3,0
1.35,0
1.4,0
1.45,0
1.5,0
1.55,0
1.6,0
1.65,0
1.7,0
1.75,0
1.8,0
1.85,0
1.9,0
1.95,0
2,0
2.05,0
2.1,0
2.15,0
2.2,0
2.25,0
2.3,0
2.35,0
2.4,0
2.45,0
2.5,0
2.55,0
2.6,0
2.65,0
2.7,0
2.75,0
2.8,0
2.85,0
2.9,0
2.95,0
3,0
3.05,0
3.1,0
3.15,0
3.2,0
3.25,0
3.3,0
3.35,0
3.4,0
3.45,0
3.5,0
3.55,0
3.6,0
3.65,0
3.7,0
3.75,0
3.8,0
3.85,0
3.9,0
3.95,0
4,0
4.05,0
4.1,0
4.15,0
4.2,0
4.25,0
4.3,0
4.35,0
4.4,0
4.45,0
4.5,0
4.55,0
4.6,0
4.65,0
4.7,0
4.75,0
4.8,0
4.85,0
4.9,0
4.95,0
5,0
5.05,0
5.1,0
5.15,0
5.2,0
5.25,0
5.3,0
5.35,0
5.4,0
5.45,0
5.5,0
5.55,0
5.6,0
5.65,-0.0018044
5.7,-0.0031554
5.75,-0.0038523
5.8,-0.0045775
5.85,-0.004304
5.9,-0.0039768
5.95,-0.0028221
6,-0.0015459
6.05,-2.03e-05
6.1,0.0015802
6.15,0.0027651
6.2,0.00383
6.25,0.0041262
6.3,0.0040061
6.35,0.0032788
6.4,0.0019914
6.45,0.00056928
6.5,-0.0011405
6.55,-0.0025857
6.6,-0.0036935
6.65,-0.0043637
6.7,-0.0042541
6.75,-0.0036393
6.8,-0.0024352
6.85,-0.00079877
6.9,0.0008455
6.95,0.0024638
7,0.0036746
7.05,0.0042337
7.1,0.0042138
7.15,0.0034382
7.2,0.0020665
7.25,0.00042245
7.3,-0.0013869
7.35,-0.0029766
7.4,-0.0040129
7.45,-0.0044521
7.5,-0.0041191
7.55,-0.0030187
7.6,-0.0014565
7.65,0.00037955
7.7,0.0022097
7.75,0.0035941
7.8,0.0043364
7.85,0.004349
7.9,0.003519
7.95,0.0020152
8,0.00018021
8.05,-0.0017297
8.1,-0.0033684
8.15,-0.0043408
8.2,-0.0044999
8.25,-0.0038536
8.3,-0.0024425
8.35,-0.00052716
8.4,0.001458
8.45,0.003165
8.5,0.0043033
8.55,0.004584
8.6,0.0039277
8.65,0.0025164
8.7,0.0006081
8.75,-0.001474
8.8,-0.0032779
8.85,-0.0044014
8.9,-0.0046587
8.95,-0.0040052
9,-0.0025133
9.05,-0.0004815
9.1,0.0016312
9.15,0.0034087
9.2,0.0045235
9.25,0.0047117
9.3,0.0038936
9.35,0.002266
9.4,0.00018249
9.45,-0.0019662
9.5,-0.0037446
9.55,-0.004738
9.6,-0.0047292
9.65,-0.0037525
9.7,-0.0020004
9.75,0.00020262
9.8,0.0023843
9.85,0.0040513
9.9,0.0048684
9.95,0.0046887
10,0.0035204
10.05,0.0015775
10.1,-0.00070749
10.15,-0.0028351
10.2,-0.0043882
10.25,-0.0050515
10.3,-0.0046484
10.35,-0.0032504
10.4,-0.00118
10.45,0.0011309
10.5,0.0032339
10.55,0.0046834
10.6,0.005142
10.65,0.0045241
10.7,0.0029839
10.75,0.00081798
10.8,-0.0015526
10.85,-0.003613
10.9,-0.0049204
10.95,-0.0052364
11,-0.004503
11.05,-0.002834
11.1,-0.00056929
11.15,0.0017996
11.2,0.0038082
11.25,0.005081
11.3,0.0053377
11.35,0.0045071
11.4,0.0027873
11.45,0.00052378
11.5,-0.0018727
11.55,-0.0039206
11.6,-0.0051897
11.65,-0.0054617
11.7,-0.0047016
11.75,-0.0030202
11.8,-0.00074546
11.85,0.0016545
11.9,0.0037517
11.95,0.0051707
12,0.0056095
12.05,0.0049982
12.1,0.003486
12.15,0.00132
12.2,-0.0011104
12.25,-0.0033243
12.3,-0.0049504
12.35,-0.0057199
12.4,-0.0054585
12.45,-0.0042366
12.5,-0.0022976
12.55,6.2204e-05
12.6,0.0024169
12.65,0.0043395
12.7,0.0055528
12.75,0.0058358
12.8,0.0051274
12.85,0.003598
12.9,0.0014706
12.95,-0.00091247
13,-0.0031246
13.05,-0.004861
13.1,-0.0058366
13.15,-0.0058813
13.2,-0.005046
13.25,-0.0034254
13.3,-0.0012822
13.35,0.0010281
13.4,0.0032114
13.45,0.0049024
13.5,0.0058793
13.55,0.0060276
13.6,0.0052905
13.65,0.0038368
13.7,0.001837
13.75,-0.00041361
13.8,-0.0025869
13.85,-0.0044356
13.9,-0.0056628
13.95,-0.0061676
14,-0.0058611
14.05,-0.0048045
14.1,-0.0031584
14.15,-0.001101
14.2,0.0010552
14.25,0.0031034
14.3,0.0047436
14.35,0.0058332
14.4,0.0062222
14.45,0.005894
14.5,0.0048984
14.55,0.0033461
14.6,0.0014461
14.65,-0.00062263
14.7,-0.0025891
14.75,-0.004295
14.8,-0.0055126
14.85,-0.0061813
14.9,-0.0061867
14.95,-0.0056
15,-0.0044339
15.05,-0.0028729
15.1,-0.0010185
15.15,0.00088924
15.2,0.0027271
15.25,0.0042717
15.3,0.0054431
15.35,0.0060942
15.4,0.0062268
15.45,0.0058005
15.5,0.0048987
15.55,0.0035849
15.6,0.0019904
15.65,0.00025276
15.7,-0.0014996
15.75,-0.0030997
15.8,-0.0044674
15.85,-0.0054557
15.9,-0.0060506
15.95,-0.0061736
16,-0.00586
16.05,-0.0051309
16.1,-0.0040405
16.15,-0.0027026
16.2,-0.0011727
16.25,0.00039567
16.3,0.0019337
16.35,0.0033274
16.4,0.0044816
16.45,0.0053629
16.5,0.0058821
16.55,0.0060535
16.6,0.0058633
16.65,0.0053188
16.7,0.0044965
16.75,0.003413
16.8,0.0021577
16.85,0.00081128
16.9,-0.00058169
16.95,-0.0019101
17,-0.0031243
17.05,-0.0041768
17.1,-0.0049865
17.15,-0.00555
17.2,-0.0058421
17.25,-0.0058335
17.3,-0.005565
17.35,-0.0050428
17.4,-0.0042828
17.45,-0.0033564
17.5,-0.0022923
17.55,-0.0011292
17.6,5.1587e-05
17.65,0.0012158
17.7,0.0023276
17.75,0.0033158
17.8,0.0041561
17.85,0.0048345
17.9,0.0053044
17.95,0.0055579
18,0.0056113
18.05,0.0054483
18.1,0.0050755
18.15,0.0045348
18.2,0.0038394
18.25,0.003003
18.3,0.0020783
18.35,0.001102
18.4,8.8237e-05
18.45,-0.0009187
18.5,-0.0018702
18.55,-0.0027531
18.6,-0.0035462
18.65,-0.004207
18.7,-0.0047203
18.75,-0.0050901
18.8,-0.0052982
18.85,-0.0053284
18.9,-0.0051986
18.95,-0.0049223
19,-0.0044942
19.05,-0.0039289
19.1,-0.0032621
19.15,-0.0025107
19.2,-0.0016832
19.25,-0.00081324
19.3,6.133e-05
19.35,0.0009273
19.4,0.0017691
19.45,0.0025501
19.5,0.0032435
19.55,0.0038457
19.6,0.0043433
19.65,0.0047092
19.7,0.0049356
19.75,0.0050319
19.8,0.0049931
19.85,0.004808
19.9,0.0044892
19.95,0.0040583
20,0.0035197
20.05,0.002878
20.1,0.0021614
20.15,0.0013983
20.2,0.00059839
20.25,-0.00022302
20.3,-0.0010308
20.35,-0.0017987
20.4,-0.002519
20.45,-0.0031733
20.5,-0.0037299
20.55,-0.0041747
20.6,-0.0045084
20.65,-0.0047169
20.7,-0.0047818
20.75,-0.0047081
20.8,-0.0045079
20.85,-0.0041763
20.9,-0.0037143
20.95,-0.0031469
21,-0.0024945
21.05,-0.0017623
21.1,-0.00097152
21.15,-0.00015943
21.2,0.0006543
21.25,0.0014567
21.3,0.0022133
21.35,0.002891
21.4,0.0034807
21.45,0.0039652
21.5,0.004313
21.55,0.0045148
21.6,0.0045748
21.65,0.0044785
21.7,0.0042194
21.75,0.0038192
21.8,0.0032886
21.85,0.00263
21.9,0.0018752
21.95,0.0010584
22,0.000193
22.05,-0.0006866
22.1,-0.0015329
22.15,-0.0023261
22.2,-0.003038
22.25,-0.0036219
22.3,-0.0040618
22.35,-0.0043453
22.4,-0.00444
22.45,-0.0043456
22.5,-0.0040731
22.55,-0.0036132
22.6,-0.002989
22.65,-0.0022364
22.7,-0.0013691
22.75,-0.00043335
22.8,0.00051865
22.85,0.0014603
22.9,0.0023326
22.95,0.0030866
23,0.0036992
23.05,0.0041176
23.1,0.0043211
23.15,0.004305
23.2,0.0040449
23.25,0.0035662
23.3,0.0028879
23.35,0.0020316
23.4,0.0010635
23.45,2.0024e-05
23.5,-0.0010319
23.55,-0.0020201
23.6,-0.0029009
23.65,-0.0035949
23.7,-0.0040687
23.75,-0.0042825
23.8,-0.0042074
23.85,-0.00386
23.9,-0.0032352
23.95,-0.0023902
24,-0.0013669
24.05,-0.00023733
24.1,0.00091099
24.15,0.0020091
24.2,0.0029514
24.25,0.0036854
24.3,0.0041273
24.35,0.0042526
24.4,0.0040325
24.45,0.0034821
24.5,0.0026406
24.55,0.0015656
24.6,0.00035569
24.65,-0.00090254
24.7,-0.0020802
24.75,-0.0030904
24.8,-0.0038152
24.85,-0.0042037
24.9,-0.0041888
24.95,-0.0037862
25,-0.0030029
25.05,-0.0019309
25.1,-0.00064727
25.15,0.00069935
25.2,0.0019951
25.25,0.0030813
25.3,0.0038607
25.35,0.0042221
25.4,0.0041371
25.45,0.0035879
25.5,0.0026406
25.55,0.0013834
25.6,-3.9809e-05
25.65,-0.001468
25.7,-0.0027378
25.75,-0.003684
25.8,-0.0042011
25.85,-0.004198
25.9,-0.0036852
25.95,-0.002698
26,-0.0013666
26.05,0.00015108
26.1,0.0016633
26.15,0.0029597
26.2,0.0038806
26.25,0.0042753
26.3,0.0040957
26.35,0.0033484
26.4,0.0021241
26.45,0.00059938
26.5,-0.0010311
26.55,-0.0025187
26.6,-0.0036508
26.65,-0.0042589
26.7,-0.0042292
26.75,-0.0035713
26.8,-0.0023643
26.85,-0.00078227
26.9,0.00092382
26.95,0.0025043
27,0.0036992
27.05,0.0043077
27.1,0.0042356
27.15,0.0034705
27.2,0.0021298
27.25,0.00043476
27.3,-0.0013513
27.35,-0.0029229
27.4,-0.0040048
27.45,-0.0044174
27.5,-0.0040718
27.55,-0.0030123
27.6,-0.0014258
27.65,0.00042361
27.7,0.002216
27.75,0.0036184
27.8,0.0043791
27.85,0.0043573
27.9,0.0035354
27.95,0.0020563
28,0.0001932
28.05,-0.0017216
28.1,-0.0033319
28.15,-0.0043206
28.2,-0.004498
28.25,-0.0038262
28.3,-0.0024144
28.35,-0.00052504
28.4,0.0014731
28.45,0.0031971
28.5,0.0043133
28.55,0.0045876
28.6,0.0039543
28.65,0.0025374
28.7,0.0006084
28.75,-0.0014603
28.8,-0.0032503
28.85,-0.0043926
28.9,-0.0046571
28.95,-0.0039837
29,-0.0024926
29.05,-0.00048029
29.1,0.0016387
29.15,0.0034328
29.2,0.0045361
29.25,0.0047107
29.3,0.0039067
29.35,0.0022883
29.4,0.00018858
29.45,-0.0019657
29.5,-0.0037277
29.55,-0.0047197
29.6,-0.0047276
29.65,-0.0037491
29.7,-0.0019815
29.75,0.00021631
29.8,0.0023835
29.85,0.004058
29.9,0.0048876
29.95,0.0046981
30,0.0035188
30.05,0.0015872
30.1,-0.00068938
30.15,-0.0028298
30.2,-0.004389
30.25,-0.0050391
30.3,-0.0046328
30.35,-0.0032486
30.4,-0.0011789
30.45,0.0011455
30.5,0.0032461
30.55,0.0046825
30.6,0.0051462
30.65,0.0045399
30.7,0.0029918
30.75,0.00081601
30.8,-0.0015445
30.85,-0.003598
30.9,-0.0049174
30.95,-0.0052369
31,-0.0044909
31.05,-0.0028227
31.1,-0.00057032
31.15,0.0018035
31.2,0.0038225
31.25,0.0050863
31.3,0.005336
31.35,0.0045169
31.4,0.0027988
31.45,0.0005231
31.5,-0.0018695
31.55,-0.0039072
31.6,-0.0051854
31.65,-0.005463
31.7,-0.004691
31.75,-0.0030112
31.8,-0.00074749
31.85,0.0016607
31.9,0.0037635
31.95,0.0051706
32,0.005612
32.05,0.0050106
32.1,0.0034884
32.15,0.0013201
32.2,-0.0010987
32.25,-0.00332
32.3,-0.0049515
32.35,-0.0057092
32.4,-0.0054532
32.45,-0.0042382
32.5,-0.0022874
32.55,6.7523e-05
32.6,0.0024154
32.65,0.0043498
32.7,0.0055572
32.75,0.0058349
32.8,0.0051383
32.85,0.0036005
32.9,0.0014713
32.95,-0.00090147
33,-0.0031247
33.05,-0.0048574
33.1,-0.0058271
33.15,-0.0058835
33.2,-0.0050385
33.25,-0.00342
33.3,-0.0012833
33.35,0.0010385
33.4,0.0032114
33.45,0.0049064
33.5,0.0058872
33.55,0.0060255
33.6,0.0053001
33.65,0.0038376
33.7,0.0018405
33.75,-0.00040619
33.8,-0.0025888
33.85,-0.0044258
33.9,-0.0056637
33.95,-0.0061616
34,-0.005857
34.05,-0.0048036
34.1,-0.00315
34.15,-0.0011032
34.2,0.0010647
34.25,0.0031018
34.3,0.004751
34.35,0.0058344
34.4,0.0062265
34.45,0.0058982
34.5,0.0048998
34.55,0.0033526
34.6,0.0014456
34.65,-0.00061466
34.7,-0.0025907
34.75,-0.0042863
34.8,-0.0055147
34.85,-0.0061724
34.9,-0.006189
34.95,-0.0055912
35,-0.0044362
35.05,-0.0028642
35.1,-0.0010208
35.15,0.00089778
35.2,0.002725
35.25,0.0042799
35.3,0.0054415
35.35,0.0061016
35.4,0.0062262
35.45,0.0058063
35.5,0.0048998
35.55,0.0035885
35.6,0.001994
35.65,0.00025364
35.7,-0.0014933
35.75,-0.0031013
35.8,-0.0044595
35.85,-0.0054578
35.9,-0.0060438
35.95,-0.0061731
36,-0.0058569
36.05,-0.0051262
36.1,-0.0040415
36.15,-0.002695
36.2,-0.0011745
36.25,0.00040119
36.3,0.0019361
36.35,0.0033277
36.4,0.0044885
36.45,0.0053609
36.5,0.0058876
36.55,0.0060561
36.6,0.0058629
36.65,0.0053259
36.7,0.0044953
36.75,0.0034165
36.8,0.0021626
36.85,0.0008093
36.9,-0.00057562
36.95,-0.0019081
37,-0.0031249
37.05,-0.0041699
37.1,-0.0049865
37.15,-0.0055489
37.2,-0.0058356
37.25,-0.0058346
37.3,-0.0055627
37.35,-0.0050369
37.4,-0.0042844
37.45,-0.0033536
37.5,-0.0022867
37.55,-0.0011308
37.6,5.4148e-05
37.65,0.0012215
37.7,0.0023263
37.75,0.0033177
37.8,0.0041621
37.85,0.0048339
37.9,0.0053051
37.95,0.005564
38,0.005612
38.05,0.0054476
38.1,0.0050811
38.15,0.0045373
38.2,0.0038377
38.25,0.0030069
38.3,0.0020829
38.35,0.0011006
38.4,8.9591e-05
38.45,-0.0009129
38.5,-0.0018694
38.55,-0.0027542
38.6,-0.0035416
38.65,-0.0042033
38.7,-0.0047218
38.75,-0.0050885
38.8,-0.0052926
38.85,-0.0053276
38.9,-0.0051999
38.95,-0.0049183
39,-0.0044899
39.05,-0.0039299
39.1,-0.0032617
39.15,-0.0025055
39.2,-0.0016809
39.25,-0.00081494
39.3,6.3491e-05
39.35,0.00093244
39.4,0.0017698
39.45,0.0025488
39.5,0.0032471
39.55,0.00385
39.6,0.0043427
39.65,0.0047089
39.7,0.00494
39.75,0.0050351
39.8,0.0049917
39.85,0.0048088
39.9,0.0044941
39.95,0.0040603
40,0.0035181
40.05,0.0028798
40.1,0.0021661
40.15,0.0013992
40.2,0.00059703
40.25,-0.00022014
40.3,-0.0010265
40.35,-0.0017989
40.4,-0.0025197
40.45,-0.0031695
40.5,-0.0037265
40.55,-0.0041758
40.6,-0.004508
40.65,-0.0047125
40.7,-0.0047798
40.75,-0.0047096
40.8,-0.0045061
40.85,-0.0041719
40.9,-0.0037139
40.95,-0.0031479
41,-0.0024912
41.05,-0.001759
41.1,-0.00097255
41.15,-0.00015894
41.2,0.0006586
41.25,0.0014581
41.3,0.002212
41.35,0.0028936
41.4,0.0034842
41.45,0.0039644
41.5,0.0043133
41.55,0.0045189
41.6,0.0045758
41.65,0.0044773
41.7,0.0042225
41.75,0.003822
41.8,0.0032873
41.85,0.0026315
41.9,0.001879
41.95,0.0010579
42,0.00019321
42.05,-0.00068259
42.1,-0.0015325
42.15,-0.0023267
42.2,-0.0030342
42.25,-0.0036207
42.3,-0.0040628
42.35,-0.0043419
42.4,-0.0044384
42.45,-0.0043468
42.5,-0.0040699
42.55,-0.0036116
42.6,-0.0029901
42.65,-0.0022331
42.7,-0.0013678
42.75,-0.00043424
42.8,0.0005222
42.85,0.0014609
42.9,0.0023323
42.95,0.0030904
43,0.0036989
43.05,0.0041184
43.1,0.0043244
43.15,0.0043037
43.2,0.0040472
43.25,0.003568
43.3,0.002887
43.35,0.0020351
43.4,0.0010632
43.45,2.1023e-05
43.5,-0.0010291
43.55,-0.0020213
43.6,-0.0028977
43.65,-0.0035948
43.7,-0.0040679
43.75,-0.00428
43.8,-0.0042085
43.85,-0.0038566
43.9,-0.0032358
43.95,-0.0023884
44,-0.0013655
44.05,-0.00023746
44.1,0.00091396
44.15,0.0020079
44.2,0.0029547
44.25,0.0036845
44.3,0.0041297
44.35,0.0042529
44.4,0.0040337
44.45,0.0034835
44.5,0.0026407
44.55,0.001568
44.6,0.00035506
44.65,-0.00089965
44.7,-0.0020812
44.75,-0.0030873
44.8,-0.0038163
44.85,-0.0042005
44.9,-0.0041901
44.95,-0.0037831
45,-0.0030042
45.05,-0.0019277
45.1,-0.00064849
45.15,0.00070249
45.2,0.0019939
45.25,0.0030843
45.3,0.0038597
45.35,0.0042249
45.4,0.0041365
45.45,0.0035901
45.5,0.0026407
45.55,0.0013847
45.6,-3.872e-05
45.65,-0.0014678
45.7,-0.0027356
45.75,-0.0036848
45.8,-0.0041981
45.85,-0.0041992
45.9,-0.0036826
45.95,-0.0026982
46,-0.0013655
46.05,0.00015265
46.1,0.0016626
46.15,0.0029627
46.2,0.0038795
46.25,0.0042775
46.3,0.0040963
46.35,0.0033484
46.4,0.0021268
46.45,0.00059822
46.5,-0.0010289
46.55,-0.002518
46.6,-0.0036511
46.65,-0.0042561
46.7,-0.0042301
46.75,-0.0035699
46.8,-0.0023625
46.85,-0.00078339
46.9,0.00092632
46.95,0.0025048
47,0.0036988
47.05,0.0043105
47.1,0.0042352
47.15,0.0034709
47.2,0.0021324
47.25,0.00043392
47.3,-0.0013504
47.35,-0.0029205
47.4,-0.0040058
47.45,-0.0044163
47.5,-0.0040696
47.55,-0.0030134
47.6,-0.0014247
47.65,0.00042596
47.7,0.002215
47.75,0.0036192
47.8,0.0043817
47.85,0.0043567
47.9,0.0035355
47.95,0.0020591
48,0.00019315
48.05,-0.0017222
48.1,-0.0033294
48.15,-0.0043197
48.2,-0.0044991
48.25,-0.0038244
48.3,-0.0024125
48.35,-0.00052607
48.4,0.0014736
48.45,0.0031998
48.5,0.0043133
48.55,0.0045868
48.6,0.0039565
48.65,0.002539
48.7,0.00060725
48.75,-0.0014597
48.8,-0.0032476
48.85,-0.0043926
48.9,-0.0046581
48.95,-0.0039818
49,-0.0024907
49.05,-0.00048121
49.1,0.0016387
49.15,0.0034353
49.2,0.004537
49.25,0.0047095
49.3,0.0039077
49.35,0.0022908
49.4,0.00018854
49.45,-0.0019666
49.5,-0.0037259
49.55,-0.0047176
49.6,-0.0047283
49.65,-0.0037495
49.7,-0.0019792
49.75,0.00021777
49.8,0.0023824
49.85,0.0040582
49.9,0.0048902
49.95,0.0046989
50,0.0035175
50.05,0.0015881
50.1,-0.00068682
50.15,-0.0028297
50.2,-0.0043902
50.25,-0.0050376
50.3,-0.0046305
50.35,-0.0032491
50.4,-0.0011796
50.45,0.0011476
50.5,0.0032478
50.55,0.0046815
50.6,0.0051462
50.65,0.0045424
50.7,0.0029926
50.75,0.0008147
50.8,-0.0015436
50.85,-0.0035955
50.9,-0.0049175
50.95,-0.0052378
51,-0.004489
51.05,-0.0028209
51.1,-0.00057141
51.15,0.0018036
51.2,0.0038252
51.25,0.0050868
51.3,0.0053348
51.35,0.0045185
51.4,0.0028009
51.45,0.00052212
51.5,-0.0018695
51.55,-0.0039045
51.6,-0.0051851
51.65,-0.0054641
51.7,-0.004689
51.75,-0.0030096
51.8,-0.00074882
51.85,0.0016616
51.9,0.003766
51.95,0.0051698
52,0.0056119
52.05,0.0050133
52.1,0.0034883
52.15,0.0013194
52.2,-0.0010962
52.25,-0.0033196
52.3,-0.0049526
52.35,-0.0057069
52.4,-0.0054524
52.45,-0.0042394
52.5,-0.0022852
52.55,6.8342e-05
52.6,0.0024142
52.65,0.0043521
52.7,0.0055578
52.75,0.0058339
52.8,0.0051408
52.85,0.0036005
52.9,0.0014708
52.95,-0.00089879
53,-0.0031255
53.05,-0.004857
53.1,-0.0058249
53.15,-0.0058849
53.2,-0.0050368
53.25,-0.0034189
53.3,-0.0012844
53.35,0.0010412
53.4,0.0032107
53.45,0.004907
53.5,0.0058891
53.55,0.006024
53.6,0.0053026
53.65,0.0038372
53.7,0.001841
53.75,-0.00040438
53.8,-0.0025902
53.85,-0.0044231
53.9,-0.0056647
53.95,-0.0061602
54,-0.0058563
54.05,-0.004804
54.1,-0.0031478
54.15,-0.0011046
54.2,0.0010674
54.25,0.0031006
54.3,0.0047529
54.35,0.0058341
54.4,0.0062273
54.45,0.005899
54.5,0.0048997
54.55,0.0033543
54.6,0.0014447
54.65,-0.00061241
54.7,-0.002592
54.75,-0.0042838
54.8,-0.0055162
54.85,-0.0061698
54.9,-0.0061906
54.95,-0.0055885
55,-0.0044377
55.05,-0.0028615
55.1,-0.0010223
55.15,0.00090039
55.2,0.0027235
55.25,0.0042824
55.3,0.0054402
55.35,0.0061038
55.4,0.0062253
55.45,0.005808
55.5,0.0048997
55.55,0.0035893
55.6,0.0019948
55.65,0.00025336
55.7,-0.0014915
55.75,-0.0031025
55.8,-0.0044569
55.85,-0.0054592
55.9,-0.0060417
55.95,-0.0061736
56,-0.0058563
56.05,-0.005125
56.1,-0.0040425
56.15,-0.0026925
56.2,-0.0011758
56.25,0.00040286
56.3,0.0019364
56.35,0.0033272
56.4,0.0044908
56.45,0.0053594
56.5,0.0058893
56.55,0.0060566
56.6,0.0058622
56.65,0.0053284
56.7,0.0044942
56.75,0.0034174
56.8,0.0021641
56.85,0.00080789
56.9,-0.0005736
56.95,-0.0019078
57,-0.0031257
57.05,-0.0041675
57.1,-0.0049871
57.15,-0.005549
57.2,-0.0058334
57.25,-0.0058356
57.3,-0.0055623
57.35,-0.0050349
57.4,-0.0042856
57.45,-0.003353
57.5,-0.0022848
57.55,-0.001132
57.6,5.4745e-05
57.65,0.0012235
57.7,0.0023252
57.75,0.003318
57.8,0.0041642
57.85,0.0048331
57.9,0.0053049
57.95,0.0055663
58,0.0056118
58.05,0.0054468
58.1,0.0050831
58.15,0.0045379
58.2,0.0038364
58.25,0.0030082
58.3,0.0020845
58.35,0.0010995
58.4,8.9715e-05
58.45,-0.00091076
58.5,-0.0018696
58.55,-0.0027552
58.6,-0.0035399
58.65,-0.0042021
58.7,-0.0047231
58.75,-0.0050883
58.8,-0.0052906
58.85,-0.0053276
58.9,-0.005201
58.95,-0.0049169
59,-0.0044885
59.05,-0.0039309
59.1,-0.003262
59.15,-0.0025036
59.2,-0.0016802
59.25,-0.00081619
59.3,6.4052e-05
59.35,0.00093439
59.4,0.0017696
59.45,0.0025478
59.5,0.0032483
59.55,0.0038516
59.6,0.004342
59.65,0.0047083
59.7,0.0049417
59.75,0.0050361
59.8,0.0049907
59.85,0.0048087
59.9,0.004496
59.95,0.0040609
60,0.0035169
60.05,0.0028803
60.1,0.002168
60.15,0.0013992
60.2,0.00059594
60.25,-0.00021916
60.3,-0.0010249
60.35,-0.0017995
60.4,-0.0025205
60.45,-0.003168
60.5,-0.0037253
60.55,-0.0041767
60.6,-0.0045082
60.65,-0.0047107
60.7,-0.0047792
60.75,-0.0047108
60.8,-0.0045056
60.85,-0.0041702
60.9,-0.0037141
60.95,-0.0031488
61,-0.00249
61.05,-0.0017578
61.1,-0.00097346
61.15,-0.00015909
61.2,0.00066035
61.25,0.0014583
61.3,0.0022109
61.35,0.0028945
61.4,0.0034856
61.45,0.0039636
61.5,0.0043131
61.55,0.0045207
61.6,0.004576
61.65,0.0044764
61.7,0.0042237
61.75,0.0038231
61.8,0.0032863
61.85,0.0026319
61.9,0.0018806
61.95,0.0010572
62,0.00019295
62.05,-0.0006809
62.1,-0.0015326
62.15,-0.0023274
62.2,-0.0030327
62.25,-0.0036205
62.3,-0.0040637
62.35,-0.0043405
62.4,-0.004438
62.45,-0.0043478
62.5,-0.0040686
62.55,-0.0036111
62.6,-0.002991
62.65,-0.0022318
62.7,-0.0013674
62.75,-0.00043506
62.8,0.00052373
62.85,0.0014609
62.9,0.0023318
62.95,0.003092
63,0.0036983
63.05,0.0041185
63.1,0.0043257
63.15,0.0043027
63.2,0.0040481
63.25,0.0035686
63.3,0.0028862
63.35,0.0020367
63.4,0.0010628
63.45,2.1229e-05
63.5,-0.001028
63.55,-0.0020223
63.6,-0.0028963
63.65,-0.0035951
63.7,-0.0040678
63.75,-0.0042789
63.8,-0.0042095
63.85,-0.0038551
63.9,-0.0032365
63.95,-0.0023877
64,-0.0013651
64.05,-0.00023786
64.1,0.0009153
64.15,0.0020068
64.2,0.0029563
64.25,0.0036837
64.3,0.0041308
64.35,0.0042527
64.4,0.0040341
64.45,0.003484
64.5,0.0026405
64.55,0.001569
64.6,0.00035438
64.65,-0.0008983
64.7,-0.0020822
64.75,-0.0030858
64.8,-0.0038174
64.85,-0.004199
64.9,-0.0041911
64.95,-0.0037815
65,-0.0030052
65.05,-0.0019261
65.1,-0.00064953
65.15,0.00070403
65.2,0.0019929
65.25,0.0030858
65.3,0.0038588
65.35,0.0042262
65.4,0.0041358
65.45,0.0035911
65.5,0.0026405
65.55,0.0013852
65.6,-3.8369e-05
65.65,-0.001468
65.7,-0.0027345
65.75,-0.0036856
65.8,-0.0041966
65.85,-0.0042002
65.9,-0.0036812
65.95,-0.0026986
66,-0.0013651
66.05,0.00015333
66.1,0.0016619
66.15,0.0029642
66.2,0.0038785
66.25,0.0042785
66.3,0.0040964
66.35,0.003348
66.4,0.0021281
66.45,0.00059717
66.5,-0.0010278
66.55,-0.0025178
66.6,-0.0036516
66.65,-0.0042545
66.7,-0.004231
66.75,-0.0035693
66.8,-0.0023617
66.85,-0.00078442
66.9,0.00092765
66.95,0.0025049
67,0.0036982
67.05,0.0043121
67.1,0.0042346
67.15,0.0034708
67.2,0.0021339
67.25,0.00043305
67.3,-0.0013501
67.35,-0.0029192
67.4,-0.0040068
67.45,-0.0044159
67.5,-0.0040683
67.55,-0.0030144
67.6,-0.0014243
67.65,0.00042728
67.7,0.0022141
67.75,0.0036193
67.8,0.0043831
67.85,0.0043559
67.9,0.0035353
67.95,0.0020607
68,0.00019282
68.05,-0.0017229
68.1,-0.0033279
68.15,-0.0043194
68.2,-0.0045002
68.25,-0.0038235
68.3,-0.0024114
68.35,-0.00052711
68.4,0.0014736
68.45,0.0032014
68.5,0.004313
68.55,0.004586
68.6,0.0039578
68.65,0.0025398
68.7,0.0006061
68.75,-0.0014595
68.8,-0.003246
68.85,-0.0043928
68.9,-0.0046591
68.95,-0.0039807
69,-0.0024895
69.05,-0.00048222
69.1,0.0016384
69.15,0.003437
69.2,0.0045374
69.25,0.0047082
69.3,0.0039082
69.35,0.0022925
69.4,0.00018821
69.45,-0.0019677
69.5,-0.0037249
69.55,-0.0047163
69.6,-0.0047292
69.65,-0.0037501
69.7,-0.0019777
69.75,0.00021862
69.8,0.0023812
69.85,0.004058
69.9,0.004892
69.95,0.0046992
70,0.0035162
70.05,0.0015884
70.1,-0.00068506
70.15,-0.0028299
70.2,-0.0043914
70.25,-0.0050366
70.3,-0.004629
70.35,-0.0032498
70.4,-0.0011805
70.45,0.0011491
70.5,0.0032489
70.55,0.0046803
70.6,0.0051459
70.65,0.0045442
70.7,0.002993
70.75,0.00081327
70.8,-0.0015431
70.85,-0.0035936
70.9,-0.004918
70.95,-0.005239
71,-0.0044876
71.05,-0.0028197
71.1,-0.00057267
71.15,0.0018034
71.2,0.0038271
71.25,0.0050869
71.3,0.0053334
71.35,0.0045195
71.4,0.0028024
71.45,0.00052092
71.5,-0.0018699
71.55,-0.0039025
71.6,-0.0051852
71.65,-0.0054655
71.7,-0.0046876
71.75,-0.0030085
71.8,-0.00075036
71.85,0.001662
71.9,0.0037678
71.95,0.0051687
72,0.0056114
72.05,0.0050153
72.1,0.0034879
72.15,0.0013183
72.2,-0.0010943
72.25,-0.0033195
72.3,-0.004954
72.35,-0.0057051
72.4,-0.005452
72.45,-0.004241
72.5,-0.0022835
72.55,6.8766e-05
72.6,0.0024127
72.65,0.0043539
72.7,0.005558
72.75,0.0058325
72.8,0.0051429
72.85,0.0036001
72.9,0.0014699
72.95,-0.00089658
73,-0.0031266
73.05,-0.004857
73.1,-0.005823
73.15,-0.0058867
73.2,-0.0050355
73.25,-0.0034183
73.3,-0.0012859
73.35,0.0010434
73.4,0.0032097
73.45,0.0049072
73.5,0.0058906
73.55,0.0060222
73.6,0.0053047
73.65,0.0038364
73.7,0.0018411
73.75,-0.00040293
73.8,-0.0025919
73.85,-0.0044208
73.9,-0.0056661
73.95,-0.0061592
74,-0.005856
74.05,-0.0048048
74.1,-0.0031459
74.15,-0.0011065
74.2,0.0010697
74.25,0.0030989
74.3,0.0047546
74.35,0.0058335
74.4,0.0062278
74.45,0.0058995
74.5,0.0048991
74.55,0.0033557
74.6,0.0014434
74.65,-0.00061041
74.7,-0.0025938
74.75,-0.0042815
74.8,-0.0055181
74.85,-0.0061674
74.9,-0.0061925
74.95,-0.0055861
75,-0.0044397
75.05,-0.0028591
75.1,-0.0010243
75.15,0.00090281
75.2,0.0027216
75.25,0.0042847
75.3,0.0054384
75.35,0.0061058
75.4,0.0062239
75.45,0.0058094
75.5,0.0048991
75.55,0.0035898
75.6,0.0019953
75.65,0.00025268
75.7,-0.0014898
75.75,-0.0031042
75.8,-0.0044545
75.85,-0.0054612
75.9,-0.0060397
75.95,-0.0061744
76,-0.0058559
76.05,-0.0051239
76.1,-0.004044
76.15,-0.0026901
76.2,-0.0011777
76.25,0.00040437
76.3,0.0019365
76.35,0.0033263
76.4,0.0044931
76.45,0.0053575
76.5,0.0058909
76.55,0.0060568
76.6,0.005861
76.65,0.0053308
76.7,0.0044926
76.75,0.003418
76.8,0.0021654
76.85,0.00080592
76.9,-0.00057164
76.95,-0.0019078
77,-0.0031269
77.05,-0.0041651
77.1,-0.0049882
77.15,-0.0055494
77.2,-0.0058311
77.25,-0.0058372
77.3,-0.0055622
77.35,-0.0050329
77.4,-0.0042873
77.45,-0.0033526
77.5,-0.0022829
77.55,-0.0011338
77.6,5.5107e-05
77.65,0.0012254
77.7,0.0023236
77.75,0.003318
77.8,0.0041664
77.85,0.0048319
77.9,0.0053043
77.95,0.0055686
78,0.0056112
78.05,0.0054454
78.1,0.0050851
78.15,0.0045383
78.2,0.0038345
78.25,0.0030093
78.3,0.002086
78.35,0.0010978
78.4,8.9543e-05
78.45,-0.00090852
78.5,-0.0018701
78.55,-0.0027567
78.6,-0.0035383
78.65,-0.0042009
78.7,-0.0047249
78.75,-0.0050883
78.8,-0.0052884
78.85,-0.0053281
78.9,-0.0052026
78.95,-0.0049156
79,-0.004487
79.05,-0.0039324
79.1,-0.0032626
79.15,-0.0025015
79.2,-0.0016798
79.25,-0.00081803
79.3,6.4436e-05
79.35,0.00093648
79.4,0.0017691
79.45,0.0025462
79.5,0.0032495
79.55,0.0038533
79.6,0.0043408
79.65,0.0047072
79.7,0.0049435
79.75,0.0050372
79.8,0.004989
79.85,0.0048083
79.9,0.004498
79.95,0.0040612
80,0.0035151
80.05,0.0028805
80.1,0.0021701
80.15,0.0013989
80.2,0.0005943
80.25,-0.00021823
80.3,-0.0010231
80.35,-0.0018004
80.4,-0.0025217
80.45,-0.0031665
80.5,-0.0037241
80.55,-0.0041782
80.6,-0.0045088
80.65,-0.0047088
80.7,-0.0047788
80.75,-0.0047125
80.8,-0.0045053
80.85,-0.0041682
80.9,-0.0037146
80.95,-0.0031503
81,-0.0024887
81.05,-0.0017565
81.1,-0.0009749
81.15,-0.00015955
81.2,0.00066232
81.25,0.0014584
81.3,0.0022092
81.35,0.0028955
81.4,0.0034871
81.45,0.0039623
81.5,0.0043126
81.55,0.0045226
81.6,0.0045759
81.65,0.0044748
81.7,0.004225
81.75,0.0038241
81.8,0.0032847
81.85,0.0026322
81.9,0.0018824
81.95,0.0010561
82,0.00019235
82.05,-0.00067895
82.1,-0.001533
82.15,-0.0023286
82.2,-0.0030309
82.25,-0.0036204
82.3,-0.0040652
82.35,-0.0043389
82.4,-0.0044376
82.45,-0.0043493
82.5,-0.0040671
82.55,-0.0036107
82.6,-0.0029926
82.65,-0.0022302
82.7,-0.0013673
82.75,-0.00043642
82.8,0.00052552
82.85,0.0014606
82.9,0.0023308
82.95,0.0030939
83,0.0036973
83.05,0.0041184
83.1,0.0043274
83.15,0.0043011
83.2,0.0040491
83.25,0.0035692
83.3,0.0028848
83.35,0.0020386
83.4,0.0010618
83.45,2.1257e-05
83.5,-0.0010267
83.55,-0.002024
83.6,-0.0028946
83.65,-0.0035958
83.7,-0.0040679
83.75,-0.0042776
83.8,-0.0042111
83.85,-0.0038532
83.9,-0.0032377
83.95,-0.0023869
84,-0.0013648
84.05,-0.00023868
84.1,0.00091691
84.15,0.0020052
84.2,0.0029582
84.25,0.0036823
84.3,0.004132
84.35,0.0042522
84.4,0.0040343
84.45,0.0034845
84.5,0.0026399
84.55,0.0015702
84.6,0.00035315
84.65,-0.00089664
84.7,-0.0020837
84.75,-0.0030839
84.8,-0.0038191
84.85,-0.004197
84.9,-0.0041929
84.95,-0.0037795
85,-0.003007
85.05,-0.0019241
85.1,-0.00065131
85.15,0.00070603
85.2,0.0019912
85.25,0.0030877
85.3,0.0038572
85.35,0.0042279
85.4,0.0041345
85.45,0.0035923
85.5,0.0026398
85.55,0.0013856
85.6,-3.8098e-05
85.65,-0.0014686
85.7,-0.0027332
85.75,-0.0036872
85.8,-0.0041946
85.85,-0.004202
85.9,-0.0036795
85.95,-0.0026995
86,-0.0013648
86.05,0.00015411
86.1,0.0016606
86.15,0.0029662
86.2,0.0038767
86.25,0.0042799
86.3,0.0040963
86.35,0.0033472
86.4,0.0021301
86.45,0.00059525
86.5,-0.0010264
86.55,-0.0025178
86.6,-0.0036527
86.65,-0.0042524
86.7,-0.0042326
86.75,-0.0035687
86.8,-0.0023606
86.85,-0.00078637
86.9,0.00092952
86.95,0.0025047
87,0.0036969
87.05,0.0043144
87.1,0.0042334
87.15,0.0034704
87.2,0.002136
87.25,0.00043133
87.3,-0.00135
87.35,-0.0029173
87.4,-0.0040087
87.45,-0.0044154
87.5,-0.0040665
87.55,-0.0030164
87.6,-0.0014239
87.65,0.00042924
87.7,0.0022121
87.75,0.0036194
87.8,0.0043854
87.85,0.0043543
87.9,0.0035347
87.95,0.0020632
88,0.00019196
88.05,-0.0017244
88.1,-0.0033256
88.15,-0.0043191
88.2,-0.0045025
88.25,-0.0038221
88.3,-0.0024097
88.35,-0.00052928
88.4,0.0014734
88.45,0.0032041
88.5,0.0043122
88.55,0.004584
88.6,0.0039599
88.65,0.002541
88.7,0.00060366
88.75,-0.0014595
88.8,-0.0032432
88.85,-0.0043936
88.9,-0.0046613
88.95,-0.0039789
89,-0.0024877
89.05,-0.00048444
89.1,0.0016375
89.15,0.0034398
89.2,0.0045378
89.25,0.0047055
89.3,0.0039087
89.35,0.0022953
89.4,0.00018723
89.45,-0.0019701
89.5,-0.0037231
89.55,-0.004714
89.6,-0.0047312
89.65,-0.0037518
89.7,-0.001975
89.75,0.00022
89.8,0.0023784
89.85,0.0040574
89.9,0.0048952
89.95,0.0046995
90,0.0035131
90.05,0.0015889
90.1,-0.00068176
90.15,-0.0028307
90.2,-0.0043943
90.25,-0.005035
90.3,-0.0046261
90.35,-0.0032518
90.4,-0.0011828
90.45,0.0011518
90.5,0.0032509
90.55,0.0046773
90.6,0.0051448
90.65,0.0045478
90.7,0.0029936
90.75,0.00080972
90.8,-0.0015425
90.85,-0.00359
90.9,-0.0049194
90.95,-0.005242
91,-0.004485
91.05,-0.0028173
91.1,-0.00057595
91.15,0.0018023
91.2,0.0038311
91.25,0.0050867
91.3,0.0053296
91.35,0.0045215
91.4,0.0028055
91.45,0.00051767
91.5,-0.0018712
91.55,-0.0038982
91.6,-0.0051858
91.65,-0.0054692
91.7,-0.0046847
91.75,-0.0030063
91.8,-0.00075457
91.85,0.0016626
91.9,0.0037719
91.95,0.0051656
92,0.0056098
92.05,0.0050201
92.1,0.0034863
92.15,0.0013152
92.2,-0.0010897
92.25,-0.0033197
92.3,-0.004958
92.35,-0.0057009
92.4,-0.0054515
92.45,-0.0042454
92.5,-0.0022794
92.55,6.9429e-05
92.6,0.0024082
92.65,0.0043583
92.7,0.005558
92.75,0.0058284
92.8,0.005148
92.85,0.0035987
92.9,0.001467
92.95,-0.00089099
93,-0.0031301
93.05,-0.0048575
93.1,-0.0058184
93.15,-0.0058921
93.2,-0.0050324
93.25,-0.003417
93.3,-0.0012905
93.35,0.0010493
93.4,0.0032061
93.45,0.0049073
93.5,0.0058945
93.55,0.0060164
93.6,0.0053104
93.65,0.0038335
93.7,0.0018407
93.75,-0.00039912
93.8,-0.0025976
93.85,-0.0044144
93.9,-0.0056709
93.95,-0.0061566
94,-0.0058554
94.05,-0.0048078
94.1,-0.0031405
94.15,-0.0011129
94.2,0.0010765
94.25,0.0030932
94.3,0.0047591
94.35,0.0058309
94.4,0.0062288
94.45,0.0059006
94.5,0.0048967
94.55,0.0033597
94.6,0.0014385
94.65,-0.00060446
94.7,-0.0026001
94.75,-0.0042745
94.8,-0.0055252
94.85,-0.00616
94.9,-0.0061999
94.95,-0.0055785
95,-0.0044472
95.05,-0.0028514
95.1,-0.0010318
95.15,0.00091052
95.2,0.0027142
95.25,0.0042921
95.3,0.0054316
95.35,0.0061123
95.4,0.0062186
95.45,0.0058139
95.5,0.0048963
95.55,0.0035909
95.6,0.0019964
95.65,0.00024966
95.7,-0.0014844
95.75,-0.0031111
95.8,-0.0044463
95.85,-0.0054691
95.9,-0.006033
95.95,-0.0061783
96,-0.0058552
96.05,-0.0051207
96.1,-0.0040503
96.15,-0.0026817
96.2,-0.0011855
96.25,0.0004095
96.3,0.001936
96.35,0.0033223
96.4,0.0045009
96.45,0.0053491
96.5,0.0058964
96.55,0.0060567
96.6,0.0058557
96.65,0.0053395
96.7,0.0044855
96.75,0.00342
96.8,0.00217
96.85,0.00079735
96.9,-0.00056439
96.95,-0.0019087
97,-0.0031327
97.05,-0.004156
97.1,-0.0049931
97.15,-0.0055519
97.2,-0.0058226
97.25,-0.0058444
97.3,-0.0055622
97.35,-0.0050253
97.4,-0.0042954
97.45,-0.0033515
97.5,-0.0022756
97.55,-0.0011421
97.6,5.6031e-05
97.65,0.0012331
97.7,0.0023158
97.75,0.0033175
97.8,0.0041751
97.85,0.0048255
97.9,0.0053011
97.95,0.0055781
98,0.0056078
98.05,0.0054389
98.1,0.0050936
98.15,0.0045394
98.2,0.0038254
98.25,0.0030141
98.3,0.0020923
98.35,0.0010894
98.4,8.8131e-05
98.45,-0.00089895
98.5,-0.0018732
98.55,-0.0027643
98.6,-0.0035312
98.65,-0.0041964
98.7,-0.0047339
98.75,-0.0050889
98.8,-0.0052787
98.85,-0.0053308
98.9,-0.0052109
98.95,-0.0049097
99,-0.0044805
99.05,-0.0039403
99.1,-0.0032664
99.15,-0.0024921
99.2,-0.0016784
99.25,-0.00082771
99.3,6.5691e-05
99.35,0.00094602
99.4,0.0017658
99.45,0.0025377
99.5,0.0032549
99.55,0.0038607
99.6,0.0043339
99.65,0.0047014
99.7,0.0049518
99.75,0.0050416
99.8,0.00498
99.85,0.0048057
99.9,0.0045079
99.95,0.0040623
100,0.0035052
100.05,0.0028814
100.1,0.0021801
100.15,0.0013965
100.2,0.00058499
100.25,-0.00021393
100.3,-0.0010145
100.35,-0.0018062
100.4,-0.0025289
100.45,-0.003159
100.5,-0.0037183
100.55,-0.004187
100.6,-0.0045125
100.65,-0.0046988
100.7,-0.0047773
100.75,-0.0047228
100.8,-0.0045041
100.85,-0.0041581
100.9,-0.0037184
100.95,-0.003159
101,-0.0024819
101.05,-0.0017499
101.1,-0.00098386
101.15,-0.00016282
101.2,0.00067291
101.25,0.0014579
101.3,0.002199
101.35,0.0029003
101.4,0.0034952
101.45,0.0039538
101.5,0.0043088
101.55,0.0045335
101.6,0.0045744
101.65,0.004465
101.7,0.0042321
101.75,0.0038299
101.8,0.003274
101.85,0.0026332
101.9,0.0018926
101.95,0.0010485
102,0.00018792
102.05,-0.00066746
102.1,-0.0015367
102.15,-0.0023367
102.2,-0.0030202
102.25,-0.0036208
102.3,-0.0040753
102.35,-0.0043293
