0,-0.0071566
0.05,-0.006411
0.1,-0.0046072
0.15,-0.0020609
0.2,0.00079746
0.25,0.0034964
0.3,0.0056018
0.35,0.0067855
0.4,0.0068749
0.45,0.0058753
0.5,0.0039635
0.55,0.0014546
0.6,-0.0012519
0.65,-0.0037363
0.7,-0.0056238
0.75,-0.0066398
0.8,-0.0066482
0.85,-0.0056667
0.9,-0.0038592
0.95,-0.0015066
1,0.0010384
1.05,0.0034048
1.1,0.005257
1.15,0.0063419
1.2,0.0065211
1.25,0.005787
1.3,0.0042589
1.35,0.0021622
1.4,-0.00020597
1.45,-0.0025196
1.5,-0.0044688
1.55,-0.0058004
1.6,-0.0063498
1.65,-0.0060594
1.7,-0.0049826
1.75,-0.0032731
1.8,-0.0011619
1.85,0.0010746
1.9,0.0031513
1.95,0.0048103
2,0.005852
2.05,0.0061584
2.1,0.0057043
2.15,0.0045582
2.2,0.0028707
2.25,0.00085412
2.3,-0.0012449
2.35,-0.0031756
2.4,-0.0047125
2.45,-0.0056815
2.5,-0.0059783
2.55,-0.0055787
2.6,-0.0045392
2.65,-0.0029884
2.7,-0.0011104
2.75,0.00087756
2.8,0.0027498
2.85,0.0042981
2.9,0.0053542
2.95,0.0058074
3,0.0056153
3.05,0.0048073
3.1,0.0034791
3.15,0.0017815
3.2,-9.7231e-05
3.25,-0.0019525
3.3,-0.0035852
3.35,-0.0048234
3.4,-0.0055391
3.45,-0.0056619
3.5,-0.0051847
3.55,-0.0041637
3.6,-0.0027109
3.65,-0.00098244
3.7,0.00083933
3.75,0.0025643
3.8,0.0040149
3.85,0.0050434
3.9,0.0055475
3.95,0.0054793
4,0.0048501
4.05,0.0037279
4.1,0.0022304
4.15,0.00051184
4.2,-0.0012523
4.25,-0.0028837
4.3,-0.0042188
4.35,-0.0051252
4.4,-0.0055142
4.45,-0.0053497
4.5,-0.0046508
4.55,-0.0034898
4.6,-0.0019841
4.65,-0.00028454
4.7,0.0014398
4.75,0.0030184
4.8,0.0042964
4.85,0.005149
4.9,0.005494
4.95,0.0052993
5,0.0045857
5.05,0.0034245
5.1,0.0019301
5.15,0.00024872
5.2,-0.0014558
5.25,-0.0030184
5.3,-0.0042883
5.35,-0.0051437
5.4,-0.0055031
5.45,-0.005333
5.5,-0.0046508
5.55,-0.0035229
5.6,-0.0020578
5.65,-0.00039554
5.7,0.0013054
5.75,0.0028837
5.8,0.0041904
5.85,0.0051025
5.9,0.0055349
5.95,0.0054478
6,0.0048501
6.05,0.0037984
6.1,0.0023914
6.15,0.00076006
6.2,-0.00094426
6.25,-0.0025643
6.3,-0.0039514
6.35,-0.0049789
6.4,-0.0055536
6.45,-0.005624
6.5,-0.0051847
6.55,-0.0042763
6.6,-0.0029813
6.65,-0.0014164
6.7,0.0002784
6.75,0.0019525
6.8,0.003458
6.85,0.0046632
6.9,0.0054632
6.95,0.0057896
7,0.0056153
7.05,0.0049569
7.1,0.0038721
7.15,0.0024546
7.2,0.00082542
7.25,-0.00087756
7.3,-0.0025117
7.35,-0.0039416
7.4,-0.0050499
7.45,-0.0057471
7.5,-0.0059783
7.55,-0.0057267
7.6,-0.0050148
7.65,-0.0039015
7.7,-0.0024768
7.75,-0.00085412
7.8,0.00083938
7.85,0.0024726
7.9,0.003921
7.95,0.0050758
8,0.005852
8.05,0.0061944
8.1,0.0060805
8.15,0.0055219
8.2,0.0045622
8.25,0.0032731
8.3,0.0017487
8.35,9.7972e-05
8.4,-0.0015633
8.45,-0.0031206
8.5,-0.0044688
8.55,-0.005519
8.6,-0.006204
8.65,-0.0064819
8.7,-0.0063385
8.75,-0.005787
8.8,-0.0048667
8.85,-0.003639
8.9,-0.0021835
8.95,-0.00059168
9,0.0010384
9.05,0.0026087
9.1,0.0040271
9.15,0.0052124
9.2,0.006099
9.25,0.0066398
9.3,0.0068084
9.35,0.0065999
9.4,0.0060301
9.45,0.005134
9.5,0.0039635
9.55,0.0025835
9.6,0.001068
9.65,-0.00050335
9.7,-0.0020505
9.75,-0.0034964
9.8,-0.0047711
9.85,-0.0058145
9.9,-0.0065793
9.95,-0.0070325
10,-0.0071566
10.05,-0.0069497
10.1,-0.0064251
10.15,-0.0056101
10.2,-0.0045442
10.25,-0.0032772
10.3,-0.0018664
10.35,-0.00037408
10.4,0.0011355
10.45,0.0025985
10.5,0.0039545
10.55,0.0051486
10.6,0.0061334
10.65,0.0068708
10.7,0.0073333
10.75,0.0075044
10.8,0.0073796
10.85,0.0069655
10.9,0.0062798
10.95,0.0053504
11,0.0042139
11.05,0.0029143
11.1,0.0015012
11.15,2.7902e-05
11.2,-0.0014503
11.25,-0.0028783
11.3,-0.0042033
11.35,-0.0053761
11.4,-0.0063535
11.45,-0.007099
11.5,-0.0075846
11.55,-0.0077917
11.6,-0.0077116
11.65,-0.0073458
11.7,-0.0067061
11.75,-0.0058145
11.8,-0.004702
11.85,-0.0034083
11.9,-0.0019799
11.95,-0.00046903
12,0.0010683
12.05,0.0025743
12.1,0.0039912
12.15,0.0052634
12.2,0.0063398
12.25,0.0071756
12.3,0.0077342
12.35,0.0079891
12.4,0.0079249
12.45,0.0075386
12.5,0.0068401
12.55,0.0058524
12.6,0.0046111
12.65,0.0031638
12.7,0.0015682
12.75,-0.00010939
12.8,-0.0017968
12.85,-0.0034186
12.9,-0.0048999
12.95,-0.0061688
13,-0.0071609
13.05,-0.0078222
13.1,-0.0081124
13.15,-0.0080076
13.2,-0.0075027
13.25,-0.0066129
13.3,-0.0053736
13.35,-0.0038404
13.4,-0.0020873
13.45,-0.00020334
13.5,0.0017107
13.55,0.0035477
13.6,0.0051999
13.65,0.0065655
13.7,0.0075547
13.75,0.0080966
13.8,0.0081445
13.85,0.007681
13.9,0.0067209
13.95,0.0053123
14,0.0035362
14.05,0.0015023
14.1,-0.00065572
14.15,-0.0027892
14.2,-0.0047437
14.25,-0.0063705
14.3,-0.0075383
14.35,-0.0081446
14.4,-0.0081259
14.45,-0.0074655
14.5,-0.0061982
14.55,-0.0044108
14.6,-0.002238
14.65,0.00014553
14.7,0.0025387
14.75,0.0047297
14.8,0.0065155
14.85,0.0077208
14.9,0.0082172
14.95,0.007938
15,0.0068895
15.05,0.0051547
15.1,0.0028894
15.15,0.00031098
15.2,-0.0023209
15.25,-0.0047297
15.3,-0.0066513
15.35,-0.0078639
15.4,-0.0082156
15.45,-0.0076459
15.5,-0.0061982
15.55,-0.0040203
15.6,-0.0013527
15.65,0.0014957
15.7,0.004182
15.75,0.0063705
15.8,0.007776
15.85,0.0082029
15.9,0.0075758
15.95,0.0059552
16,0.0035362
16.05,0.00062837
16.1,-0.0023814
16.15,-0.0050796
16.2,-0.0070834
16.25,-0.0080966
16.3,-0.0079568
16.35,-0.0066645
16.4,-0.00439
16.45,-0.001455
16.5,0.0017107
16.55,0.0046303
16.6,0.0068528
16.65,0.0080237
16.7,0.0079452
16.75,0.0066129
16.8,0.0042228
16.85,0.0011466
16.9,-0.0021244
16.95,-0.0050563
17,-0.0071609
17.05,-0.0080787
17.1,-0.0076433
17.15,-0.0059153
17.2,-0.0031774
17.25,0.00010939
17.3,0.0033814
17.35,0.0060693
17.4,0.0076984
17.45,0.0079744
17.5,0.0068401
17.55,0.0044891
17.6,0.0013356
17.65,-0.0020571
17.7,-0.0050773
17.75,-0.0071756
17.8,-0.0079667
17.85,-0.0073025
17.9,-0.0053011
17.95,-0.0023284
18,0.0010683
18.05,0.0042611
18.1,0.0066578
18.15,0.0078131
18.2,0.0075128
18.25,0.0058145
18.3,0.0030373
18.35,-0.00029766
18.4,-0.0035654
18.45,-0.0061551
18.5,-0.0075846
18.55,-0.0075913
18.6,-0.0061804
18.65,-0.0036225
18.7,-0.00040142
18.75,0.0028783
18.8,0.0056056
18.85,0.0072772
18.9,0.0075906
18.95,0.0064984
19,0.0042139
19.05,0.0011683
19.1,-0.0020719
19.15,-0.0049114
19.2,-0.0068358
19.25,-0.0075044
19.3,-0.0068097
19.35,-0.0048923
19.4,-0.0021112
19.45,0.0010256
19.5,0.0039545
19.55,0.0061589
19.6,0.0072591
19.65,0.007077
19.7,0.0056619
19.75,0.0032772
19.8,0.00034886
19.85,-0.0026123
19.9,-0.0051003
19.95,-0.0067003
20,-0.0071566
20.05,-0.006411
20.1,-0.0046072
20.15,-0.0020609
20.2,0.00079746
20.25,0.0034964
20.3,0.0056018
20.35,0.0067855
20.4,0.0068749
20.45,0.0058753
20.5,0.0039635
20.55,0.0014546
20.6,-0.0012519
20.65,-0.0037363
20.7,-0.0056238
20.75,-0.0066398
20.8,-0.0066482
20.85,-0.0056667
20.9,-0.0038592
20.95,-0.0015066
21,0.0010384
21.05,0.0034048
21.1,0.005257
21.15,0.0063419
21.2,0.0065211
21.25,0.005787
21.3,0.0042589
21.35,0.0021622
21.4,-0.00020597
21.45,-0.0025196
21.5,-0.0044688
21.55,-0.0058004
21.6,-0.0063498
21.65,-0.0060594
21.7,-0.0049826
21.75,-0.0032731
21.8,-0.0011619
21.85,0.0010746
21.9,0.0031513
21.95,0.0048103
22,0.005852
22.05,0.0061584
22.1,0.0057043
22.15,0.0045582
22.2,0.0028707
22.25,0.00085412
22.3,-0.0012449
22.35,-0.0031756
22.4,-0.0047125
22.45,-0.0056815
22.5,-0.0059783
22.55,-0.0055787
22.6,-0.0045392
22.65,-0.0029884
22.7,-0.0011104
22.75,0.00087756
22.8,0.0027498
22.85,0.0042981
22.9,0.0053542
22.95,0.0058074
23,0.0056153
23.05,0.0048073
23.1,0.0034791
23.15,0.0017815
23.2,-9.7231e-05
23.25,-0.0019525
23.3,-0.0035852
23.35,-0.0048234
23.4,-0.0055391
23.45,-0.0056619
23.5,-0.0051847
23.55,-0.0041637
23.6,-0.0027109
23.65,-0.00098244
23.7,0.00083933
23.75,0.0025643
23.8,0.0040149
23.85,0.0050434
23.9,0.0055475
23.95,0.0054793
24,0.0048501
24.05,0.0037279
24.1,0.0022304
24.15,0.00051184
24.2,-0.0012523
24.25,-0.0028837
24.3,-0.0042188
24.35,-0.0051252
24.4,-0.0055142
24.45,-0.0053497
24.5,-0.0046508
24.55,-0.0034898
24.6,-0.0019841
24.65,-0.00028454
24.7,0.0014398
24.75,0.0030184
24.8,0.0042964
24.85,0.005149
24.9,0.005494
24.95,0.0052993
25,0.0045857
25.05,0.0034245
25.1,0.0019301
25.15,0.00024872
25.2,-0.0014558
25.25,-0.0030184
25.3,-0.0042883
25.35,-0.0051437
25.4,-0.0055031
25.45,-0.005333
25.5,-0.0046508
25.55,-0.0035229
25.6,-0.0020578
25.65,-0.00039554
25.7,0.0013054
25.75,0.0028837
25.8,0.0041904
25.85,0.0051025
25.9,0.0055349
25.95,0.0054478
26,0.0048501
26.05,0.0037984
26.1,0.0023914
26.15,0.00076006
26.2,-0.00094426
26.25,-0.0025643
26.3,-0.0039514
26.35,-0.0049789
26.4,-0.0055536
26.45,-0.005624
26.5,-0.0051847
26.55,-0.0042763
26.6,-0.0029813
26.65,-0.0014164
26.7,0.0002784
26.75,0.0019525
26.8,0.003458
26.85,0.0046632
26.9,0.0054632
26.95,0.0057896
27,0.0056153
27.05,0.0049569
27.1,0.0038721
27.15,0.0024546
27.2,0.00082542
27.25,-0.00087756
27.3,-0.0025117
27.35,-0.0039416
27.4,-0.0050499
27.45,-0.0057471
27.5,-0.0059783
27.55,-0.0057267
27.6,-0.0050148
27.65,-0.0039015
27.7,-0.0024768
27.75,-0.00085412
27.8,0.00083938
27.85,0.0024726
27.9,0.003921
27.95,0.0050758
28,0.005852
28.05,0.0061944
28.1,0.0060805
28.15,0.0055219
28.2,0.0045622
28.25,0.0032731
28.3,0.0017487
28.35,9.7972e-05
28.4,-0.0015633
28.45,-0.0031206
28.5,-0.0044688
28.55,-0.005519
28.6,-0.006204
28.65,-0.0064819
28.7,-0.0063385
28.75,-0.005787
28.8,-0.0048667
28.85,-0.003639
28.9,-0.0021835
28.95,-0.00059168
29,0.0010384
29.05,0.0026087
29.1,0.0040271
29.15,0.0052124
29.2,0.006099
29.25,0.0066398
29.3,0.0068084
29.35,0.0065999
29.4,0.0060301
29.45,0.005134
29.5,0.0039635
29.55,0.0025835
29.6,0.001068
29.65,-0.00050335
29.7,-0.0020505
29.75,-0.0034964
29.8,-0.0047711
29.85,-0.0058145
29.9,-0.0065793
29.95,-0.0070325
30,-0.0071566
30.05,-0.0069497
30.1,-0.0064251
30.15,-0.0056101
30.2,-0.0045442
30.25,-0.0032772
30.3,-0.0018664
30.35,-0.00037408
30.4,0.0011355
30.45,0.0025985
30.5,0.0039545
30.55,0.0051486
30.6,0.0061334
30.65,0.0068708
30.7,0.0073333
30.75,0.0075044
30.8,0.0073796
30.85,0.0069655
30.9,0.0062798
30.95,0.0053504
31,0.0042139
31.05,0.0029143
31.1,0.0015012
31.15,2.7902e-05
31.2,-0.0014503
31.25,-0.0028783
31.3,-0.0042033
31.35,-0.0053761
31.4,-0.0063535
31.45,-0.007099
31.5,-0.0075846
31.55,-0.0077917
31.6,-0.0077116
31.65,-0.0073458
31.7,-0.0067061
31.75,-0.0058145
31.8,-0.004702
31.85,-0.0034083
31.9,-0.0019799
31.95,-0.00046903
32,0.0010683
32.05,0.0025743
32.1,0.0039912
32.15,0.0052634
32.2,0.0063398
32.25,0.0071756
32.3,0.0077342
32.35,0.0079891
32.4,0.0079249
32.45,0.0075386
32.5,0.0068401
32.55,0.0058524
32.6,0.0046111
32.65,0.0031638
32.7,0.0015682
32.75,-0.00010939
32.8,-0.0017968
32.85,-0.0034186
32.9,-0.0048999
32.95,-0.0061688
33,-0.0071609
33.05,-0.0078222
33.1,-0.0081124
33.15,-0.0080076
33.2,-0.0075027
33.25,-0.0066129
33.3,-0.0053736
33.35,-0.0038404
33.4,-0.0020873
33.45,-0.00020334
33.5,0.0017107
33.55,0.0035477
33.6,0.0051999
33.65,0.0065655
33.7,0.0075547
33.75,0.0080966
33.8,0.0081445
33.85,0.007681
33.9,0.0067209
33.95,0.0053123
34,0.0035362
34.05,0.0015023
34.1,-0.00065572
34.15,-0.0027892
34.2,-0.0047437
34.25,-0.0063705
34.3,-0.0075383
34.35,-0.0081446
34.4,-0.0081259
34.45,-0.0074655
34.5,-0.0061982
34.55,-0.0044108
34.6,-0.002238
34.65,0.00014553
34.7,0.0025387
34.75,0.0047297
34.8,0.0065155
34.85,0.0077208
34.9,0.0082172
34.95,0.007938
35,0.0068895
35.05,0.0051547
35.1,0.0028894
35.15,0.00031098
35.2,-0.0023209
35.25,-0.0047297
35.3,-0.0066513
35.35,-0.0078639
35.4,-0.0082156
35.45,-0.0076459
35.5,-0.0061982
35.55,-0.0040203
35.6,-0.0013527
35.65,0.0014957
35.7,0.004182
35.75,0.0063705
35.8,0.007776
35.85,0.0082029
35.9,0.0075758
35.95,0.0059552
36,0.0035362
36.05,0.00062837
36.1,-0.0023814
36.15,-0.0050796
36.2,-0.0070834
36.25,-0.0080966
36.3,-0.0079568
36.35,-0.0066645
36.4,-0.00439
36.45,-0.001455
36.5,0.0017107
36.55,0.0046303
36.6,0.0068528
36.65,0.0080237
36.7,0.0079452
36.75,0.0066129
36.8,0.0042228
36.85,0.0011466
36.9,-0.0021244
36.95,-0.0050563
37,-0.0071609
37.05,-0.0080787
37.1,-0.0076433
37.15,-0.0059153
37.2,-0.0031774
37.25,0.00010939
37.3,0.0033814
37.35,0.0060693
37.4,0.0076984
37.45,0.0079744
37.5,0.0068401
37.55,0.0044891
37.6,0.0013356
37.65,-0.0020571
37.7,-0.0050773
37.75,-0.0071756
37.8,-0.0079667
37.85,-0.0073025
37.9,-0.0053011
37.95,-0.0023284
38,0.0010683
38.05,0.0042611
38.1,0.0066578
38.15,0.0078131
38.2,0.0075128
38.25,0.0058145
38.3,0.0030373
38.35,-0.00029766
38.4,-0.0035654
38.45,-0.0061551
38.5,-0.0075846
38.55,-0.0075913
38.6,-0.0061804
38.65,-0.0036225
38.7,-0.00040142
38.75,0.0028783
38.8,0.0056056
38.85,0.0072772
38.9,0.0075906
38.95,0.0064984
39,0.0042139
39.05,0.0011683
39.1,-0.0020719
39.15,-0.0049114
39.2,-0.0068358
39.25,-0.0075044
39.3,-0.0068097
39.35,-0.0048923
39.4,-0.0021112
39.45,0.0010256
39.5,0.0039545
39.55,0.0061589
39.6,0.0072591
39.65,0.007077
39.7,0.0056619
39.75,0.0032772
39.8,0.00034886
39.85,-0.0026123
39.9,-0.0051003
39.95,-0.0067003
40,-0.0071566
40.05,-0.006411
40.1,-0.0046072
40.15,-0.0020609
40.2,0.00079746
40.25,0.0034964
40.3,0.0056018
40.35,0.0067855
40.4,0.0068749
40.45,0.0058753
40.5,0.0039635
40.55,0.0014546
40.6,-0.0012519
40.65,-0.0037363
40.7,-0.0056238
40.75,-0.0066398
40.8,-0.0066482
40.85,-0.0056667
40.9,-0.0038592
40.95,-0.0015066
41,0.0010384
41.05,0.0034048
41.1,0.005257
41.15,0.0063419
41.2,0.0065211
41.25,0.005787
41.3,0.0042589
41.35,0.0021622
41.4,-0.00020597
41.45,-0.0025196
41.5,-0.0044688
41.55,-0.0058004
41.6,-0.0063498
41.65,-0.0060594
41.7,-0.0049826
41.75,-0.0032731
41.8,-0.0011619
41.85,0.0010746
41.9,0.0031513
41.95,0.0048103
42,0.005852
42.05,0.0061584
42.1,0.0057043
42.15,0.0045582
42.2,0.0028707
42.25,0.00085412
42.3,-0.0012449
42.35,-0.0031756
42.4,-0.0047125
42.45,-0.0056815
42.5,-0.0059783
42.55,-0.0055787
42.6,-0.0045392
42.65,-0.0029884
42.7,-0.0011104
42.75,0.00087756
42.8,0.0027498
42.85,0.0042981
42.9,0.0053542
42.95,0.0058074
43,0.0056153
43.05,0.0048073
43.1,0.0034791
43.15,0.0017815
43.2,-9.7231e-05
43.25,-0.0019525
43.3,-0.0035852
43.35,-0.0048234
43.4,-0.0055391
43.45,-0.0056619
43.5,-0.0051847
43.55,-0.0041637
43.6,-0.0027109
43.65,-0.00098244
43.7,0.00083933
43.75,0.0025643
43.8,0.0040149
43.85,0.0050434
43.9,0.0055475
43.95,0.0054793
44,0.0048501
44.05,0.0037279
44.1,0.0022304
44.15,0.00051184
44.2,-0.0012523
44.25,-0.0028837
44.3,-0.0042188
44.35,-0.0051252
44.4,-0.0055142
44.45,-0.0053497
44.5,-0.0046508
44.55,-0.0034898
44.6,-0.0019841
44.65,-0.00028454
44.7,0.0014398
44.75,0.0030184
44.8,0.0042964
44.85,0.005149
44.9,0.005494
44.95,0.0052993
45,0.0045857
45.05,0.0034245
45.1,0.0019301
45.15,0.00024872
45.2,-0.0014558
45.25,-0.0030184
45.3,-0.0042883
45.35,-0.0051437
45.4,-0.0055031
45.45,-0.005333
45.5,-0.0046508
45.55,-0.0035229
45.6,-0.0020578
45.65,-0.00039554
45.7,0.0013054
45.75,0.0028837
45.8,0.0041904
45.85,0.0051025
45.9,0.0055349
45.95,0.0054478
46,0.0048501
46.05,0.0037984
46.1,0.0023914
46.15,0.00076006
46.2,-0.00094426
46.25,-0.0025643
46.3,-0.0039514
46.35,-0.0049789
46.4,-0.0055536
46.45,-0.005624
46.5,-0.0051847
46.55,-0.0042763
46.6,-0.0029813
46.65,-0.0014164
46.7,0.0002784
46.75,0.0019525
46.8,0.003458
46.85,0.0046632
46.9,0.0054632
46.95,0.0057896
47,0.0056153
47.05,0.0049569
47.1,0.0038721
47.15,0.0024546
47.2,0.00082542
47.25,-0.00087756
47.3,-0.0025117
47.35,-0.0039416
47.4,-0.0050499
47.45,-0.0057471
47.5,-0.0059783
47.55,-0.0057267
47.6,-0.0050148
47.65,-0.0039015
47.7,-0.0024768
47.75,-0.00085412
47.8,0.00083938
47.85,0.0024726
47.9,0.003921
47.95,0.0050758
48,0.005852
48.05,0.0061944
48.1,0.0060805
48.15,0.0055219
48.2,0.0045622
48.25,0.0032731
48.3,0.0017487
48.35,9.7972e-05
48.4,-0.0015633
48.45,-0.0031206
48.5,-0.0044688
48.55,-0.005519
48.6,-0.006204
48.65,-0.0064819
48.7,-0.0063385
48.75,-0.005787
48.8,-0.0048667
48.85,-0.003639
48.9,-0.0021835
48.95,-0.00059168
49,0.0010384
49.05,0.0026087
49.1,0.0040271
49.15,0.0052124
49.2,0.006099
49.25,0.0066398
49.3,0.0068084
49.35,0.0065999
49.4,0.0060301
49.45,0.005134
49.5,0.0039635
49.55,0.0025835
49.6,0.001068
49.65,-0.00050335
49.7,-0.0020505
49.75,-0.0034964
49.8,-0.0047711
49.85,-0.0058145
49.9,-0.0065793
49.95,-0.0070325
50,-0.0071566
50.05,-0.0069497
50.1,-0.0064251
50.15,-0.0056101
50.2,-0.0045442
50.25,-0.0032772
50.3,-0.0018664
50.35,-0.00037408
50.4,0.0011355
50.45,0.0025985
50.5,0.0039545
50.55,0.0051486
50.6,0.0061334
50.65,0.0068708
50.7,0.0073333
50.75,0.0075044
50.8,0.0073796
50.85,0.0069655
50.9,0.0062798
50.95,0.0053504
51,0.0042139
51.05,0.0029143
51.1,0.0015012
51.15,2.7902e-05
51.2,-0.0014503
51.25,-0.0028783
51.3,-0.0042033
51.35,-0.0053761
51.4,-0.0063535
51.45,-0.007099
51.5,-0.0075846
51.55,-0.0077917
51.6,-0.0077116
51.65,-0.0073458
51.7,-0.0067061
51.75,-0.0058145
51.8,-0.004702
51.85,-0.0034083
51.9,-0.0019799
51.95,-0.00046903
52,0.0010683
52.05,0.0025743
52.1,0.0039912
52.15,0.0052634
52.2,0.0063398
52.25,0.0071756
52.3,0.0077342
52.35,0.0079891
52.4,0.0079249
52.45,0.0075386
52.5,0.0068401
52.55,0.0058524
52.6,0.0046111
52.65,0.0031638
52.7,0.0015682
52.75,-0.00010939
52.8,-0.0017968
52.85,-0.0034186
52.9,-0.0048999
52.95,-0.0061688
53,-0.0071609
53.05,-0.0078222
53.1,-0.0081124
53.15,-0.0080076
53.2,-0.0075027
53.25,-0.0066129
53.3,-0.0053736
53.35,-0.0038404
53.4,-0.0020873
53.45,-0.00020334
53.5,0.0017107
53.55,0.0035477
53.6,0.0051999
53.65,0.0065655
53.7,0.0075547
53.75,0.0080966
53.8,0.0081445
53.85,0.007681
53.9,0.0067209
53.95,0.0053123
54,0.0035362
54.05,0.0015023
54.1,-0.00065572
54.15,-0.0027892
54.2,-0.0047437
54.25,-0.0063705
54.3,-0.0075383
54.35,-0.0081446
54.4,-0.0081259
54.45,-0.0074655
54.5,-0.0061982
54.55,-0.0044108
54.6,-0.002238
54.65,0.00014553
54.7,0.0025387
54.75,0.0047297
54.8,0.0065155
54.85,0.0077208
54.9,0.0082172
54.95,0.007938
55,0.0068895
55.05,0.0051547
55.1,0.0028894
55.15,0.00031098
55.2,-0.0023209
55.25,-0.0047297
55.3,-0.0066513
55.35,-0.0078639
55.4,-0.0082156
55.45,-0.0076459
55.5,-0.0061982
55.55,-0.0040203
55.6,-0.0013527
55.65,0.0014957
55.7,0.004182
55.75,0.0063705
55.8,0.007776
55.85,0.0082029
55.9,0.0075758
55.95,0.0059552
56,0.0035362
56.05,0.00062837
56.1,-0.0023814
56.15,-0.0050796
56.2,-0.0070834
56.25,-0.0080966
56.3,-0.0079568
56.35,-0.0066645
56.4,-0.00439
56.45,-0.001455
56.5,0.0017107
56.55,0.0046303
56.6,0.0068528
56.65,0.0080237
56.7,0.0079452
56.75,0.0066129
56.8,0.0042228
56.85,0.0011466
56.9,-0.0021244
56.95,-0.0050563
57,-0.0071609
57.05,-0.0080787
57.1,-0.0076433
57.15,-0.0059153
57.2,-0.0031774
57.25,0.00010939
57.3,0.0033814
57.35,0.0060693
57.4,0.0076984
57.45,0.0079744
57.5,0.0068401
57.55,0.0044891
57.6,0.0013356
57.65,-0.0020571
57.7,-0.0050773
57.75,-0.0071756
57.8,-0.0079667
57.85,-0.0073025
57.9,-0.0053011
57.95,-0.0023284
58,0.0010683
58.05,0.0042611
58.1,0.0066578
58.15,0.0078131
58.2,0.0075128
58.25,0.0058145
58.3,0.0030373
58.35,-0.00029766
58.4,-0.0035654
58.45,-0.0061551
58.5,-0.0075846
58.55,-0.0075913
58.6,-0.0061804
58.65,-0.0036225
58.7,-0.00040142
58.75,0.0028783
58.8,0.0056056
58.85,0.0072772
58.9,0.0075906
58.95,0.0064984
59,0.0042139
59.05,0.0011683
59.1,-0.0020719
59.15,-0.0049114
59.2,-0.0068358
59.25,-0.0075044
59.3,-0.0068097
59.35,-0.0048923
59.4,-0.0021112
59.45,0.0010256
59.5,0.0039545
59.55,0.0061589
59.6,0.0072591
59.65,0.007077
59.7,0.0056619
59.75,0.0032772
59.8,0.00034886
59.85,-0.0026123
59.9,-0.0051003
59.95,-0.0067003
60,-0.0071566
60.05,-0.006411
60.1,-0.0046072
60.15,-0.0020609
60.2,0.00079746
60.25,0.0034964
60.3,0.0056018
60.35,0.0067855
60.4,0.0068749
60.45,0.0058753
60.5,0.0039635
60.55,0.0014546
60.6,-0.0012519
60.65,-0.0037363
60.7,-0.0056238
60.75,-0.0066398
60.8,-0.0066482
60.85,-0.0056667
60.9,-0.0038592
60.95,-0.0015066
61,0.0010384
61.05,0.0034048
61.1,0.005257
61.15,0.0063419
61.2,0.0065211
61.25,0.005787
61.3,0.0042589
61.35,0.0021622
61.4,-0.00020597
61.45,-0.0025196
61.5,-0.0044688
61.55,-0.0058004
61.6,-0.0063498
61.65,-0.0060594
61.7,-0.0049826
61.75,-0.0032731
61.8,-0.0011619
61.85,0.0010746
61.9,0.0031513
61.95,0.0048103
62,0.005852
62.05,0.0061584
62.1,0.0057043
62.15,0.0045582
62.2,0.0028707
62.25,0.00085412
62.3,-0.0012449
62.35,-0.0031756
62.4,-0.0047125
62.45,-0.0056815
62.5,-0.0059783
62.55,-0.0055787
62.6,-0.0045392
62.65,-0.0029884
62.7,-0.0011104
62.75,0.00087756
62.8,0.0027498
62.85,0.0042981
62.9,0.0053542
62.95,0.0058074
63,0.0056153
63.05,0.0048073
63.1,0.0034791
63.15,0.0017815
63.2,-9.7231e-05
63.25,-0.0019525
63.3,-0.0035852
63.35,-0.0048234
63.4,-0.0055391
63.45,-0.0056619
63.5,-0.0051847
63.55,-0.0041637
63.6,-0.0027109
63.65,-0.00098244
63.7,0.00083933
63.75,0.0025643
63.8,0.0040149
63.85,0.0050434
63.9,0.0055475
63.95,0.0054793
64,0.0048501
64.05,0.0037279
64.1,0.0022304
64.15,0.00051184
64.2,-0.0012523
64.25,-0.0028837
64.3,-0.0042188
64.35,-0.0051252
64.4,-0.0055142
64.45,-0.0053497
64.5,-0.0046508
64.55,-0.0034898
64.6,-0.0019841
64.65,-0.00028454
64.7,0.0014398
64.75,0.0030184
64.8,0.0042964
64.85,0.005149
64.9,0.005494
64.95,0.0052993
65,0.0045857
65.05,0.0034245
65.1,0.0019301
65.15,0.00024872
65.2,-0.0014558
65.25,-0.0030184
65.3,-0.0042883
65.35,-0.0051437
65.4,-0.0055031
65.45,-0.005333
65.5,-0.0046508
65.55,-0.0035229
65.6,-0.0020578
65.65,-0.00039554
65.7,0.0013054
65.75,0.0028837
65.8,0.0041904
65.85,0.0051025
65.9,0.0055349
65.95,0.0054478
66,0.0048501
66.05,0.0037984
66.1,0.0023914
66.15,0.00076006
66.2,-0.00094426
66.25,-0.0025643
66.3,-0.0039514
66.35,-0.0049789
66.4,-0.0055536
66.45,-0.005624
66.5,-0.0051847
66.55,-0.0042763
66.6,-0.0029813
66.65,-0.0014164
66.7,0.0002784
66.75,0.0019525
66.8,0.003458
66.85,0.0046632
66.9,0.0054632
66.95,0.0057896
67,0.0056153
67.05,0.0049569
67.1,0.0038721
67.15,0.0024546
67.2,0.00082542
67.25,-0.00087756
67.3,-0.0025117
67.35,-0.0039416
67.4,-0.0050499
67.45,-0.0057471
67.5,-0.0059783
67.55,-0.0057267
67.6,-0.0050148
67.65,-0.0039015
67.7,-0.0024768
67.75,-0.00085412
67.8,0.00083938
67.85,0.0024726
67.9,0.003921
67.95,0.0050758
68,0.005852
68.05,0.0061944
68.1,0.0060805
68.15,0.0055219
68.2,0.0045622
68.25,0.0032731
68.3,0.0017487
68.35,9.7972e-05
68.4,-0.0015633
68.45,-0.0031206
68.5,-0.0044688
68.55,-0.005519
68.6,-0.006204
68.65,-0.0064819
68.7,-0.0063385
68.75,-0.005787
68.8,-0.0048667
68.85,-0.003639
68.9,-0.0021835
68.95,-0.00059168
69,0.0010384
69.05,0.0026087
69.1,0.0040271
69.15,0.0052124
69.2,0.006099
69.25,0.0066398
69.3,0.0068084
69.35,0.0065999
69.4,0.0060301
69.45,0.005134
69.5,0.0039635
69.55,0.0025835
69.6,0.001068
69.65,-0.00050335
69.7,-0.0020505
69.75,-0.0034964
69.8,-0.0047711
69.85,-0.0058145
69.9,-0.0065793
69.95,-0.0070325
70,-0.0071566
70.05,-0.0069497
70.1,-0.0064251
70.15,-0.0056101
70.2,-0.0045442
70.25,-0.0032772
70.3,-0.0018664
70.35,-0.00037408
70.4,0.0011355
70.45,0.0025985
70.5,0.0039545
70.55,0.0051486
70.6,0.0061334
70.65,0.0068708
70.7,0.0073333
70.75,0.0075044
70.8,0.0073796
70.85,0.0069655
70.9,0.0062798
70.95,0.0053504
71,0.0042139
71.05,0.0029143
71.1,0.0015012
71.15,2.7902e-05
71.2,-0.0014503
71.25,-0.0028783
71.3,-0.0042033
71.35,-0.0053761
71.4,-0.0063535
71.45,-0.007099
71.5,-0.0075846
71.55,-0.0077917
71.6,-0.0077116
71.65,-0.0073458
71.7,-0.0067061
71.75,-0.0058145
71.8,-0.004702
71.85,-0.0034083
71.9,-0.0019799
71.95,-0.00046903
72,0.0010683
72.05,0.0025743
72.1,0.0039912
72.15,0.0052634
72.2,0.0063398
72.25,0.0071756
72.3,0.0077342
72.35,0.0079891
72.4,0.0079249
72.45,0.0075386
72.5,0.0068401
72.55,0.0058524
72.6,0.0046111
72.65,0.0031638
72.7,0.0015682
72.75,-0.00010939
72.8,-0.0017968
72.85,-0.0034186
72.9,-0.0048999
72.95,-0.0061688
73,-0.0071609
73.05,-0.0078222
73.1,-0.0081124
73.15,-0.0080076
73.2,-0.0075027
73.25,-0.0066129
73.3,-0.0053736
73.35,-0.0038404
73.4,-0.0020873
73.45,-0.00020334
73.5,0.0017107
73.55,0.0035477
73.6,0.0051999
73.65,0.0065655
73.7,0.0075547
73.75,0.0080966
73.8,0.0081445
73.85,0.007681
73.9,0.0067209
73.95,0.0053123
74,0.0035362
74.05,0.0015023
74.1,-0.00065572
74.15,-0.0027892
74.2,-0.0047437
74.25,-0.0063705
74.3,-0.0075383
74.35,-0.0081446
74.4,-0.0081259
74.45,-0.0074655
74.5,-0.0061982
74.55,-0.0044108
74.6,-0.002238
74.65,0.00014553
74.7,0.0025387
74.75,0.0047297
74.8,0.0065155
74.85,0.0077208
74.9,0.0082172
74.95,0.007938
75,0.0068895
75.05,0.0051547
75.1,0.0028894
75.15,0.00031098
75.2,-0.0023209
75.25,-0.0047297
75.3,-0.0066513
75.35,-0.0078639
75.4,-0.0082156
75.45,-0.0076459
75.5,-0.0061982
75.55,-0.0040203
75.6,-0.0013527
75.65,0.0014957
75.7,0.004182
75.75,0.0063705
75.8,0.007776
75.85,0.0082029
75.9,0.0075758
75.95,0.0059552
76,0.0035362
76.05,0.00062837
76.1,-0.0023814
76.15,-0.0050796
76.2,-0.0070834
76.25,-0.0080966
76.3,-0.0079568
76.35,-0.0066645
76.4,-0.00439
76.45,-0.001455
76.5,0.0017107
76.55,0.0046303
76.6,0.0068528
76.65,0.0080237
76.7,0.0079452
76.75,0.0066129
76.8,0.0042228
76.85,0.0011466
76.9,-0.0021244
76.95,-0.0050563
77,-0.0071609
77.05,-0.0080787
77.1,-0.0076433
77.15,-0.0059153
77.2,-0.0031774
77.25,0.00010939
77.3,0.0033814
77.35,0.0060693
77.4,0.0076984
77.45,0.0079744
77.5,0.0068401
77.55,0.0044891
77.6,0.0013356
77.65,-0.0020571
77.7,-0.0050773
77.75,-0.0071756
77.8,-0.0079667
77.85,-0.0073025
77.9,-0.0053011
77.95,-0.0023284
78,0.0010683
78.05,0.0042611
78.1,0.0066578
78.15,0.0078131
78.2,0.0075128
78.25,0.0058145
78.3,0.0030373
78.35,-0.00029766
78.4,-0.0035654
78.45,-0.0061551
78.5,-0.0075846
78.55,-0.0075913
78.6,-0.0061804
78.65,-0.0036225
78.7,-0.00040142
78.75,0.0028783
78.8,0.0056056
78.85,0.0072772
78.9,0.0075906
78.95,0.0064984
79,0.0042139
79.05,0.0011683
79.1,-0.0020719
79.15,-0.0049114
79.2,-0.0068358
79.25,-0.0075044
79.3,-0.0068097
79.35,-0.0048923
79.4,-0.0021112
79.45,0.0010256
79.5,0.0039545
79.55,0.0061589
79.6,0.0072591
79.65,0.007077
79.7,0.0056619
79.75,0.0032772
79.8,0.00034886
79.85,-0.0026123
79.9,-0.0051003
79.95,-0.0067003
80,-0.0071566
80.05,-0.006411
80.1,-0.0046072
80.15,-0.0020609
80.2,0.00079746
80.25,0.0034964
80.3,0.0056018
80.35,0.0067855
80.4,0.0068749
80.45,0.0058753
80.5,0.0039635
80.55,0.0014546
80.6,-0.0012519
80.65,-0.0037363
80.7,-0.0056238
80.75,-0.0066398
80.8,-0.0066482
80.85,-0.0056667
80.9,-0.0038592
80.95,-0.0015066
81,0.0010384
81.05,0.0034048
81.1,0.005257
81.15,0.0063419
81.2,0.0065211
81.25,0.005787
81.3,0.0042589
81.35,0.0021622
81.4,-0.00020597
81.45,-0.0025196
81.5,-0.0044688
81.55,-0.0058004
81.6,-0.0063498
81.65,-0.0060594
81.7,-0.0049826
81.75,-0.0032731
81.8,-0.0011619
81.85,0.0010746
81.9,0.0031513
81.95,0.0048103
82,0.005852
82.05,0.0061584
82.1,0.0057043
82.15,0.0045582
82.2,0.0028707
82.25,0.00085412
82.3,-0.0012449
82.35,-0.0031756
82.4,-0.0047125
82.45,-0.0056815
82.5,-0.0059783
82.55,-0.0055787
82.6,-0.0045392
82.65,-0.0029884
82.7,-0.0011104
82.75,0.00087756
82.8,0.0027498
82.85,0.0042981
82.9,0.0053542
82.95,0.0058074
83,0.0056153
83.05,0.0048073
83.1,0.0034791
83.15,0.0017815
83.2,-9.7231e-05
83.25,-0.0019525
83.3,-0.0035852
83.35,-0.0048234
83.4,-0.0055391
83.45,-0.0056619
83.5,-0.0051847
83.55,-0.0041637
83.6,-0.0027109
83.65,-0.00098244
83.7,0.00083933
83.75,0.0025643
83.8,0.0040149
83.85,0.0050434
83.9,0.0055475
83.95,0.0054793
84,0.0048501
84.05,0.0037279
84.1,0.0022304
84.15,0.00051184
84.2,-0.0012523
84.25,-0.0028837
84.3,-0.0042188
84.35,-0.0051252
84.4,-0.0055142
84.45,-0.0053497
84.5,-0.0046508
84.55,-0.0034898
84.6,-0.0019841
84.65,-0.00028454
84.7,0.0014398
84.75,0.0030184
84.8,0.0042964
84.85,0.005149
84.9,0.005494
84.95,0.0052993
85,0.0045857
85.05,0.0034245
85.1,0.0019301
85.15,0.00024872
85.2,-0.0014558
85.25,-0.0030184
85.3,-0.0042883
85.35,-0.0051437
85.4,-0.0055031
85.45,-0.005333
85.5,-0.0046508
85.55,-0.0035229
85.6,-0.0020578
85.65,-0.00039554
85.7,0.0013054
85.75,0.0028837
85.8,0.0041904
85.85,0.0051025
85.9,0.0055349
85.95,0.0054478
86,0.0048501
86.05,0.0037984
86.1,0.0023914
86.15,0.00076006
86.2,-0.00094426
86.25,-0.0025643
86.3,-0.0039514
86.35,-0.0049789
86.4,-0.0055536
86.45,-0.005624
86.5,-0.0051847
86.55,-0.0042763
86.6,-0.0029813
86.65,-0.0014164
86.7,0.0002784
86.75,0.0019525
86.8,0.003458
86.85,0.0046632
86.9,0.0054632
86.95,0.0057896
87,0.0056153
87.05,0.0049569
87.1,0.0038721
87.15,0.0024546
87.2,0.00082542
87.25,-0.00087756
87.3,-0.0025117
87.35,-0.0039416
87.4,-0.0050499
87.45,-0.0057471
87.5,-0.0059783
87.55,-0.0057267
87.6,-0.0050148
87.65,-0.0039015
87.7,-0.0024768
87.75,-0.00085412
87.8,0.00083938
87.85,0.0024726
87.9,0.003921
87.95,0.0050758
88,0.005852
88.05,0.0061944
88.1,0.0060805
88.15,0.0055219
88.2,0.0045622
88.25,0.0032731
88.3,0.0017487
88.35,9.7972e-05
88.4,-0.0015633
88.45,-0.0031206
88.5,-0.0044688
88.55,-0.005519
88.6,-0.006204
88.65,-0.0064819
88.7,-0.0063385
88.75,-0.005787
88.8,-0.0048667
88.85,-0.003639
88.9,-0.0021835
88.95,-0.00059168
89,0.0010384
89.05,0.0026087
89.1,0.0040271
89.15,0.0052124
89.2,0.006099
89.25,0.0066398
89.3,0.0068084
89.35,0.0065999
89.4,0.0060301
89.45,0.005134
89.5,0.0039635
89.55,0.0025835
89.6,0.001068
89.65,-0.00050335
89.7,-0.0020505
89.75,-0.0034964
89.8,-0.0047711
89.85,-0.0058145
89.9,-0.0065793
89.95,-0.0070325
90,-0.0071566
90.05,-0.0069497
90.1,-0.0064251
90.15,-0.0056101
90.2,-0.0045442
90.25,-0.0032772
90.3,-0.0018664
90.35,-0.00037408
90.4,0.0011355
90.45,0.0025985
90.5,0.0039545
90.55,0.0051486
90.6,0.0061334
90.65,0.0068708
90.7,0.0073333
90.75,0.0075044
90.8,0.0073796
90.85,0.0069655
90.9,0.0062798
90.95,0.0053504
91,0.0042139
91.05,0.0029143
91.1,0.0015012
91.15,2.7902e-05
91.2,-0.0014503
91.25,-0.0028783
91.3,-0.0042033
91.35,-0.0053761
91.4,-0.0063535
91.45,-0.007099
91.5,-0.0075846
91.55,-0.0077917
91.6,-0.0077116
91.65,-0.0073458
91.7,-0.0067061
91.75,-0.0058145
91.8,-0.004702
91.85,-0.0034083
91.9,-0.0019799
91.95,-0.00046903
92,0.0010683
92.05,0.0025743
92.1,0.0039912
92.15,0.0052634
92.2,0.0063398
92.25,0.0071756
92.3,0.0077342
92.35,0.0079891
92.4,0.0079249
92.45,0.0075386
92.5,0.0068401
92.55,0.0058524
92.6,0.0046111
92.65,0.0031638
92.7,0.0015682
92.75,-0.00010939
92.8,-0.0017968
92.85,-0.0034186
92.9,-0.0048999
92.95,-0.0061688
93,-0.0071609
93.05,-0.0078222
93.1,-0.0081124
93.15,-0.0080076
93.2,-0.0075027
93.25,-0.0066129
93.3,-0.0053736
93.35,-0.0038404
93.4,-0.0020873
93.45,-0.00020334
93.5,0.0017107
93.55,0.0035477
93.6,0.0051999
93.65,0.0065655
93.7,0.0075547
93.75,0.0080966
93.8,0.0081445
93.85,0.007681
93.9,0.0067209
93.95,0.0053123
94,0.0035362
94.05,0.0015023
94.1,-0.00065572
94.15,-0.0027892
94.2,-0.0047437
94.25,-0.0063705
94.3,-0.0075383
94.35,-0.0081446
94.4,-0.0081259
94.45,-0.0074655
94.5,-0.0061982
94.55,-0.0044108
94.6,-0.002238
94.65,0.00014553
94.7,0.0025387
94.75,0.0047297
94.8,0.0065155
94.85,0.0077208
94.9,0.0082172
94.95,0.007938
95,0.0068895
95.05,0.0051547
95.1,0.0028894
95.15,0.00031098
95.2,-0.0023209
95.25,-0.0047297
95.3,-0.0066513
95.35,-0.0078639
95.4,-0.0082156
95.45,-0.0076459
95.5,-0.0061982
95.55,-0.0040203
95.6,-0.0013527
95.65,0.0014957
95.7,0.004182
95.75,0.0063705
95.8,0.007776
95.85,0.0082029
95.9,0.0075758
95.95,0.0059552
96,0.0035362
96.05,0.00062837
96.1,-0.0023814
96.15,-0.0050796
96.2,-0.0070834
96.25,-0.0080966
96.3,-0.0079568
96.35,-0.0066645
96.4,-0.00439
96.45,-0.001455
96.5,0.0017107
96.55,0.0046303
96.6,0.0068528
96.65,0.0080237
96.7,0.0079452
96.75,0.0066129
96.8,0.0042228
96.85,0.0011466
96.9,-0.0021244
96.95,-0.0050563
97,-0.0071609
97.05,-0.0080787
97.1,-0.0076433
97.15,-0.0059153
97.2,-0.0031774
97.25,0.00010939
97.3,0.0033814
97.35,0.0060693
97.4,0.0076984
97.45,0.0079744
97.5,0.0068401
97.55,0.0044891
97.6,0.0013356
97.65,-0.0020571
97.7,-0.0050773
97.75,-0.0071756
97.8,-0.0079667
97.85,-0.0073025
97.9,-0.0053011
97.95,-0.0023284
98,0.0010683
98.05,0.0042611
98.1,0.0066578
98.15,0.0078131
98.2,0.0075128
98.25,0.0058145
98.3,0.0030373
98.35,-0.00029766
98.4,-0.0035654
98.45,-0.0061551
98.5,-0.0075846
98.55,-0.0075913
98.6,-0.0061804
98.65,-0.0036225
98.7,-0.00040142
98.75,0.0028783
98.8,0.0056056
98.85,0.0072772
98.9,0.0075906
98.95,0.0064984
99,0.0042139
99.05,0.0011683
99.1,-0.0020719
99.15,-0.0049114
99.2,-0.0068358
99.25,-0.0075044
99.3,-0.0068097
99.35,-0.0048923
99.4,-0.0021112
99.45,0.0010256
99.5,0.0039545
99.55,0.0061589
99.6,0.0072591
99.65,0.007077
99.7,0.0056619
99.75,0.0032772
99.8,0.00034886
99.85,-0.0026123
99.9,-0.0051003
99.95,-0.0067003
100,-0.0071566
100.05,-0.006411
100.1,-0.0046072
100.15,-0.0020609
100.2,0.00079746
100.25,0.0034964
100.3,0.0056018
100.35,0.0067855
100.4,0.0068749
100.45,0.0058753
100.5,0.0039635
100.55,0.0014546
100.6,-0.0012519
100.65,-0.0037363
100.7,-0.0056238
100.75,-0.0066398
100.8,-0.0066482
100.85,-0.0056667
100.9,-0.0038592
100.95,-0.0015066
101,0.0010384
101.05,0.0034048
101.1,0.005257
101.15,0.0063419
101.2,0.0065211
101.25,0.005787
101.3,0.0042589
101.35,0.0021622
101.4,-0.00020597
101.45,-0.0025196
101.5,-0.0044688
101.55,-0.0058004
101.6,-0.0063498
101.65,-0.0060594
101.7,-0.0049826
101.75,-0.0032731
101.8,-0.0011619
101.85,0.0010746
101.9,0.0031513
101.95,0.0048103
102,0.005852
102.05,0.0061584
102.1,0.0057043
102.15,0.0045582
102.2,0.0028707
102.25,0.00085412
102.3,-0.0012449
102.35,-0.0031756
