0,0.0035176
0.05,0.0022495
0.1,0.00076614
0.15,-0.00078721
0.2,-0.0022605
0.25,-0.0035135
0.3,-0.0044287
0.35,-0.0049225
0.4,-0.0049518
0.45,-0.0045177
0.5,-0.0036646
0.55,-0.0024749
0.6,-0.0010609
0.65,0.00044607
0.7,0.0019079
0.75,0.0031926
0.8,0.0041855
0.85,0.0048001
0.9,0.0049844
0.95,0.0047253
1,0.0040492
1.05,0.0030187
1.1,0.0017267
1.15,0.00028769
1.2,-0.0011722
1.25,-0.0025268
1.3,-0.00366
1.35,-0.0044761
1.4,-0.0049075
1.45,-0.0049199
1.5,-0.0045148
1.55,-0.0037288
1.6,-0.0026304
1.65,-0.0013134
1.7,0.00011053
1.75,0.0015221
1.8,0.0028037
1.85,0.0038494
1.9,0.0045736
1.95,0.0049176
2,0.0048545
2.05,0.0043909
2.1,0.0035664
2.15,0.0024497
2.2,0.0011335
2.25,-0.00027391
2.3,-0.0016569
2.35,-0.0029022
2.4,-0.0039081
2.45,-0.0045927
2.5,-0.0049002
2.55,-0.0048059
2.6,-0.0043177
2.65,-0.0034757
2.7,-0.002349
2.75,-0.0010299
2.8,0.00037315
2.85,0.001745
2.9,0.0029726
2.95,0.0039544
3,0.0046091
3.05,0.0048818
3.1,0.004749
3.15,0.004221
3.2,0.0033407
3.25,0.0021807
3.3,0.00083724
3.35,-0.00057732
3.4,-0.0019441
3.45,-0.0031472
3.5,-0.0040842
3.55,-0.004674
3.6,-0.0048649
3.65,-0.0046386
3.7,-0.0040126
3.75,-0.0030389
3.8,-0.0018003
3.85,-0.00040308
3.9,0.0010313
3.95,0.0023772
4,0.0035154
4.05,0.0043436
4.1,0.0047863
4.15,0.0048015
4.2,0.004385
4.25,0.0035715
4.3,0.0024324
4.35,0.001069
4.4,-0.00039505
4.45,-0.0018258
4.5,-0.0030905
4.55,-0.0040703
4.6,-0.0046716
4.65,-0.004835
4.7,-0.0045419
4.75,-0.0038166
4.8,-0.0027252
4.85,-0.0013695
4.9,0.00012154
4.95,0.0016045
5,0.0029347
5.05,0.0039807
5.1,0.0046373
5.15,0.0048363
5.2,0.0045546
5.25,0.0038166
5.3,0.002693
5.35,0.0012943
5.4,-0.00023949
5.45,-0.0017529
5.5,-0.0030905
5.55,-0.0041132
5.6,-0.0047127
5.65,-0.0048236
5.7,-0.0044307
5.75,-0.0035715
5.8,-0.0023335
5.85,-0.00084502
5.9,0.00073723
5.95,0.0022448
6,0.0035154
6.05,0.0044105
6.1,0.0048307
6.15,0.0047275
6.2,0.0041087
6.25,0.0030389
6.3,0.0016328
6.35,4.3472e-05
6.4,-0.0015544
6.45,-0.0029837
6.5,-0.0040842
6.55,-0.0047314
6.6,-0.0048505
6.65,-0.0044255
6.7,-0.0035015
6.75,-0.0021807
6.8,-0.00061055
6.85,0.0010319
6.9,0.0025603
6.95,0.0038002
7,0.0046091
7.05,0.0048931
7.1,0.0046179
7.15,0.0038133
7.2,0.0025701
7.25,0.0010299
7.3,-0.0006308
7.35,-0.0022213
7.4,-0.0035583
7.45,-0.0044871
7.5,-0.0049002
7.55,-0.0047492
7.6,-0.0040508
7.65,-0.0028851
7.7,-0.001386
7.75,0.00027391
7.8,0.0019035
7.85,0.0033153
7.9,0.004347
7.95,0.0048803
8,0.0048545
8.05,0.0042729
8.1,0.0032028
8.15,0.001767
8.2,0.00012985
8.25,-0.0015221
8.3,-0.0030012
8.35,-0.0041403
8.4,-0.0048116
8.45,-0.0049407
8.5,-0.0045148
8.55,-0.0035834
8.6,-0.0022523
8.65,-0.00067142
8.7,0.00098274
8.75,0.0025268
8.8,0.0037909
8.85,0.0046373
8.9,0.0049756
8.95,0.0047712
9,0.0040492
9.05,0.0028905
9.1,0.0014224
9.15,-0.00019585
9.2,-0.0017906
9.25,-0.0031926
9.3,-0.0042545
9.35,-0.0048668
9.4,-0.0049684
9.45,-0.004552
9.5,-0.0036646
9.55,-0.0024011
9.6,-0.00089387
9.65,0.00070118
9.7,0.0022213
9.75,0.0035135
9.8,0.0044494
9.85,0.0049384
9.9,0.0049352
9.95,0.0044442
10,0.0035176
10.05,0.0022495
10.1,0.00076614
10.15,-0.00078721
10.2,-0.0022605
10.25,-0.0035135
10.3,-0.0044287
10.35,-0.0049225
10.4,-0.0049518
10.45,-0.0045177
10.5,-0.0036646
10.55,-0.0024749
10.6,-0.0010609
10.65,0.00044607
10.7,0.0019079
10.75,0.0031926
10.8,0.0041855
10.85,0.0048001
10.9,0.0049844
10.95,0.0047253
11,0.0040492
11.05,0.0030187
11.1,0.0017267
11.15,0.00028769
11.2,-0.0011722
11.25,-0.0025268
11.3,-0.00366
11.35,-0.0044761
11.4,-0.0049075
11.45,-0.0049199
11.5,-0.0045148
11.55,-0.0037288
11.6,-0.0026304
11.65,-0.0013134
11.7,0.00011053
11.75,0.0015221
11.8,0.0028037
11.85,0.0038494
11.9,0.0045736
11.95,0.0049176
12,0.0048545
12.05,0.0043909
12.1,0.0035664
12.15,0.0024497
12.2,0.0011335
12.25,-0.00027391
12.3,-0.0016569
12.35,-0.0029022
12.4,-0.0039081
12.45,-0.0045927
12.5,-0.0049002
12.55,-0.0048059
12.6,-0.0043177
12.65,-0.0034757
12.7,-0.002349
12.75,-0.0010299
12.8,0.00037315
12.85,0.001745
12.9,0.0029726
12.95,0.0039544
13,0.0046091
13.05,0.0048818
13.1,0.004749
13.15,0.004221
13.2,0.0033407
13.25,0.0021807
13.3,0.00083724
13.35,-0.00057732
13.4,-0.0019441
13.45,-0.0031472
13.5,-0.0040842
13.55,-0.004674
13.6,-0.0048649
13.65,-0.0046386
13.7,-0.0040126
13.75,-0.0030389
13.8,-0.0018003
13.85,-0.00040308
13.9,0.0010313
13.95,0.0023772
14,0.0035154
14.05,0.0043436
14.1,0.0047863
14.15,0.0048015
14.2,0.004385
14.25,0.0035715
14.3,0.0024324
14.35,0.001069
14.4,-0.00039505
14.45,-0.0018258
14.5,-0.0030905
14.55,-0.0040703
14.6,-0.0046716
14.65,-0.004835
14.7,-0.0045419
14.75,-0.0038166
14.8,-0.0027252
14.85,-0.0013695
14.9,0.00012154
14.95,0.0016045
15,0.0029347
15.05,0.0039807
15.1,0.0046373
15.15,0.0048363
15.2,0.0045546
15.25,0.0038166
15.3,0.002693
15.35,0.0012943
15.4,-0.00023949
15.45,-0.0017529
15.5,-0.0030905
15.55,-0.0041132
15.6,-0.0047127
15.65,-0.0048236
15.7,-0.0044307
15.75,-0.0035715
15.8,-0.0023335
15.85,-0.00084502
15.9,0.00073723
15.95,0.0022448
16,0.0035154
16.05,0.0044105
16.1,0.0048307
16.15,0.0047275
16.2,0.0041087
16.25,0.0030389
16.3,0.0016328
16.35,4.3472e-05
16.4,-0.0015544
16.45,-0.0029837
16.5,-0.0040842
16.55,-0.0047314
16.6,-0.0048505
16.65,-0.0044255
16.7,-0.0035015
16.75,-0.0021807
16.8,-0.00061055
16.85,0.0010319
16.9,0.0025603
16.95,0.0038002
17,0.0046091
17.05,0.0048931
17.1,0.0046179
17.15,0.0038133
17.2,0.0025701
17.25,0.0010299
17.3,-0.0006308
17.35,-0.0022213
17.4,-0.0035583
17.45,-0.0044871
17.5,-0.0049002
17.55,-0.0047492
17.6,-0.0040508
17.65,-0.0028851
17.7,-0.001386
17.75,0.00027391
17.8,0.0019035
17.85,0.0033153
17.9,0.004347
17.95,0.0048803
18,0.0048545
18.05,0.0042729
18.1,0.0032028
18.15,0.001767
18.2,0.00012985
18.25,-0.0015221
18.3,-0.0030012
18.35,-0.0041403
18.4,-0.0048116
18.45,-0.0049407
18.5,-0.0045148
18.55,-0.0035834
18.6,-0.0022523
18.65,-0.00067142
18.7,0.00098274
18.75,0.0025268
18.8,0.0037909
18.85,0.0046373
18.9,0.0049756
18.95,0.0047712
19,0.0040492
19.05,0.0028905
19.1,0.0014224
19.15,-0.00019585
19.2,-0.0017906
19.25,-0.0031926
19.3,-0.0042545
19.35,-0.0048668
19.4,-0.0049684
19.45,-0.004552
19.5,-0.0036646
19.55,-0.0024011
19.6,-0.00089387
19.65,0.00070118
19.7,0.0022213
19.75,0.0035135
19.8,0.0044494
19.85,0.0049384
19.9,0.0049352
19.95,0.0044442
20,0.0035176
20.05,0.0022495
20.1,0.00076614
20.15,-0.00078721
20.2,-0.0022605
20.25,-0.0035135
20.3,-0.0044287
20.35,-0.0049225
20.4,-0.0049518
20.45,-0.0045177
20.5,-0.0036646
20.55,-0.0024749
20.6,-0.0010609
20.65,0.00044607
20.7,0.0019079
20.75,0.0031926
20.8,0.0041855
20.85,0.0048001
20.9,0.0049844
20.95,0.0047253
21,0.0040492
21.05,0.0030187
21.1,0.0017267
21.15,0.00028769
21.2,-0.0011722
21.25,-0.0025268
21.3,-0.00366
21.35,-0.0044761
21.4,-0.0049075
21.45,-0.0049199
21.5,-0.0045148
21.55,-0.0037288
21.6,-0.0026304
21.65,-0.0013134
21.7,0.00011053
21.75,0.0015221
21.8,0.0028037
21.85,0.0038494
21.9,0.0045736
21.95,0.0049176
22,0.0048545
22.05,0.0043909
22.1,0.0035664
22.15,0.0024497
22.2,0.0011335
22.25,-0.00027391
22.3,-0.0016569
22.35,-0.0029022
22.4,-0.0039081
22.45,-0.0045927
22.5,-0.0049002
22.55,-0.0048059
22.6,-0.0043177
22.65,-0.0034757
22.7,-0.002349
22.75,-0.0010299
22.8,0.00037315
22.85,0.001745
22.9,0.0029726
22.95,0.0039544
23,0.0046091
23.05,0.0048818
23.1,0.004749
23.15,0.004221
23.2,0.0033407
23.25,0.0021807
23.3,0.00083724
23.35,-0.00057732
23.4,-0.0019441
23.45,-0.0031472
23.5,-0.0040842
23.55,-0.004674
23.6,-0.0048649
23.65,-0.0046386
23.7,-0.0040126
23.75,-0.0030389
23.8,-0.0018003
23.85,-0.00040308
23.9,0.0010313
23.95,0.0023772
24,0.0035154
24.05,0.0043436
24.1,0.0047863
24.15,0.0048015
24.2,0.004385
24.25,0.0035715
24.3,0.0024324
24.35,0.001069
24.4,-0.00039505
24.45,-0.0018258
24.5,-0.0030905
24.55,-0.0040703
24.6,-0.0046716
24.65,-0.004835
24.7,-0.0045419
24.75,-0.0038166
24.8,-0.0027252
24.85,-0.0013695
24.9,0.00012154
24.95,0.0016045
25,0.0029347
25.05,0.0039807
25.1,0.0046373
25.15,0.0048363
25.2,0.0045546
25.25,0.0038166
25.3,0.002693
25.35,0.0012943
25.4,-0.00023949
25.45,-0.0017529
25.5,-0.0030905
25.55,-0.0041132
25.6,-0.0047127
25.65,-0.0048236
25.7,-0.0044307
25.75,-0.0035715
25.8,-0.0023335
25.85,-0.00084502
25.9,0.00073723
25.95,0.0022448
26,0.0035154
26.05,0.0044105
26.1,0.0048307
26.15,0.0047275
26.2,0.0041087
26.25,0.0030389
26.3,0.0016328
26.35,4.3472e-05
26.4,-0.0015544
26.45,-0.0029837
26.5,-0.0040842
26.55,-0.0047314
26.6,-0.0048505
26.65,-0.0044255
26.7,-0.0035015
26.75,-0.0021807
26.8,-0.00061055
26.85,0.0010319
26.9,0.0025603
26.95,0.0038002
27,0.0046091
27.05,0.0048931
27.1,0.0046179
27.15,0.0038133
27.2,0.0025701
27.25,0.0010299
27.3,-0.0006308
27.35,-0.0022213
27.4,-0.0035583
27.45,-0.0044871
27.5,-0.0049002
27.55,-0.0047492
27.6,-0.0040508
27.65,-0.0028851
27.7,-0.001386
27.75,0.00027391
27.8,0.0019035
27.85,0.0033153
27.9,0.004347
27.95,0.0048803
28,0.0048545
28.05,0.0042729
28.1,0.0032028
28.15,0.001767
28.2,0.00012985
28.25,-0.0015221
28.3,-0.0030012
28.35,-0.0041403
28.4,-0.0048116
28.45,-0.0049407
28.5,-0.0045148
28.55,-0.0035834
28.6,-0.0022523
28.65,-0.00067142
28.7,0.00098274
28.75,0.0025268
28.8,0.0037909
28.85,0.0046373
28.9,0.0049756
28.95,0.0047712
29,0.0040492
29.05,0.0028905
29.1,0.0014224
29.15,-0.00019585
29.2,-0.0017906
29.25,-0.0031926
29.3,-0.0042545
29.35,-0.0048668
29.4,-0.0049684
29.45,-0.004552
29.5,-0.0036646
29.55,-0.0024011
29.6,-0.00089387
29.65,0.00070118
29.7,0.0022213
29.75,0.0035135
29.8,0.0044494
29.85,0.0049384
29.9,0.0049352
29.95,0.0044442
30,0.0035176
30.05,0.0022495
30.1,0.00076614
30.15,-0.00078721
30.2,-0.0022605
30.25,-0.0035135
30.3,-0.0044287
30.35,-0.0049225
30.4,-0.0049518
30.45,-0.0045177
30.5,-0.0036646
30.55,-0.0024749
30.6,-0.0010609
30.65,0.00044607
30.7,0.0019079
30.75,0.0031926
30.8,0.0041855
30.85,0.0048001
30.9,0.0049844
30.95,0.0047253
31,0.0040492
31.05,0.0030187
31.1,0.0017267
31.15,0.00028769
31.2,-0.0011722
31.25,-0.0025268
31.3,-0.00366
31.35,-0.0044761
31.4,-0.0049075
31.45,-0.0049199
31.5,-0.0045148
31.55,-0.0037288
31.6,-0.0026304
31.65,-0.0013134
31.7,0.00011053
31.75,0.0015221
31.8,0.0028037
31.85,0.0038494
31.9,0.0045736
31.95,0.0049176
32,0.0048545
32.05,0.0043909
32.1,0.0035664
32.15,0.0024497
32.2,0.0011335
32.25,-0.00027391
32.3,-0.0016569
32.35,-0.0029022
32.4,-0.0039081
32.45,-0.0045927
32.5,-0.0049002
32.55,-0.0048059
32.6,-0.0043177
32.65,-0.0034757
32.7,-0.002349
32.75,-0.0010299
32.8,0.00037315
32.85,0.001745
32.9,0.0029726
32.95,0.0039544
33,0.0046091
33.05,0.0048818
33.1,0.004749
33.15,0.004221
33.2,0.0033407
33.25,0.0021807
33.3,0.00083724
33.35,-0.00057732
33.4,-0.0019441
33.45,-0.0031472
33.5,-0.0040842
33.55,-0.004674
33.6,-0.0048649
33.65,-0.0046386
33.7,-0.0040126
33.75,-0.0030389
33.8,-0.0018003
33.85,-0.00040308
33.9,0.0010313
33.95,0.0023772
34,0.0035154
34.05,0.0043436
34.1,0.0047863
34.15,0.0048015
34.2,0.004385
34.25,0.0035715
34.3,0.0024324
34.35,0.001069
34.4,-0.00039505
34.45,-0.0018258
34.5,-0.0030905
34.55,-0.0040703
34.6,-0.0046716
34.65,-0.004835
34.7,-0.0045419
34.75,-0.0038166
34.8,-0.0027252
34.85,-0.0013695
34.9,0.00012154
34.95,0.0016045
35,0.0029347
35.05,0.0039807
35.1,0.0046373
35.15,0.0048363
35.2,0.0045546
35.25,0.0038166
35.3,0.002693
35.35,0.0012943
35.4,-0.00023949
35.45,-0.0017529
35.5,-0.0030905
35.55,-0.0041132
35.6,-0.0047127
35.65,-0.0048236
35.7,-0.0044307
35.75,-0.0035715
35.8,-0.0023335
35.85,-0.00084502
35.9,0.00073723
35.95,0.0022448
36,0.0035154
36.05,0.0044105
36.1,0.0048307
36.15,0.0047275
36.2,0.0041087
36.25,0.0030389
36.3,0.0016328
36.35,4.3472e-05
36.4,-0.0015544
36.45,-0.0029837
36.5,-0.0040842
36.55,-0.0047314
36.6,-0.0048505
36.65,-0.0044255
36.7,-0.0035015
36.75,-0.0021807
36.8,-0.00061055
36.85,0.0010319
36.9,0.0025603
36.95,0.0038002
37,0.0046091
37.05,0.0048931
37.1,0.0046179
37.15,0.0038133
37.2,0.0025701
37.25,0.0010299
37.3,-0.0006308
37.35,-0.0022213
37.4,-0.0035583
37.45,-0.0044871
37.5,-0.0049002
37.55,-0.0047492
37.6,-0.0040508
37.65,-0.0028851
37.7,-0.001386
37.75,0.00027391
37.8,0.0019035
37.85,0.0033153
37.9,0.004347
37.95,0.0048803
38,0.0048545
38.05,0.0042729
38.1,0.0032028
38.15,0.001767
38.2,0.00012985
38.25,-0.0015221
38.3,-0.0030012
38.35,-0.0041403
38.4,-0.0048116
38.45,-0.0049407
38.5,-0.0045148
38.55,-0.0035834
38.6,-0.0022523
38.65,-0.00067142
38.7,0.00098274
38.75,0.0025268
38.8,0.0037909
38.85,0.0046373
38.9,0.0049756
38.95,0.0047712
39,0.0040492
39.05,0.0028905
39.1,0.0014224
39.15,-0.00019585
39.2,-0.0017906
39.25,-0.0031926
39.3,-0.0042545
39.35,-0.0048668
39.4,-0.0049684
39.45,-0.004552
39.5,-0.0036646
39.55,-0.0024011
39.6,-0.00089387
39.65,0.00070118
39.7,0.0022213
39.75,0.0035135
39.8,0.0044494
39.85,0.0049384
39.9,0.0049352
39.95,0.0044442
40,0.0035176
40.05,0.0022495
40.1,0.00076614
40.15,-0.00078721
40.2,-0.0022605
40.25,-0.0035135
40.3,-0.0044287
40.35,-0.0049225
40.4,-0.0049518
40.45,-0.0045177
40.5,-0.0036646
40.55,-0.0024749
40.6,-0.0010609
40.65,0.00044607
40.7,0.0019079
40.75,0.0031926
40.8,0.0041855
40.85,0.0048001
40.9,0.0049844
40.95,0.0047253
41,0.0040492
41.05,0.0030187
41.1,0.0017267
41.15,0.00028769
41.2,-0.0011722
41.25,-0.0025268
41.3,-0.00366
41.35,-0.0044761
41.4,-0.0049075
41.45,-0.0049199
41.5,-0.0045148
41.55,-0.0037288
41.6,-0.0026304
41.65,-0.0013134
41.7,0.00011053
41.75,0.0015221
41.8,0.0028037
41.85,0.0038494
41.9,0.0045736
41.95,0.0049176
42,0.0048545
42.05,0.0043909
42.1,0.0035664
42.15,0.0024497
42.2,0.0011335
42.25,-0.00027391
42.3,-0.0016569
42.35,-0.0029022
42.4,-0.0039081
42.45,-0.0045927
42.5,-0.0049002
42.55,-0.0048059
42.6,-0.0043177
42.65,-0.0034757
42.7,-0.002349
42.75,-0.0010299
42.8,0.00037315
42.85,0.001745
42.9,0.0029726
42.95,0.0039544
43,0.0046091
43.05,0.0048818
43.1,0.004749
43.15,0.004221
43.2,0.0033407
43.25,0.0021807
43.3,0.00083724
43.35,-0.00057732
43.4,-0.0019441
43.45,-0.0031472
43.5,-0.0040842
43.55,-0.004674
43.6,-0.0048649
43.65,-0.0046386
43.7,-0.0040126
43.75,-0.0030389
43.8,-0.0018003
43.85,-0.00040308
43.9,0.0010313
43.95,0.0023772
44,0.0035154
44.05,0.0043436
44.1,0.0047863
44.15,0.0048015
44.2,0.004385
44.25,0.0035715
44.3,0.0024324
44.35,0.001069
44.4,-0.00039505
44.45,-0.0018258
44.5,-0.0030905
44.55,-0.0040703
44.6,-0.0046716
44.65,-0.004835
44.7,-0.0045419
44.75,-0.0038166
44.8,-0.0027252
44.85,-0.0013695
44.9,0.00012154
44.95,0.0016045
45,0.0029347
45.05,0.0039807
45.1,0.0046373
45.15,0.0048363
45.2,0.0045546
45.25,0.0038166
45.3,0.002693
45.35,0.0012943
45.4,-0.00023949
45.45,-0.0017529
45.5,-0.0030905
45.55,-0.0041132
45.6,-0.0047127
45.65,-0.0048236
45.7,-0.0044307
45.75,-0.0035715
45.8,-0.0023335
45.85,-0.00084502
45.9,0.00073723
45.95,0.0022448
46,0.0035154
46.05,0.0044105
46.1,0.0048307
46.15,0.0047275
46.2,0.0041087
46.25,0.0030389
46.3,0.0016328
46.35,4.3472e-05
46.4,-0.0015544
46.45,-0.0029837
46.5,-0.0040842
46.55,-0.0047314
46.6,-0.0048505
46.65,-0.0044255
46.7,-0.0035015
46.75,-0.0021807
46.8,-0.00061055
46.85,0.0010319
46.9,0.0025603
46.95,0.0038002
47,0.0046091
47.05,0.0048931
47.1,0.0046179
47.15,0.0038133
47.2,0.0025701
47.25,0.0010299
47.3,-0.0006308
47.35,-0.0022213
47.4,-0.0035583
47.45,-0.0044871
47.5,-0.0049002
47.55,-0.0047492
47.6,-0.0040508
47.65,-0.0028851
47.7,-0.001386
47.75,0.00027391
47.8,0.0019035
47.85,0.0033153
47.9,0.004347
47.95,0.0048803
48,0.0048545
48.05,0.0042729
48.1,0.0032028
48.15,0.001767
48.2,0.00012985
48.25,-0.0015221
48.3,-0.0030012
48.35,-0.0041403
48.4,-0.0048116
48.45,-0.0049407
48.5,-0.0045148
48.55,-0.0035834
48.6,-0.0022523
48.65,-0.00067142
48.7,0.00098274
48.75,0.0025268
48.8,0.0037909
48.85,0.0046373
48.9,0.0049756
48.95,0.0047712
49,0.0040492
49.05,0.0028905
49.1,0.0014224
49.15,-0.00019585
49.2,-0.0017906
49.25,-0.0031926
49.3,-0.0042545
49.35,-0.0048668
49.4,-0.0049684
49.45,-0.004552
49.5,-0.0036646
49.55,-0.0024011
49.6,-0.00089387
49.65,0.00070118
49.7,0.0022213
49.75,0.0035135
49.8,0.0044494
49.85,0.0049384
49.9,0.0049352
49.95,0.0044442
50,0.0035176
50.05,0.0022495
50.1,0.00076614
50.15,-0.00078721
50.2,-0.0022605
50.25,-0.0035135
50.3,-0.0044287
50.35,-0.0049225
50.4,-0.0049518
50.45,-0.0045177
50.5,-0.0036646
50.55,-0.0024749
50.6,-0.0010609
50.65,0.00044607
50.7,0.0019079
50.75,0.0031926
50.8,0.0041855
50.85,0.0048001
50.9,0.0049844
50.95,0.0047253
51,0.0040492
51.05,0.0030187
51.1,0.0017267
51.15,0.00028769
51.2,-0.0011722
51.25,-0.0025268
51.3,-0.00366
51.35,-0.0044761
51.4,-0.0049075
51.45,-0.0049199
51.5,-0.0045148
51.55,-0.0037288
51.6,-0.0026304
51.65,-0.0013134
51.7,0.00011053
51.75,0.0015221
51.8,0.0028037
51.85,0.0038494
51.9,0.0045736
51.95,0.0049176
52,0.0048545
52.05,0.0043909
52.1,0.0035664
52.15,0.0024497
52.2,0.0011335
52.25,-0.00027391
52.3,-0.0016569
52.35,-0.0029022
52.4,-0.0039081
52.45,-0.0045927
52.5,-0.0049002
52.55,-0.0048059
52.6,-0.0043177
52.65,-0.0034757
52.7,-0.002349
52.75,-0.0010299
52.8,0.00037315
52.85,0.001745
52.9,0.0029726
52.95,0.0039544
53,0.0046091
53.05,0.0048818
53.1,0.004749
53.15,0.004221
53.2,0.0033407
53.25,0.0021807
53.3,0.00083724
53.35,-0.00057732
53.4,-0.0019441
53.45,-0.0031472
53.5,-0.0040842
53.55,-0.004674
53.6,-0.0048649
53.65,-0.0046386
53.7,-0.0040126
53.75,-0.0030389
53.8,-0.0018003
53.85,-0.00040308
53.9,0.0010313
53.95,0.0023772
54,0.0035154
54.05,0.0043436
54.1,0.0047863
54.15,0.0048015
54.2,0.004385
54.25,0.0035715
54.3,0.0024324
54.35,0.001069
54.4,-0.00039505
54.45,-0.0018258
54.5,-0.0030905
54.55,-0.0040703
54.6,-0.0046716
54.65,-0.004835
54.7,-0.0045419
54.75,-0.0038166
54.8,-0.0027252
54.85,-0.0013695
54.9,0.00012154
54.95,0.0016045
55,0.0029347
55.05,0.0039807
55.1,0.0046373
55.15,0.0048363
55.2,0.0045546
55.25,0.0038166
55.3,0.002693
55.35,0.0012943
55.4,-0.00023949
55.45,-0.0017529
55.5,-0.0030905
55.55,-0.0041132
55.6,-0.0047127
55.65,-0.0048236
55.7,-0.0044307
55.75,-0.0035715
55.8,-0.0023335
55.85,-0.00084502
55.9,0.00073723
55.95,0.0022448
56,0.0035154
56.05,0.0044105
56.1,0.0048307
56.15,0.0047275
56.2,0.0041087
56.25,0.0030389
56.3,0.0016328
56.35,4.3472e-05
56.4,-0.0015544
56.45,-0.0029837
56.5,-0.0040842
56.55,-0.0047314
56.6,-0.0048505
56.65,-0.0044255
56.7,-0.0035015
56.75,-0.0021807
56.8,-0.00061055
56.85,0.0010319
56.9,0.0025603
56.95,0.0038002
57,0.0046091
57.05,0.0048931
57.1,0.0046179
57.15,0.0038133
57.2,0.0025701
57.25,0.0010299
57.3,-0.0006308
57.35,-0.0022213
57.4,-0.0035583
57.45,-0.0044871
57.5,-0.0049002
57.55,-0.0047492
57.6,-0.0040508
57.65,-0.0028851
57.7,-0.001386
57.75,0.00027391
57.8,0.0019035
57.85,0.0033153
57.9,0.004347
57.95,0.0048803
58,0.0048545
58.05,0.0042729
58.1,0.0032028
58.15,0.001767
58.2,0.00012985
58.25,-0.0015221
58.3,-0.0030012
58.35,-0.0041403
58.4,-0.0048116
58.45,-0.0049407
58.5,-0.0045148
58.55,-0.0035834
58.6,-0.0022523
58.65,-0.00067142
58.7,0.00098274
58.75,0.0025268
58.8,0.0037909
58.85,0.0046373
58.9,0.0049756
58.95,0.0047712
59,0.0040492
59.05,0.0028905
59.1,0.0014224
59.15,-0.00019585
59.2,-0.0017906
59.25,-0.0031926
59.3,-0.0042545
59.35,-0.0048668
59.4,-0.0049684
59.45,-0.004552
59.5,-0.0036646
59.55,-0.0024011
59.6,-0.00089387
59.65,0.00070118
59.7,0.0022213
59.75,0.0035135
59.8,0.0044494
59.85,0.0049384
59.9,0.0049352
59.95,0.0044442
60,0.0035176
60.05,0.0022495
60.1,0.00076614
60.15,-0.00078721
60.2,-0.0022605
60.25,-0.0035135
60.3,-0.0044287
60.35,-0.0049225
60.4,-0.0049518
60.45,-0.0045177
60.5,-0.0036646
60.55,-0.0024749
60.6,-0.0010609
60.65,0.00044607
60.7,0.0019079
60.75,0.0031926
60.8,0.0041855
60.85,0.0048001
60.9,0.0049844
60.95,0.0047253
61,0.0040492
61.05,0.0030187
61.1,0.0017267
61.15,0.00028769
61.2,-0.0011722
61.25,-0.0025268
61.3,-0.00366
61.35,-0.0044761
61.4,-0.0049075
61.45,-0.0049199
61.5,-0.0045148
61.55,-0.0037288
61.6,-0.0026304
61.65,-0.0013134
61.7,0.00011053
61.75,0.0015221
61.8,0.0028037
61.85,0.0038494
61.9,0.0045736
61.95,0.0049176
62,0.0048545
62.05,0.0043909
62.1,0.0035664
62.15,0.0024497
62.2,0.0011335
62.25,-0.00027391
62.3,-0.0016569
62.35,-0.0029022
62.4,-0.0039081
62.45,-0.0045927
62.5,-0.0049002
62.55,-0.0048059
62.6,-0.0043177
62.65,-0.0034757
62.7,-0.002349
62.75,-0.0010299
62.8,0.00037315
62.85,0.001745
62.9,0.0029726
62.95,0.0039544
63,0.0046091
63.05,0.0048818
63.1,0.004749
63.15,0.004221
63.2,0.0033407
63.25,0.0021807
63.3,0.00083724
63.35,-0.00057732
63.4,-0.0019441
63.45,-0.0031472
63.5,-0.0040842
63.55,-0.004674
63.6,-0.0048649
63.65,-0.0046386
63.7,-0.0040126
63.75,-0.0030389
63.8,-0.0018003
63.85,-0.00040308
63.9,0.0010313
63.95,0.0023772
64,0.0035154
64.05,0.0043436
64.1,0.0047863
64.15,0.0048015
64.2,0.004385
64.25,0.0035715
64.3,0.0024324
64.35,0.001069
64.4,-0.00039505
64.45,-0.0018258
64.5,-0.0030905
64.55,-0.0040703
64.6,-0.0046716
64.65,-0.004835
64.7,-0.0045419
64.75,-0.0038166
64.8,-0.0027252
64.85,-0.0013695
64.9,0.00012154
64.95,0.0016045
65,0.0029347
65.05,0.0039807
65.1,0.0046373
65.15,0.0048363
65.2,0.0045546
65.25,0.0038166
65.3,0.002693
65.35,0.0012943
65.4,-0.00023949
65.45,-0.0017529
65.5,-0.0030905
65.55,-0.0041132
65.6,-0.0047127
65.65,-0.0048236
65.7,-0.0044307
65.75,-0.0035715
65.8,-0.0023335
65.85,-0.00084502
65.9,0.00073723
65.95,0.0022448
66,0.0035154
66.05,0.0044105
66.1,0.0048307
66.15,0.0047275
66.2,0.0041087
66.25,0.0030389
66.3,0.0016328
66.35,4.3472e-05
66.4,-0.0015544
66.45,-0.0029837
66.5,-0.0040842
66.55,-0.0047314
66.6,-0.0048505
66.65,-0.0044255
66.7,-0.0035015
66.75,-0.0021807
66.8,-0.00061055
66.85,0.0010319
66.9,0.0025603
66.95,0.0038002
67,0.0046091
67.05,0.0048931
67.1,0.0046179
67.15,0.0038133
67.2,0.0025701
67.25,0.0010299
67.3,-0.0006308
67.35,-0.0022213
67.4,-0.0035583
67.45,-0.0044871
67.5,-0.0049002
67.55,-0.0047492
67.6,-0.0040508
67.65,-0.0028851
67.7,-0.001386
67.75,0.00027391
67.8,0.0019035
67.85,0.0033153
67.9,0.004347
67.95,0.0048803
68,0.0048545
68.05,0.0042729
68.1,0.0032028
68.15,0.001767
68.2,0.00012985
68.25,-0.0015221
68.3,-0.0030012
68.35,-0.0041403
68.4,-0.0048116
68.45,-0.0049407
68.5,-0.0045148
68.55,-0.0035834
68.6,-0.0022523
68.65,-0.00067142
68.7,0.00098274
68.75,0.0025268
68.8,0.0037909
68.85,0.0046373
68.9,0.0049756
68.95,0.0047712
69,0.0040492
69.05,0.0028905
69.1,0.0014224
69.15,-0.00019585
69.2,-0.0017906
69.25,-0.0031926
69.3,-0.0042545
69.35,-0.0048668
69.4,-0.0049684
69.45,-0.004552
69.5,-0.0036646
69.55,-0.0024011
69.6,-0.00089387
69.65,0.00070118
69.7,0.0022213
69.75,0.0035135
69.8,0.0044494
69.85,0.0049384
69.9,0.0049352
69.95,0.0044442
70,0.0035176
70.05,0.0022495
70.1,0.00076614
70.15,-0.00078721
70.2,-0.0022605
70.25,-0.0035135
70.3,-0.0044287
70.35,-0.0049225
70.4,-0.0049518
70.45,-0.0045177
70.5,-0.0036646
70.55,-0.0024749
70.6,-0.0010609
70.65,0.00044607
70.7,0.0019079
70.75,0.0031926
70.8,0.0041855
70.85,0.0048001
70.9,0.0049844
70.95,0.0047253
71,0.0040492
71.05,0.0030187
71.1,0.0017267
71.15,0.00028769
71.2,-0.0011722
71.25,-0.0025268
71.3,-0.00366
71.35,-0.0044761
71.4,-0.0049075
71.45,-0.0049199
71.5,-0.0045148
71.55,-0.0037288
71.6,-0.0026304
71.65,-0.0013134
71.7,0.00011053
71.75,0.0015221
71.8,0.0028037
71.85,0.0038494
71.9,0.0045736
71.95,0.0049176
72,0.0048545
72.05,0.0043909
72.1,0.0035664
72.15,0.0024497
72.2,0.0011335
72.25,-0.00027391
72.3,-0.0016569
72.35,-0.0029022
72.4,-0.0039081
72.45,-0.0045927
72.5,-0.0049002
72.55,-0.0048059
72.6,-0.0043177
72.65,-0.0034757
72.7,-0.002349
72.75,-0.0010299
72.8,0.00037315
72.85,0.001745
72.9,0.0029726
72.95,0.0039544
73,0.0046091
73.05,0.0048818
73.1,0.004749
73.15,0.004221
73.2,0.0033407
73.25,0.0021807
73.3,0.00083724
73.35,-0.00057732
73.4,-0.0019441
73.45,-0.0031472
73.5,-0.0040842
73.55,-0.004674
73.6,-0.0048649
73.65,-0.0046386
73.7,-0.0040126
73.75,-0.0030389
73.8,-0.0018003
73.85,-0.00040308
73.9,0.0010313
73.95,0.0023772
74,0.0035154
74.05,0.0043436
74.1,0.0047863
74.15,0.0048015
74.2,0.004385
74.25,0.0035715
74.3,0.0024324
74.35,0.001069
74.4,-0.00039505
74.45,-0.0018258
74.5,-0.0030905
74.55,-0.0040703
74.6,-0.0046716
74.65,-0.004835
74.7,-0.0045419
74.75,-0.0038166
74.8,-0.0027252
74.85,-0.0013695
74.9,0.00012154
74.95,0.0016045
75,0.0029347
75.05,0.0039807
75.1,0.0046373
75.15,0.0048363
75.2,0.0045546
75.25,0.0038166
75.3,0.002693
75.35,0.0012943
75.4,-0.00023949
75.45,-0.0017529
75.5,-0.0030905
75.55,-0.0041132
75.6,-0.0047127
75.65,-0.0048236
75.7,-0.0044307
75.75,-0.0035715
75.8,-0.0023335
75.85,-0.00084502
75.9,0.00073723
75.95,0.0022448
76,0.0035154
76.05,0.0044105
76.1,0.0048307
76.15,0.0047275
76.2,0.0041087
76.25,0.0030389
76.3,0.0016328
76.35,4.3472e-05
76.4,-0.0015544
76.45,-0.0029837
76.5,-0.0040842
76.55,-0.0047314
76.6,-0.0048505
76.65,-0.0044255
76.7,-0.0035015
76.75,-0.0021807
76.8,-0.00061055
76.85,0.0010319
76.9,0.0025603
76.95,0.0038002
77,0.0046091
77.05,0.0048931
77.1,0.0046179
77.15,0.0038133
77.2,0.0025701
77.25,0.0010299
77.3,-0.0006308
77.35,-0.0022213
77.4,-0.0035583
77.45,-0.0044871
77.5,-0.0049002
77.55,-0.0047492
77.6,-0.0040508
77.65,-0.0028851
77.7,-0.001386
77.75,0.00027391
77.8,0.0019035
77.85,0.0033153
77.9,0.004347
77.95,0.0048803
78,0.0048545
78.05,0.0042729
78.1,0.0032028
78.15,0.001767
78.2,0.00012985
78.25,-0.0015221
78.3,-0.0030012
78.35,-0.0041403
78.4,-0.0048116
78.45,-0.0049407
78.5,-0.0045148
78.55,-0.0035834
78.6,-0.0022523
78.65,-0.00067142
78.7,0.00098274
78.75,0.0025268
78.8,0.0037909
78.85,0.0046373
78.9,0.0049756
78.95,0.0047712
79,0.0040492
79.05,0.0028905
79.1,0.0014224
79.15,-0.00019585
79.2,-0.0017906
79.25,-0.0031926
79.3,-0.0042545
79.35,-0.0048668
79.4,-0.0049684
79.45,-0.004552
79.5,-0.0036646
79.55,-0.0024011
79.6,-0.00089387
79.65,0.00070118
79.7,0.0022213
79.75,0.0035135
79.8,0.0044494
79.85,0.0049384
79.9,0.0049352
79.95,0.0044442
80,0.0035176
80.05,0.0022495
80.1,0.00076614
80.15,-0.00078721
80.2,-0.0022605
80.25,-0.0035135
80.3,-0.0044287
80.35,-0.0049225
80.4,-0.0049518
80.45,-0.0045177
80.5,-0.0036646
80.55,-0.0024749
80.6,-0.0010609
80.65,0.00044607
80.7,0.0019079
80.75,0.0031926
80.8,0.0041855
80.85,0.0048001
80.9,0.0049844
80.95,0.0047253
81,0.0040492
81.05,0.0030187
81.1,0.0017267
81.15,0.00028769
81.2,-0.0011722
81.25,-0.0025268
81.3,-0.00366
81.35,-0.0044761
81.4,-0.0049075
81.45,-0.0049199
81.5,-0.0045148
81.55,-0.0037288
81.6,-0.0026304
81.65,-0.0013134
81.7,0.00011053
81.75,0.0015221
81.8,0.0028037
81.85,0.0038494
81.9,0.0045736
81.95,0.0049176
82,0.0048545
82.05,0.0043909
82.1,0.0035664
82.15,0.0024497
82.2,0.0011335
82.25,-0.00027391
82.3,-0.0016569
82.35,-0.0029022
82.4,-0.0039081
82.45,-0.0045927
82.5,-0.0049002
82.55,-0.0048059
82.6,-0.0043177
82.65,-0.0034757
82.7,-0.002349
82.75,-0.0010299
82.8,0.00037315
82.85,0.001745
82.9,0.0029726
82.95,0.0039544
83,0.0046091
83.05,0.0048818
83.1,0.004749
83.15,0.004221
83.2,0.0033407
83.25,0.0021807
83.3,0.00083724
83.35,-0.00057732
83.4,-0.0019441
83.45,-0.0031472
83.5,-0.0040842
83.55,-0.004674
83.6,-0.0048649
83.65,-0.0046386
83.7,-0.0040126
83.75,-0.0030389
83.8,-0.0018003
83.85,-0.00040308
83.9,0.0010313
83.95,0.0023772
84,0.0035154
84.05,0.0043436
84.1,0.0047863
84.15,0.0048015
84.2,0.004385
84.25,0.0035715
84.3,0.0024324
84.35,0.001069
84.4,-0.00039505
84.45,-0.0018258
84.5,-0.0030905
84.55,-0.0040703
84.6,-0.0046716
84.65,-0.004835
84.7,-0.0045419
84.75,-0.0038166
84.8,-0.0027252
84.85,-0.0013695
84.9,0.00012154
84.95,0.0016045
85,0.0029347
85.05,0.0039807
85.1,0.0046373
85.15,0.0048363
85.2,0.0045546
85.25,0.0038166
85.3,0.002693
85.35,0.0012943
85.4,-0.00023949
85.45,-0.0017529
85.5,-0.0030905
85.55,-0.0041132
85.6,-0.0047127
85.65,-0.0048236
85.7,-0.0044307
85.75,-0.0035715
85.8,-0.0023335
85.85,-0.00084502
85.9,0.00073723
85.95,0.0022448
86,0.0035154
86.05,0.0044105
86.1,0.0048307
86.15,0.0047275
86.2,0.0041087
86.25,0.0030389
86.3,0.0016328
86.35,4.3472e-05
86.4,-0.0015544
86.45,-0.0029837
86.5,-0.0040842
86.55,-0.0047314
86.6,-0.0048505
86.65,-0.0044255
86.7,-0.0035015
86.75,-0.0021807
86.8,-0.00061055
86.85,0.0010319
86.9,0.0025603
86.95,0.0038002
87,0.0046091
87.05,0.0048931
87.1,0.0046179
87.15,0.0038133
87.2,0.0025701
87.25,0.0010299
87.3,-0.0006308
87.35,-0.0022213
87.4,-0.0035583
87.45,-0.0044871
87.5,-0.0049002
87.55,-0.0047492
87.6,-0.0040508
87.65,-0.0028851
87.7,-0.001386
87.75,0.00027391
87.8,0.0019035
87.85,0.0033153
87.9,0.004347
87.95,0.0048803
88,0.0048545
88.05,0.0042729
88.1,0.0032028
88.15,0.001767
88.2,0.00012985
88.25,-0.0015221
88.3,-0.0030012
88.35,-0.0041403
88.4,-0.0048116
88.45,-0.0049407
88.5,-0.0045148
88.55,-0.0035834
88.6,-0.0022523
88.65,-0.00067142
88.7,0.00098274
88.75,0.0025268
88.8,0.0037909
88.85,0.0046373
88.9,0.0049756
88.95,0.0047712
89,0.0040492
89.05,0.0028905
89.1,0.0014224
89.15,-0.00019585
89.2,-0.0017906
89.25,-0.0031926
89.3,-0.0042545
89.35,-0.0048668
89.4,-0.0049684
89.45,-0.004552
89.5,-0.0036646
89.55,-0.0024011
89.6,-0.00089387
89.65,0.00070118
89.7,0.0022213
89.75,0.0035135
89.8,0.0044494
89.85,0.0049384
89.9,0.0049352
89.95,0.0044442
90,0.0035176
90.05,0.0022495
90.1,0.00076614
90.15,-0.00078721
90.2,-0.0022605
90.25,-0.0035135
90.3,-0.0044287
90.35,-0.0049225
90.4,-0.0049518
90.45,-0.0045177
90.5,-0.0036646
90.55,-0.0024749
90.6,-0.0010609
90.65,0.00044607
90.7,0.0019079
90.75,0.0031926
90.8,0.0041855
90.85,0.0048001
90.9,0.0049844
90.95,0.0047253
91,0.0040492
91.05,0.0030187
91.1,0.0017267
91.15,0.00028769
91.2,-0.0011722
91.25,-0.0025268
91.3,-0.00366
91.35,-0.0044761
91.4,-0.0049075
91.45,-0.0049199
91.5,-0.0045148
91.55,-0.0037288
91.6,-0.0026304
91.65,-0.0013134
91.7,0.00011053
91.75,0.0015221
91.8,0.0028037
91.85,0.0038494
91.9,0.0045736
91.95,0.0049176
92,0.0048545
92.05,0.0043909
92.1,0.0035664
92.15,0.0024497
92.2,0.0011335
92.25,-0.00027391
92.3,-0.0016569
92.35,-0.0029022
92.4,-0.0039081
92.45,-0.0045927
92.5,-0.0049002
92.55,-0.0048059
92.6,-0.0043177
92.65,-0.0034757
92.7,-0.002349
92.75,-0.0010299
92.8,0.00037315
92.85,0.001745
92.9,0.0029726
92.95,0.0039544
93,0.0046091
93.05,0.0048818
93.1,0.004749
93.15,0.004221
93.2,0.0033407
93.25,0.0021807
93.3,0.00083724
93.35,-0.00057732
93.4,-0.0019441
93.45,-0.0031472
93.5,-0.0040842
93.55,-0.004674
93.6,-0.0048649
93.65,-0.0046386
93.7,-0.0040126
93.75,-0.0030389
93.8,-0.0018003
93.85,-0.00040308
93.9,0.0010313
93.95,0.0023772
94,0.0035154
94.05,0.0043436
94.1,0.0047863
94.15,0.0048015
94.2,0.004385
94.25,0.0035715
94.3,0.0024324
94.35,0.001069
94.4,-0.00039505
94.45,-0.0018258
94.5,-0.0030905
94.55,-0.0040703
94.6,-0.0046716
94.65,-0.004835
94.7,-0.0045419
94.75,-0.0038166
94.8,-0.0027252
94.85,-0.0013695
94.9,0.00012154
94.95,0.0016045
95,0.0029347
95.05,0.0039807
95.1,0.0046373
95.15,0.0048363
95.2,0.0045546
95.25,0.0038166
95.3,0.002693
95.35,0.0012943
95.4,-0.00023949
95.45,-0.0017529
95.5,-0.0030905
95.55,-0.0041132
95.6,-0.0047127
95.65,-0.0048236
95.7,-0.0044307
95.75,-0.0035715
95.8,-0.0023335
95.85,-0.00084502
95.9,0.00073723
95.95,0.0022448
96,0.0035154
96.05,0.0044105
96.1,0.0048307
96.15,0.0047275
96.2,0.0041087
96.25,0.0030389
96.3,0.0016328
96.35,4.3472e-05
96.4,-0.0015544
96.45,-0.0029837
96.5,-0.0040842
96.55,-0.0047314
96.6,-0.0048505
96.65,-0.0044255
96.7,-0.0035015
96.75,-0.0021807
96.8,-0.00061055
96.85,0.0010319
96.9,0.0025603
96.95,0.0038002
97,0.0046091
97.05,0.0048931
97.1,0.0046179
97.15,0.0038133
97.2,0.0025701
97.25,0.0010299
97.3,-0.0006308
97.35,-0.0022213
97.4,-0.0035583
97.45,-0.0044871
97.5,-0.0049002
97.55,-0.0047492
97.6,-0.0040508
97.65,-0.0028851
97.7,-0.001386
97.75,0.00027391
97.8,0.0019035
97.85,0.0033153
97.9,0.004347
97.95,0.0048803
98,0.0048545
98.05,0.0042729
98.1,0.0032028
98.15,0.001767
98.2,0.00012985
98.25,-0.0015221
98.3,-0.0030012
98.35,-0.0041403
98.4,-0.0048116
98.45,-0.0049407
98.5,-0.0045148
98.55,-0.0035834
98.6,-0.0022523
98.65,-0.00067142
98.7,0.00098274
98.75,0.0025268
98.8,0.0037909
98.85,0.0046373
98.9,0.0049756
98.95,0.0047712
99,0.0040492
99.05,0.0028905
99.1,0.0014224
99.15,-0.00019585
99.2,-0.0017906
99.25,-0.0031926
99.3,-0.0042545
99.35,-0.0048668
99.4,-0.0049684
99.45,-0.004552
99.5,-0.0036646
99.55,-0.0024011
99.6,-0.00089387
99.65,0.00070118
99.7,0.0022213
99.75,0.0035135
99.8,0.0044494
99.85,0.0049384
99.9,0.0049352
99.95,0.0044442
100,0.0035176
100.05,0.0022495
100.1,0.00076614
100.15,-0.00078721
100.2,-0.0022605
100.25,-0.0035135
100.3,-0.0044287
100.35,-0.0049225
100.4,-0.0049518
100.45,-0.0045177
100.5,-0.0036646
100.55,-0.0024749
100.6,-0.0010609
100.65,0.00044607
100.7,0.0019079
100.75,0.0031926
100.8,0.0041855
100.85,0.0048001
100.9,0.0049844
100.95,0.0047253
101,0.0040492
101.05,0.0030187
101.1,0.0017267
101.15,0.00028769
101.2,-0.0011722
101.25,-0.0025268
101.3,-0.00366
101.35,-0.0044761
101.4,-0.0049075
101.45,-0.0049199
101.5,-0.0045148
101.55,-0.0037288
101.6,-0.0026304
101.65,-0.0013134
101.7,0.00011053
101.75,0.0015221
101.8,0.0028037
101.85,0.0038494
101.9,0.0045736
101.95,0.0049176
102,0.0048545
102.05,0.0043909
102.1,0.0035664
102.15,0.0024497
102.2,0.0011335
102.25,-0.00027391
102.3,-0.0016569
102.35,-0.0029022
