0,0
0.05,0
0.1,0
0.15,0
0.2,0
0.25,0
0.3,0
0.35,0
0.4,0
0.45,0
0.5,0
0.55,0
0.6,0
0.65,0
0.7,0
0.75,0
0.8,0
0.85,0
0.9,0
0.95,0
1,0
1.05,0
1.1,0
1.15,0
1.2,0
1.25,0
1.3,0
1.35,0
1.4,0
1.45,0
1.5,0
1.55,0
1.6,0
1.65,0
1.7,0
1.75,0
1.8,0
1.85,0
1.9,0
1.95,0
2,0
2.05,0
2.1,0
2.15,0
2.2,0
2.25,0
2.3,0
2.35,0
2.4,0
2.45,0
2.5,0
2.55,0
2.6,0
2.65,0
2.7,0
2.75,0
2.8,0
2.85,0
2.9,0
2.95,0
3,0
3.05,0
3.1,0
3.15,0
3.2,0
3.25,0
3.3,0
3.35,0
3.4,0
3.45,0
3.5,0
3.55,0
3.6,0
3.65,0
3.7,0
3.75,0
3.8,0
3.85,0
3.9,0
3.95,0
4,0
4.05,0
4.1,0
4.15,0
4.2,0
4.25,0
4.3,0
4.35,0
4.4,0
4.45,-0.0022207
4.5,-0.0034158
4.55,-0.0043725
4.6,-0.0049181
4.65,-0.0050888
4.7,-0.0047494
4.75,-0.0040475
4.8,-0.0029165
4.85,-0.0015895
4.9,-6.1844e-05
4.95,0.0013958
5,0.0027625
5.05,0.003792
5.1,0.0044858
5.15,0.0046793
5.2,0.0044334
5.25,0.0036993
5.3,0.0026055
5.35,0.0012168
5.4,-0.00029859
5.45,-0.0017997
5.5,-0.0031349
5.55,-0.0041452
5.6,-0.0047598
5.65,-0.0048578
5.7,-0.0044953
5.75,-0.0036195
5.8,-0.0024221
5.85,-0.00090919
5.9,0.00062938
5.95,0.002172
6,0.0034025
6.05,0.0043429
6.1,0.0047311
6.15,0.0046786
6.2,0.0040374
6.25,0.0030151
6.3,0.0015956
6.35,4.0684e-05
6.4,-0.0015633
6.45,-0.0029793
6.5,-0.0040797
6.55,-0.0047378
6.6,-0.0048506
6.65,-0.004457
6.7,-0.0035197
6.75,-0.0022413
6.8,-0.00065052
6.85,0.00095105
6.9,0.0025055
6.95,0.0037179
7,0.0045535
7.05,0.0048306
7.1,0.0045755
7.15,0.0037851
7.2,0.0025483
7.25,0.0010374
7.3,-0.00063427
7.35,-0.0021911
7.4,-0.0035545
7.45,-0.004456
7.5,-0.0049038
7.55,-0.004739
7.6,-0.0040723
7.65,-0.0029084
7.7,-0.0014266
7.75,0.00021861
7.8,0.0018524
7.85,0.0032432
7.9,0.0043005
7.95,0.0048136
8,0.0048269
8.05,0.0042307
8.1,0.003201
8.15,0.0017578
8.2,0.00014927
8.25,-0.0015038
8.3,-0.002975
8.35,-0.0041106
8.4,-0.0047971
8.45,-0.0049192
8.5,-0.0045265
8.55,-0.0035844
8.6,-0.0022944
8.65,-0.00069807
8.7,0.0009188
8.75,0.0024833
8.8,0.0037227
8.85,0.0045931
8.9,0.0049232
8.95,0.0047422
9,0.0040266
9.05,0.0028854
9.1,0.0014324
9.15,-0.00017978
9.2,-0.0017575
9.25,-0.003168
9.3,-0.0042155
9.35,-0.004851
9.4,-0.0049419
9.45,-0.0045593
9.5,-0.0036626
9.55,-0.0024369
9.6,-0.0009175
9.65,0.00064232
9.7,0.0021817
9.75,0.0034459
9.8,0.0044099
9.85,0.0048796
9.9,0.004912
9.95,0.0044081
10,0.0035204
10.05,0.002241
10.1,0.00079473
10.15,-0.00077344
10.2,-0.0022162
10.25,-0.0034908
10.3,-0.0043845
10.35,-0.0049071
10.4,-0.0049234
10.45,-0.0045226
10.5,-0.003662
10.55,-0.0025048
10.6,-0.001085
10.65,0.00039601
10.7,0.0018654
10.75,0.0031349
10.8,0.0041384
10.85,0.0047508
10.9,0.0049473
10.95,0.004698
11,0.0040323
11.05,0.0030199
11.1,0.0017321
11.15,0.00031497
11.2,-0.0011502
11.25,-0.0024843
11.3,-0.003633
11.35,-0.004434
11.4,-0.0048888
11.45,-0.0048934
11.5,-0.0045141
11.55,-0.0037278
11.6,-0.0026512
11.65,-0.0013399
11.7,7.2214e-05
11.75,0.0014751
11.8,0.0027581
11.85,0.0037949
11.9,0.0045335
11.95,0.0048709
12,0.0048309
12.05,0.0043645
12.1,0.003565
12.15,0.0024493
12.2,0.0011527
12.25,-0.00025071
12.3,-0.0016252
12.35,-0.0028653
12.4,-0.003876
12.45,-0.0045562
12.5,-0.00488
12.55,-0.0047836
12.6,-0.0043177
12.65,-0.0034764
12.7,-0.0023714
12.75,-0.001055
12.8,0.00033344
12.85,0.0017021
12.9,0.0029263
12.95,0.0039059
13,0.0045691
13.05,0.0048416
13.1,0.0047265
13.15,0.0042002
13.2,0.0033413
13.25,0.0021837
13.3,0.00085932
13.35,-0.00055389
13.4,-0.001909
13.45,-0.0031135
13.5,-0.0040491
13.55,-0.0046433
13.6,-0.004843
13.65,-0.0046231
13.7,-0.004013
13.75,-0.0030454
13.8,-0.001825
13.85,-0.00043053
13.9,0.0009884
13.95,0.0023373
14,0.0034663
14.05,0.0043041
14.1,0.0047454
14.15,0.0047755
14.2,0.0043639
14.25,0.0035674
14.3,0.0024359
14.35,0.0010874
14.4,-0.00037045
14.45,-0.0017925
14.5,-0.0030559
14.55,-0.0040354
14.6,-0.0046416
14.65,-0.0048126
14.7,-0.0045294
14.75,-0.0038166
14.8,-0.0027366
14.85,-0.0013937
14.9,8.8782e-05
14.95,0.0015634
15,0.0028915
15.05,0.0039364
15.1,0.0045985
15.15,0.004804
15.2,0.0045338
15.25,0.0038072
15.3,0.0026968
15.35,0.0013098
15.4,-0.00021408
15.45,-0.00172
15.5,-0.0030553
15.55,-0.0040774
15.6,-0.0046838
15.65,-0.0048006
15.7,-0.004422
15.75,-0.0035718
15.8,-0.002351
15.85,-0.00086948
15.9,0.00069804
15.95,0.0022054
16,0.0034681
16.05,0.0043719
16.1,0.0047925
16.15,0.0047055
16.2,0.0040933
16.25,0.0030421
16.3,0.0016445
16.35,6.9803e-05
16.4,-0.0015226
16.45,-0.0029467
16.5,-0.0040476
16.55,-0.0047013
16.6,-0.0048264
16.65,-0.0044173
16.7,-0.0035017
16.75,-0.0022004
16.8,-0.00063597
16.85,0.00099049
16.9,0.0025198
16.95,0.0037531
17,0.0045704
17.05,0.0048591
17.1,0.004597
17.15,0.003806
17.2,0.0025749
17.25,0.0010515
17.3,-0.00060406
17.35,-0.0021816
17.4,-0.0035234
17.45,-0.0044479
17.5,-0.0048749
17.55,-0.0047289
17.6,-0.0040485
17.65,-0.0028941
17.7,-0.0014094
17.75,0.00023813
17.8,0.0018632
17.85,0.003267
17.9,0.0043067
17.95,0.0048392
18,0.0048314
18.05,0.0042553
18.1,0.0032065
18.15,0.0017788
18.2,0.00015812
18.25,-0.0014879
18.3,-0.0029618
18.35,-0.0041002
18.4,-0.0047797
18.45,-0.0049135
18.5,-0.0045062
18.55,-0.0035816
18.6,-0.0022729
18.65,-0.0006964
18.7,0.00093955
18.75,0.0024856
18.8,0.0037413
18.85,0.0045974
18.9,0.0049386
18.95,0.0047492
19,0.0040385
19.05,0.0028951
19.1,0.001441
19.15,-0.00016771
19.2,-0.0017517
19.25,-0.003154
19.3,-0.0042119
19.35,-0.0048356
19.4,-0.0049399
19.45,-0.0045431
19.5,-0.0036618
19.55,-0.0024203
19.6,-0.00091744
19.65,0.00065892
19.7,0.0021813
19.75,0.0034623
19.8,0.0044094
19.85,0.0048957
19.9,0.0049114
19.95,0.0044238
20,0.0035197
20.05,0.0022563
20.1,0.00079399
20.15,-0.0007585
20.2,-0.0022169
20.25,-0.0034763
20.3,-0.0043851
20.35,-0.0048932
20.4,-0.0049237
20.45,-0.0045094
20.5,-0.0036619
20.55,-0.0024926
20.6,-0.001084
20.65,0.00040699
20.7,0.0018674
20.75,0.0031444
20.8,0.0041418
20.85,0.0047584
20.9,0.0049523
20.95,0.0047036
21,0.0040391
21.05,0.0030235
21.1,0.0017407
21.15,0.00031665
21.2,-0.0011403
21.25,-0.0024839
21.3,-0.0036224
21.35,-0.0044342
21.4,-0.0048784
21.45,-0.0048931
21.5,-0.0045049
21.55,-0.0037262
21.6,-0.002644
21.65,-0.0013362
21.7,7.7098e-05
21.75,0.0014809
21.8,0.0027607
21.85,0.0038026
21.9,0.0045344
21.95,0.0048795
22,0.0048312
22.05,0.004373
22.1,0.0035658
22.15,0.0024566
22.2,0.001155
22.25,-0.00024538
22.3,-0.0016209
22.35,-0.0028621
22.4,-0.00387
22.45,-0.0045547
22.5,-0.0048728
22.55,-0.0047829
22.6,-0.0043104
22.65,-0.0034756
22.7,-0.0023649
22.75,-0.0010532
22.8,0.00033853
22.85,0.0017054
22.9,0.0029296
22.95,0.0039107
23,0.004571
23.05,0.0048474
23.1,0.0047275
23.15,0.0042065
23.2,0.0033421
23.25,0.0021897
23.3,0.00086053
23.35,-0.00054864
23.4,-0.001907
23.45,-0.0031093
23.5,-0.0040461
23.55,-0.0046402
23.6,-0.0048391
23.65,-0.004621
23.7,-0.0040083
23.75,-0.003044
23.8,-0.0018199
23.85,-0.00042954
23.9,0.00099364
23.95,0.0023381
24,0.0034714
24.05,0.0043051
24.1,0.0047502
24.15,0.0047767
24.2,0.0043683
24.25,0.003569
24.3,0.0024399
24.35,0.0010893
24.4,-0.00036695
24.45,-0.0017903
24.5,-0.0030528
24.55,-0.0040329
24.6,-0.0046389
24.65,-0.0048099
24.7,-0.0045269
24.75,-0.0038138
24.8,-0.0027343
24.85,-0.0013908
24.9,9.0989e-05
24.95,0.0015663
25,0.0028936
25.05,0.0039393
25.1,0.0046006
25.15,0.0048068
25.2,0.004536
25.25,0.0038098
25.3,0.0026991
25.35,0.0013122
25.4,-0.00021166
25.45,-0.0017178
25.5,-0.0030527
25.55,-0.0040755
25.6,-0.0046809
25.65,-0.0047991
25.7,-0.0044189
25.75,-0.0035707
25.8,-0.0023476
25.85,-0.00086864
25.9,0.00070166
25.95,0.002206
26,0.0034718
26.05,0.0043724
26.1,0.0047962
26.15,0.004706
26.2,0.0040968
26.25,0.0030429
26.3,0.0016476
26.35,7.1008e-05
26.4,-0.0015202
26.45,-0.0029448
26.5,-0.0040458
26.55,-0.0046988
26.6,-0.0048254
26.65,-0.0044142
26.7,-0.0035012
26.75,-0.0021969
26.8,-0.0006358
26.85,0.00099402
26.9,0.0025201
26.95,0.0037562
27,0.0045712
27.05,0.0048616
27.1,0.0045986
27.15,0.0038075
27.2,0.0025774
27.25,0.0010521
27.3,-0.00060087
27.35,-0.0021816
27.4,-0.0035199
27.45,-0.0044479
27.5,-0.0048716
27.55,-0.0047286
27.6,-0.0040458
27.65,-0.0028929
27.7,-0.0014078
27.75,0.00024028
27.8,0.0018638
27.85,0.0032699
27.9,0.0043065
27.95,0.0048426
28,0.004831
28.05,0.0042586
28.1,0.0032064
28.15,0.0017816
28.2,0.00015873
28.25,-0.0014859
28.3,-0.0029602
28.35,-0.0040992
28.4,-0.0047773
28.45,-0.0049134
28.5,-0.0045031
28.55,-0.0035821
28.6,-0.0022694
28.65,-0.00069704
28.7,0.00094297
28.75,0.0024852
28.8,0.0037443
28.85,0.0045975
28.9,0.004941
28.95,0.0047498
29,0.0040403
29.05,0.0028964
29.1,0.0014421
29.15,-0.0001658
29.2,-0.0017512
29.25,-0.0031516
29.3,-0.0042119
29.35,-0.0048328
29.4,-0.0049403
29.45,-0.00454
29.5,-0.0036624
29.55,-0.0024171
29.6,-0.00091822
29.65,0.00066227
29.7,0.0021805
29.75,0.0034657
29.8,0.0044084
29.85,0.0048991
29.9,0.0049104
29.95,0.0044271
30,0.0035188
30.05,0.0022596
30.1,0.00079307
30.15,-0.00075524
30.2,-0.0022178
30.25,-0.0034731
30.3,-0.004386
30.35,-0.0048901
30.4,-0.0049245
30.45,-0.0045064
30.5,-0.0036625
30.55,-0.0024898
30.6,-0.0010844
30.65,0.00040945
30.7,0.0018673
30.75,0.0031464
30.8,0.0041422
30.85,0.00476
30.9,0.0049532
30.95,0.0047046
31,0.0040405
31.05,0.0030239
31.1,0.0017426
31.15,0.00031657
31.2,-0.001138
31.25,-0.0024844
31.3,-0.0036198
31.35,-0.0044348
31.4,-0.0048758
31.45,-0.0048936
31.5,-0.0045026
31.55,-0.0037262
31.6,-0.0026422
31.65,-0.0013356
31.7,7.8109e-05
31.75,0.0014822
31.8,0.002761
31.85,0.0038045
31.9,0.0045342
31.95,0.0048818
32,0.0048308
32.05,0.0043752
32.1,0.0035656
32.15,0.0024585
32.2,0.0011552
32.25,-0.00024411
32.3,-0.00162
32.35,-0.0028615
32.4,-0.0038685
32.45,-0.0045547
32.5,-0.0048709
32.55,-0.0047831
32.6,-0.0043084
32.65,-0.0034757
32.7,-0.0023631
32.75,-0.001053
32.8,0.00033984
32.85,0.0017061
32.9,0.0029304
32.95,0.0039119
33,0.0045713
33.05,0.004849
33.1,0.0047274
33.15,0.0042083
33.2,0.0033419
33.25,0.0021914
33.3,0.00086054
33.35,-0.00054716
33.4,-0.0019067
33.45,-0.0031082
33.5,-0.0040454
33.55,-0.0046395
33.6,-0.004838
33.65,-0.0046206
33.7,-0.004007
33.75,-0.0030439
33.8,-0.0018183
33.85,-0.00042955
33.9,0.00099522
33.95,0.0023381
34,0.0034729
34.05,0.0043051
34.1,0.0047517
34.15,0.0047768
34.2,0.0043696
34.25,0.0035693
34.3,0.002441
34.35,0.0010897
34.4,-0.00036594
34.45,-0.0017898
34.5,-0.0030519
34.55,-0.0040323
34.6,-0.0046381
34.65,-0.0048092
34.7,-0.0045263
34.75,-0.003813
34.8,-0.0027337
34.85,-0.00139
34.9,9.1547e-05
34.95,0.0015671
35,0.0028941
35.05,0.0039401
35.1,0.0046011
35.15,0.0048076
35.2,0.0045366
35.25,0.0038105
35.3,0.0026997
35.35,0.0013129
35.4,-0.00021096
35.45,-0.0017172
35.5,-0.0030519
35.55,-0.0040751
35.6,-0.00468
35.65,-0.0047988
35.7,-0.0044178
35.75,-0.0035705
35.8,-0.0023465
35.85,-0.00086858
35.9,0.00070291
35.95,0.002206
36,0.0034731
36.05,0.0043723
36.1,0.0047976
36.15,0.004706
36.2,0.004098
36.25,0.0030429
36.3,0.0016486
36.35,7.1266e-05
36.4,-0.0015193
36.45,-0.0029443
36.5,-0.0040453
36.55,-0.0046979
36.6,-0.0048252
36.65,-0.0044131
36.7,-0.0035013
36.75,-0.0021956
36.8,-0.00063598
36.85,0.00099536
36.9,0.0025199
36.95,0.0037574
37,0.0045713
37.05,0.0048624
37.1,0.004599
37.15,0.003808
37.2,0.0025783
37.25,0.0010521
37.3,-0.00059963
37.35,-0.0021818
37.4,-0.0035185
37.45,-0.0044482
37.5,-0.0048703
37.55,-0.0047287
37.6,-0.0040449
37.65,-0.0028926
37.7,-0.0014073
37.75,0.00024107
37.8,0.0018638
37.85,0.0032712
37.9,0.0043063
37.95,0.004844
38,0.0048306
38.05,0.0042601
38.1,0.0032062
38.15,0.0017828
38.2,0.00015881
38.25,-0.0014852
38.3,-0.0029597
38.35,-0.004099
38.4,-0.0047763
38.45,-0.0049135
38.5,-0.0045017
38.55,-0.0035825
38.6,-0.0022679
38.65,-0.00069757
38.7,0.00094447
38.75,0.0024847
38.8,0.0037456
38.85,0.0045973
38.9,0.004942
38.95,0.00475
39,0.004041
39.05,0.0028969
39.1,0.0014425
39.15,-0.00016502
39.2,-0.0017511
39.25,-0.0031505
39.3,-0.0042121
39.35,-0.0048316
39.4,-0.0049407
39.45,-0.0045386
39.5,-0.003663
39.55,-0.0024156
39.6,-0.00091883
39.65,0.00066382
39.7,0.0021798
39.75,0.0034673
39.8,0.0044078
39.85,0.0049006
39.9,0.0049098
39.95,0.0044287
40,0.0035181
40.05,0.0022612
40.1,0.0007924
40.15,-0.00075369
40.2,-0.0022185
40.25,-0.0034716
40.3,-0.0043866
40.35,-0.0048886
40.4,-0.0049251
40.45,-0.004505
40.5,-0.003663
40.55,-0.0024885
40.6,-0.0010848
40.65,0.00041062
40.7,0.0018671
40.75,0.0031474
40.8,0.0041422
40.85,0.0047607
40.9,0.0049535
40.95,0.004705
41,0.0040411
41.05,0.003024
41.1,0.0017435
41.15,0.00031636
41.2,-0.0011368
41.25,-0.0024848
41.3,-0.0036185
41.35,-0.0044353
41.4,-0.0048745
41.45,-0.004894
41.5,-0.0045015
41.55,-0.0037264
41.6,-0.0026414
41.65,-0.0013355
41.7,7.8518e-05
41.75,0.0014828
41.8,0.002761
41.85,0.0038054
41.9,0.0045339
41.95,0.0048829
42,0.0048304
42.05,0.0043764
42.1,0.0035653
42.15,0.0024594
42.2,0.0011552
42.25,-0.00024353
42.3,-0.0016197
42.35,-0.0028613
42.4,-0.0038677
42.45,-0.0045548
42.5,-0.0048699
42.55,-0.0047834
42.6,-0.0043074
42.65,-0.003476
42.7,-0.0023622
42.75,-0.0010531
42.8,0.00034046
42.85,0.0017063
42.9,0.0029307
42.95,0.0039125
43,0.0045713
43.05,0.0048498
43.1,0.0047273
43.15,0.0042092
43.2,0.0033417
43.25,0.0021923
43.3,0.00086041
43.35,-0.00054642
43.4,-0.0019067
43.45,-0.0031076
43.5,-0.0040452
43.55,-0.0046392
43.6,-0.0048375
43.65,-0.0046205
43.7,-0.0040063
43.75,-0.0030439
43.8,-0.0018176
43.85,-0.00042969
43.9,0.00099603
43.95,0.0023379
44,0.0034737
44.05,0.004305
44.1,0.0047524
44.15,0.0047768
44.2,0.0043703
44.25,0.0035693
44.3,0.0024416
44.35,0.0010898
44.4,-0.00036545
44.45,-0.0017896
44.5,-0.0030515
44.55,-0.004032
44.6,-0.0046378
44.65,-0.0048089
44.7,-0.004526
44.75,-0.0038126
44.8,-0.0027334
44.85,-0.0013896
44.9,9.1769e-05
44.95,0.0015675
45,0.0028943
45.05,0.0039405
45.1,0.0046014
45.15,0.004808
45.2,0.0045368
45.25,0.0038109
45.3,0.0027
45.35,0.0013132
45.4,-0.00021064
45.45,-0.001717
45.5,-0.0030515
45.55,-0.0040749
45.6,-0.0046796
45.65,-0.0047987
45.7,-0.0044173
45.75,-0.0035705
45.8,-0.0023459
45.85,-0.00086866
45.9,0.0007036
45.95,0.0022058
46,0.0034739
46.05,0.0043721
46.1,0.0047983
46.15,0.0047058
46.2,0.0040987
46.25,0.0030429
46.3,0.0016492
46.35,7.1318e-05
46.4,-0.0015189
46.45,-0.0029441
46.5,-0.0040451
46.55,-0.0046975
46.6,-0.0048252
46.65,-0.0044125
46.7,-0.0035015
46.75,-0.0021949
46.8,-0.00063622
46.85,0.00099613
46.9,0.0025197
46.95,0.0037581
47,0.0045712
47.05,0.0048629
47.1,0.0045993
47.15,0.0038082
47.2,0.0025788
47.25,0.001052
47.3,-0.0005989
47.35,-0.0021821
47.4,-0.0035177
47.45,-0.0044485
47.5,-0.0048696
47.55,-0.0047288
47.6,-0.0040443
47.65,-0.0028925
47.7,-0.001407
47.75,0.0002415
47.8,0.0018638
47.85,0.0032719
47.9,0.0043059
47.95,0.0048449
48,0.0048302
48.05,0.0042609
48.1,0.0032059
48.15,0.0017835
48.2,0.00015875
48.25,-0.0014848
48.3,-0.0029594
48.35,-0.0040989
48.4,-0.0047757
48.45,-0.0049138
48.5,-0.0045009
48.55,-0.0035829
48.6,-0.002267
48.65,-0.00069806
48.7,0.00094542
48.75,0.0024843
48.8,0.0037464
48.85,0.004597
48.9,0.0049426
48.95,0.00475
49,0.0040413
49.05,0.0028971
49.1,0.0014426
49.15,-0.00016457
49.2,-0.0017512
49.25,-0.0031499
49.3,-0.0042124
49.35,-0.0048308
49.4,-0.0049411
49.45,-0.0045377
49.5,-0.0036635
49.55,-0.0024146
49.6,-0.00091937
49.65,0.00066483
49.7,0.0021792
49.75,0.0034683
49.8,0.0044072
49.85,0.0049017
49.9,0.0049092
49.95,0.0044298
50,0.0035175
50.05,0.0022622
50.1,0.00079181
50.15,-0.00075265
50.2,-0.0022191
50.25,-0.0034706
50.3,-0.0043872
50.35,-0.0048876
50.4,-0.0049256
50.45,-0.004504
50.5,-0.0036635
50.55,-0.0024876
50.6,-0.0010852
50.65,0.00041138
50.7,0.0018668
50.75,0.003148
50.8,0.0041421
50.85,0.0047611
50.9,0.0049536
50.95,0.0047052
51,0.0040414
51.05,0.003024
51.1,0.0017441
51.15,0.00031611
51.2,-0.0011361
51.25,-0.0024853
51.3,-0.0036176
51.35,-0.0044358
51.4,-0.0048736
51.45,-0.0048944
51.5,-0.0045007
51.55,-0.0037267
51.6,-0.0026409
51.65,-0.0013354
51.7,7.8737e-05
51.75,0.0014831
51.8,0.0027609
51.85,0.003806
51.9,0.0045336
51.95,0.0048837
52,0.00483
52.05,0.0043771
52.1,0.0035649
52.15,0.0024601
52.2,0.0011551
52.25,-0.00024317
52.3,-0.0016195
52.35,-0.0028613
52.4,-0.0038673
52.45,-0.004555
52.5,-0.0048693
52.55,-0.0047838
52.6,-0.0043067
52.65,-0.0034763
52.7,-0.0023616
52.75,-0.0010532
52.8,0.00034086
52.85,0.0017064
52.9,0.0029308
52.95,0.0039128
53,0.0045712
53.05,0.0048504
53.1,0.004727
53.15,0.0042098
53.2,0.0033415
53.25,0.0021929
53.3,0.00086021
53.35,-0.00054592
53.4,-0.0019067
53.45,-0.0031073
53.5,-0.004045
53.55,-0.0046391
53.6,-0.0048372
53.65,-0.0046205
53.7,-0.0040059
53.75,-0.003044
53.8,-0.001817
53.85,-0.00042989
53.9,0.0009966
53.95,0.0023377
54,0.0034743
54.05,0.0043048
54.1,0.0047529
54.15,0.0047766
54.2,0.0043707
54.25,0.0035692
54.3,0.002442
54.35,0.0010898
54.4,-0.00036514
54.45,-0.0017895
54.5,-0.0030513
54.55,-0.0040319
54.6,-0.0046376
54.65,-0.0048087
54.7,-0.0045258
54.75,-0.0038124
54.8,-0.0027333
54.85,-0.0013894
54.9,9.187e-05
54.95,0.0015678
55,0.0028944
55.05,0.0039407
55.1,0.0046015
55.15,0.0048082
55.2,0.0045369
55.25,0.0038111
55.3,0.0027001
55.35,0.0013134
55.4,-0.00021046
55.45,-0.0017169
55.5,-0.0030513
55.55,-0.0040748
55.6,-0.0046793
55.65,-0.0047987
55.7,-0.0044169
55.75,-0.0035705
55.8,-0.0023454
55.85,-0.0008688
55.9,0.0007041
55.95,0.0022056
56,0.0034744
56.05,0.0043719
56.1,0.0047989
56.15,0.0047056
56.2,0.0040992
56.25,0.0030427
56.3,0.0016496
56.35,7.1286e-05
56.4,-0.0015187
56.45,-0.0029439
56.5,-0.004045
56.55,-0.0046972
56.6,-0.0048252
56.65,-0.004412
56.7,-0.0035017
56.75,-0.0021943
56.8,-0.0006365
56.85,0.00099671
56.9,0.0025195
56.95,0.0037586
57,0.0045711
57.05,0.0048632
57.1,0.0045994
57.15,0.0038082
57.2,0.0025791
57.25,0.0010519
57.3,-0.00059836
57.35,-0.0021824
57.4,-0.003517
57.45,-0.0044488
57.5,-0.004869
57.55,-0.0047291
57.6,-0.0040439
57.65,-0.0028925
57.7,-0.0014069
57.75,0.0002418
57.8,0.0018636
57.85,0.0032724
57.9,0.0043056
57.95,0.0048456
58,0.0048298
58.05,0.0042616
58.1,0.0032055
58.15,0.001784
58.2,0.00015863
58.25,-0.0014845
58.3,-0.0029593
58.35,-0.0040989
58.4,-0.0047753
58.45,-0.004914
58.5,-0.0045003
58.55,-0.0035834
58.6,-0.0022662
58.65,-0.00069855
58.7,0.00094618
58.75,0.0024839
58.8,0.0037471
58.85,0.0045967
58.9,0.0049431
58.95,0.0047499
59,0.0040416
59.05,0.0028972
59.1,0.0014426
59.15,-0.00016424
59.2,-0.0017514
59.25,-0.0031494
59.3,-0.0042127
59.35,-0.0048301
59.4,-0.0049415
59.45,-0.004537
59.5,-0.003664
59.55,-0.0024138
59.6,-0.00091993
59.65,0.00066568
59.7,0.0021787
59.75,0.0034692
59.8,0.0044066
59.85,0.0049026
59.9,0.0049086
59.95,0.0044306
60,0.0035169
60.05,0.0022631
60.1,0.0007912
60.15,-0.00075178
60.2,-0.0022197
60.25,-0.0034697
60.3,-0.0043878
60.35,-0.0048868
60.4,-0.0049262
60.45,-0.0045032
60.5,-0.003664
60.55,-0.0024869
60.6,-0.0010856
60.65,0.00041202
60.7,0.0018665
60.75,0.0031485
60.8,0.0041419
60.85,0.0047614
60.9,0.0049536
60.95,0.0047053
61,0.0040416
61.05,0.0030239
61.1,0.0017445
61.15,0.00031581
61.2,-0.0011354
61.25,-0.0024857
61.3,-0.0036169
61.35,-0.0044363
61.4,-0.0048728
61.45,-0.0048949
61.5,-0.0045001
61.55,-0.003727
61.6,-0.0026405
61.65,-0.0013355
61.7,7.8876e-05
61.75,0.0014834
61.8,0.0027608
61.85,0.0038065
61.9,0.0045333
61.95,0.0048844
62,0.0048296
62.05,0.0043778
62.1,0.0035646
62.15,0.0024606
62.2,0.001155
62.25,-0.0002429
62.3,-0.0016194
62.35,-0.0028613
62.4,-0.0038669
62.45,-0.0045553
62.5,-0.0048687
62.55,-0.0047841
62.6,-0.0043061
62.65,-0.0034766
62.7,-0.0023611
62.75,-0.0010534
62.8,0.00034117
62.85,0.0017065
62.9,0.0029309
62.95,0.0039131
63,0.004571
63.05,0.0048508
63.1,0.0047268
63.15,0.0042103
63.2,0.0033412
63.25,0.0021934
63.3,0.00085996
63.35,-0.0005455
63.4,-0.0019068
63.45,-0.003107
63.5,-0.004045
63.55,-0.004639
63.6,-0.004837
63.65,-0.0046206
63.7,-0.0040055
63.75,-0.0030442
63.8,-0.0018166
63.85,-0.00043014
63.9,0.00099709
63.95,0.0023375
64,0.0034748
64.05,0.0043045
64.1,0.0047534
64.15,0.0047764
64.2,0.0043711
64.25,0.0035691
64.3,0.0024423
64.35,0.0010898
64.4,-0.0003649
64.45,-0.0017895
64.5,-0.0030511
64.55,-0.0040318
64.6,-0.0046375
64.65,-0.0048086
64.7,-0.0045257
64.75,-0.0038123
64.8,-0.0027333
64.85,-0.0013892
64.9,9.1909e-05
64.95,0.0015679
65,0.0028945
65.05,0.0039409
65.1,0.0046015
65.15,0.0048084
65.2,0.004537
65.25,0.0038112
65.3,0.0027002
65.35,0.0013135
65.4,-0.00021033
65.45,-0.0017168
65.5,-0.0030511
65.55,-0.0040748
65.6,-0.004679
65.65,-0.0047987
65.7,-0.0044166
65.75,-0.0035707
65.8,-0.002345
65.85,-0.00086901
65.9,0.00070454
65.95,0.0022054
66,0.0034749
66.05,0.0043716
66.1,0.0047993
66.15,0.0047053
66.2,0.0040997
66.25,0.0030425
66.3,0.00165
66.35,7.1194e-05
66.4,-0.0015184
66.45,-0.0029439
66.5,-0.004045
66.55,-0.0046969
66.6,-0.0048254
66.65,-0.0044116
66.7,-0.0035019
66.75,-0.0021938
66.8,-0.00063684
66.85,0.00099725
66.9,0.0025192
66.95,0.003759
67,0.004571
67.05,0.0048635
67.1,0.0045994
67.15,0.0038082
67.2,0.0025794
67.25,0.0010516
67.3,-0.00059785
67.35,-0.0021828
67.4,-0.0035164
67.45,-0.0044493
67.5,-0.0048684
67.55,-0.0047293
67.6,-0.0040435
67.65,-0.0028925
67.7,-0.0014068
67.75,0.00024205
67.8,0.0018634
67.85,0.0032729
67.9,0.0043052
67.95,0.0048463
68,0.0048293
68.05,0.0042623
68.1,0.0032051
68.15,0.0017845
68.2,0.00015845
68.25,-0.0014843
68.3,-0.0029592
68.35,-0.004099
68.4,-0.0047749
68.45,-0.0049144
68.5,-0.0044996
68.55,-0.0035839
68.6,-0.0022654
68.65,-0.00069914
68.7,0.00094694
68.75,0.0024834
68.8,0.0037477
68.85,0.0045964
68.9,0.0049436
68.95,0.0047497
69,0.0040418
69.05,0.0028973
69.1,0.0014426
69.15,-0.00016394
69.2,-0.0017516
69.25,-0.0031489
69.3,-0.0042131
69.35,-0.0048295
69.4,-0.0049421
69.45,-0.0045362
69.5,-0.0036646
69.55,-0.002413
69.6,-0.00092059
69.65,0.00066655
69.7,0.002178
69.75,0.0034701
69.8,0.0044059
69.85,0.0049035
69.9,0.0049078
69.95,0.0044315
70,0.0035162
70.05,0.002264
70.1,0.00079047
70.15,-0.00075088
70.2,-0.0022204
70.25,-0.0034688
70.3,-0.0043885
70.35,-0.0048859
70.4,-0.0049269
70.45,-0.0045024
70.5,-0.0036646
70.55,-0.0024861
70.6,-0.0010862
70.65,0.00041266
70.7,0.0018661
70.75,0.003149
70.8,0.0041417
70.85,0.0047617
70.9,0.0049536
70.95,0.0047054
71,0.0040419
71.05,0.0030237
71.1,0.001745
71.15,0.00031541
71.2,-0.0011348
71.25,-0.0024863
71.3,-0.0036161
71.35,-0.0044369
71.4,-0.0048721
71.45,-0.0048955
71.5,-0.0044994
71.55,-0.0037273
71.6,-0.0026401
71.65,-0.0013356
71.7,7.8978e-05
71.75,0.0014836
71.8,0.0027606
71.85,0.0038071
71.9,0.0045328
71.95,0.0048851
72,0.0048291
72.05,0.0043785
72.1,0.0035641
72.15,0.0024611
72.2,0.0011547
72.25,-0.00024264
72.3,-0.0016193
72.35,-0.0028614
72.4,-0.0038665
72.45,-0.0045556
72.5,-0.0048681
72.55,-0.0047846
72.6,-0.0043054
72.65,-0.0034771
72.7,-0.0023605
72.75,-0.0010537
72.8,0.00034148
72.85,0.0017065
72.9,0.0029309
72.95,0.0039134
73,0.0045708
73.05,0.0048513
73.1,0.0047264
73.15,0.0042109
73.2,0.0033407
73.25,0.002194
73.3,0.00085962
73.35,-0.00054507
73.4,-0.001907
73.45,-0.0031068
73.5,-0.004045
73.55,-0.004639
73.6,-0.0048368
73.65,-0.0046208
73.7,-0.0040051
73.75,-0.0030445
73.8,-0.0018161
73.85,-0.0004305
73.9,0.00099761
73.95,0.0023371
74,0.0034753
74.05,0.0043042
74.1,0.0047539
74.15,0.0047762
74.2,0.0043715
74.25,0.0035689
74.3,0.0024426
74.35,0.0010896
74.4,-0.00036466
74.45,-0.0017896
74.5,-0.0030509
74.55,-0.0040318
74.6,-0.0046374
74.65,-0.0048085
74.7,-0.0045257
74.75,-0.0038122
74.8,-0.0027332
74.85,-0.0013891
74.9,9.1902e-05
74.95,0.0015681
75,0.0028945
75.05,0.0039411
75.1,0.0046015
75.15,0.0048085
75.2,0.004537
75.25,0.0038113
75.3,0.0027002
75.35,0.0013135
75.4,-0.00021023
75.45,-0.0017168
75.5,-0.0030509
75.55,-0.0040749
75.6,-0.0046788
75.65,-0.0047989
75.7,-0.0044163
75.75,-0.0035709
75.8,-0.0023446
75.85,-0.00086932
75.9,0.00070503
75.95,0.002205
76,0.0034754
76.05,0.0043712
76.1,0.0047999
76.15,0.0047049
76.2,0.0041002
76.25,0.0030422
76.3,0.0016504
76.35,7.1024e-05
76.4,-0.0015182
76.45,-0.0029438
76.5,-0.004045
76.55,-0.0046967
76.6,-0.0048256
76.65,-0.0044111
76.7,-0.0035023
76.75,-0.0021932
76.8,-0.00063733
76.85,0.00099788
76.9,0.0025187
76.95,0.0037595
77,0.0045707
77.05,0.0048637
77.1,0.0045994
77.15,0.0038082
77.2,0.0025798
77.25,0.0010513
77.3,-0.00059725
77.35,-0.0021833
77.4,-0.0035157
77.45,-0.0044498
77.5,-0.0048678
77.55,-0.0047298
77.6,-0.0040431
77.65,-0.0028926
77.7,-0.0014068
77.75,0.00024233
77.8,0.0018631
77.85,0.0032736
77.9,0.0043046
77.95,0.0048471
78,0.0048286
78.05,0.0042631
78.1,0.0032045
78.15,0.0017851
78.2,0.00015815
78.25,-0.001484
78.3,-0.0029591
78.35,-0.0040991
78.4,-0.0047744
78.45,-0.0049149
78.5,-0.0044988
78.55,-0.0035847
78.6,-0.0022645
78.65,-0.00069998
78.7,0.00094789
78.75,0.0024826
78.8,0.0037485
78.85,0.0045958
78.9,0.0049441
78.95,0.0047495
79,0.0040421
79.05,0.0028974
79.1,0.0014426
79.15,-0.0001636
79.2,-0.0017519
79.25,-0.0031483
79.3,-0.0042136
79.35,-0.0048287
79.4,-0.0049428
79.45,-0.0045353
79.5,-0.0036654
79.55,-0.0024119
79.6,-0.00092156
79.65,0.00066766
79.7,0.0021769
79.75,0.0034712
79.8,0.0044048
79.85,0.0049046
79.9,0.0049068
79.95,0.0044327
80,0.0035151
80.05,0.0022652
80.1,0.00078941
80.15,-0.0007497
80.2,-0.0022214
80.25,-0.0034676
80.3,-0.0043895
80.35,-0.0048847
80.4,-0.0049279
80.45,-0.0045013
80.5,-0.0036656
80.55,-0.0024851
80.6,-0.001087
80.65,0.00041351
80.7,0.0018655
80.75,0.0031496
80.8,0.0041413
80.85,0.0047621
80.9,0.0049535
80.95,0.0047054
81,0.0040421
81.05,0.0030234
81.1,0.0017456
81.15,0.00031479
81.2,-0.0011339
81.25,-0.0024871
81.3,-0.0036151
81.35,-0.0044379
81.4,-0.004871
81.45,-0.0048963
81.5,-0.0044985
81.55,-0.003728
81.6,-0.0026395
81.65,-0.0013358
81.7,7.9065e-05
81.75,0.0014839
81.8,0.0027602
81.85,0.0038077
81.9,0.0045321
81.95,0.004886
82,0.0048282
82.05,0.0043795
82.1,0.0035633
82.15,0.0024619
82.2,0.0011543
82.25,-0.00024233
82.3,-0.0016193
82.35,-0.0028615
82.4,-0.003866
82.45,-0.0045561
82.5,-0.0048673
82.55,-0.0047853
82.6,-0.0043046
82.65,-0.0034778
82.7,-0.0023598
82.75,-0.0010541
82.8,0.00034187
82.85,0.0017064
82.9,0.0029309
82.95,0.0039137
83,0.0045704
83.05,0.004852
83.1,0.0047257
83.15,0.0042117
83.2,0.00334
83.25,0.0021948
83.3,0.00085904
83.35,-0.00054449
83.4,-0.0019073
83.45,-0.0031065
83.5,-0.004045
83.55,-0.004639
83.6,-0.0048365
83.65,-0.004621
83.7,-0.0040046
83.75,-0.003045
83.8,-0.0018155
83.85,-0.00043109
83.9,0.00099834
83.95,0.0023365
84,0.003476
84.05,0.0043036
84.1,0.0047545
84.15,0.0047757
84.2,0.004372
84.25,0.0035685
84.3,0.0024431
84.35,0.0010894
84.4,-0.00036436
84.45,-0.0017897
84.5,-0.0030507
84.55,-0.0040318
84.6,-0.0046373
84.65,-0.0048085
84.7,-0.0045257
84.75,-0.003812
84.8,-0.0027333
84.85,-0.0013889
84.9,9.1833e-05
84.95,0.0015683
85,0.0028944
85.05,0.0039412
85.1,0.0046014
85.15,0.0048087
85.2,0.004537
85.25,0.0038114
85.3,0.0027003
85.35,0.0013136
85.4,-0.00021014
85.45,-0.0017169
85.5,-0.0030507
85.55,-0.004075
85.6,-0.0046785
85.65,-0.0047992
85.7,-0.0044158
85.75,-0.0035713
85.8,-0.002344
85.85,-0.00086989
85.9,0.00070575
85.95,0.0022043
86,0.0034762
86.05,0.0043705
86.1,0.0048007
86.15,0.0047042
86.2,0.0041009
86.25,0.0030416
86.3,0.0016509
86.35,7.0687e-05
86.4,-0.0015179
86.45,-0.0029439
86.5,-0.004045
86.55,-0.0046963
86.6,-0.004826
86.65,-0.0044104
86.7,-0.0035031
86.75,-0.0021923
86.8,-0.0006382
86.85,0.00099885
86.9,0.0025179
86.95,0.0037603
87,0.0045702
87.05,0.0048641
87.1,0.0045994
87.15,0.0038081
87.2,0.0025803
87.25,0.0010507
87.3,-0.00059632
87.35,-0.0021843
87.4,-0.0035146
87.45,-0.0044509
87.5,-0.0048667
87.55,-0.0047305
87.6,-0.0040425
87.65,-0.0028929
87.7,-0.0014067
87.75,0.00024274
87.8,0.0018625
87.85,0.0032745
87.9,0.0043035
87.95,0.0048484
88,0.0048273
88.05,0.0042644
88.1,0.0032035
88.15,0.001786
88.2,0.00015756
88.25,-0.0014837
88.3,-0.002959
88.35,-0.0040995
88.4,-0.0047736
88.45,-0.0049159
88.5,-0.0044975
88.55,-0.0035861
88.6,-0.0022629
88.65,-0.00070154
88.7,0.00094951
88.75,0.0024812
88.8,0.0037499
88.85,0.0045948
88.9,0.004945
88.95,0.0047489
89,0.0040424
89.05,0.0028974
89.1,0.0014424
89.15,-0.00016304
89.2,-0.0017526
89.25,-0.0031473
89.3,-0.0042148
89.35,-0.0048273
89.4,-0.0049443
89.45,-0.0045336
89.5,-0.0036671
89.55,-0.0024101
89.6,-0.0009234
89.65,0.00066966
89.7,0.002175
89.75,0.0034733
89.8,0.0044028
89.85,0.0049067
89.9,0.0049048
89.95,0.0044348
90,0.0035131
90.05,0.0022674
90.1,0.00078735
90.15,-0.00074753
90.2,-0.0022235
90.25,-0.0034655
90.3,-0.0043916
90.35,-0.0048826
90.4,-0.0049298
90.45,-0.0044993
90.5,-0.0036674
90.55,-0.0024833
90.6,-0.0010886
90.65,0.00041507
90.7,0.0018642
90.75,0.0031508
90.8,0.0041405
90.85,0.0047628
90.9,0.0049533
90.95,0.0047054
91,0.0040425
91.05,0.0030228
91.1,0.0017466
91.15,0.00031351
91.2,-0.0011323
91.25,-0.0024889
91.3,-0.0036131
91.35,-0.0044399
91.4,-0.0048689
91.45,-0.0048982
91.5,-0.0044968
91.55,-0.0037293
91.6,-0.0026385
91.65,-0.0013363
91.7,7.9173e-05
91.75,0.0014843
91.8,0.0027594
91.85,0.003809
91.9,0.0045306
91.95,0.0048878
92,0.0048264
92.05,0.0043813
92.1,0.0035617
92.15,0.0024633
92.2,0.0011533
92.25,-0.00024175
92.3,-0.0016193
92.35,-0.0028619
92.4,-0.0038651
92.45,-0.0045574
92.5,-0.0048657
92.55,-0.004787
92.6,-0.0043028
92.65,-0.0034794
92.7,-0.0023584
92.75,-0.0010552
92.8,0.00034263
92.85,0.0017061
92.9,0.0029308
92.95,0.0039143
93,0.0045695
93.05,0.0048532
93.1,0.0047243
93.15,0.0042133
93.2,0.0033385
93.25,0.0021963
93.3,0.0008577
93.35,-0.00054329
93.4,-0.0019082
93.45,-0.0031059
93.5,-0.0040452
93.55,-0.004639
93.6,-0.0048361
93.65,-0.0046217
93.7,-0.0040036
93.75,-0.0030461
93.8,-0.0018141
93.85,-0.0004325
93.9,0.00099989
93.95,0.002335
94,0.0034776
94.05,0.0043022
94.1,0.0047559
94.15,0.0047744
94.2,0.0043732
94.25,0.0035675
94.3,0.002444
94.35,0.0010887
94.4,-0.00036373
94.45,-0.0017901
94.5,-0.0030504
94.55,-0.004032
94.6,-0.0046371
94.65,-0.0048084
94.7,-0.0045257
94.75,-0.0038119
94.8,-0.0027334
94.85,-0.0013886
94.9,9.1596e-05
94.95,0.0015686
95,0.0028941
95.05,0.0039416
95.1,0.0046012
95.15,0.004809
95.2,0.0045368
95.25,0.0038116
95.3,0.0027002
95.35,0.0013136
95.4,-0.00020998
95.45,-0.001717
95.5,-0.0030503
95.55,-0.0040755
95.6,-0.0046778
95.65,-0.0048
95.7,-0.0044148
95.75,-0.0035725
95.8,-0.0023426
95.85,-0.00087139
95.9,0.00070749
95.95,0.0022026
96,0.0034782
96.05,0.0043686
96.1,0.0048027
96.15,0.0047024
96.2,0.0041027
96.25,0.0030401
96.3,0.0016523
96.35,6.973e-05
96.4,-0.0015173
96.45,-0.002944
96.5,-0.0040453
96.55,-0.0046955
96.6,-0.0048273
96.65,-0.0044087
96.7,-0.0035051
96.75,-0.0021899
96.8,-0.00064066
96.85,0.0010014
96.9,0.0025156
96.95,0.0037624
97,0.0045687
97.05,0.0048651
97.1,0.0045992
97.15,0.0038076
97.2,0.0025816
97.25,0.0010487
97.3,-0.00059376
97.35,-0.0021872
97.4,-0.0035114
97.45,-0.0044539
97.5,-0.0048638
97.55,-0.0047329
97.6,-0.0040407
97.65,-0.0028937
97.7,-0.0014068
97.75,0.00024386
97.8,0.0018605
97.85,0.0032774
97.9,0.0043001
97.95,0.0048523
98,0.0048234
98.05,0.0042683
98.1,0.0032001
98.15,0.0017889
98.2,0.00015568
98.25,-0.0014827
98.3,-0.0029588
98.35,-0.0041007
98.4,-0.0047712
98.45,-0.0049191
98.5,-0.0044934
98.55,-0.0035907
98.6,-0.0022578
98.65,-0.00070668
98.7,0.00095462
98.75,0.0024765
98.8,0.0037542
98.85,0.0045913
98.9,0.0049478
98.95,0.0047471
99,0.0040434
99.05,0.0028974
99.1,0.0014415
99.15,-0.00016122
99.2,-0.0017552
99.25,-0.0031438
99.3,-0.0042188
99.35,-0.0048225
99.4,-0.0049495
99.45,-0.0045278
99.5,-0.0036733
99.55,-0.0024035
99.6,-0.00093019
99.65,0.00067675
99.7,0.0021678
99.75,0.0034807
99.8,0.0043953
99.85,0.0049144
99.9,0.0048971
99.95,0.0044427
100,0.0035052
100.05,0.0022754
100.1,0.0007793
100.15,-0.00073934
100.2,-0.0022317
100.25,-0.0034572
100.3,-0.0043998
100.35,-0.0048744
100.4,-0.0049379
100.45,-0.0044913
100.5,-0.0036751
100.55,-0.0024759
100.6,-0.0010954
100.65,0.00042139
100.7,0.0018587
100.75,0.0031555
100.8,0.0041368
100.85,0.0047654
100.9,0.004952
100.95,0.0047055
101,0.004044
101.05,0.0030198
101.1,0.0017511
101.15,0.00030773
101.2,-0.0011251
101.25,-0.002497
101.3,-0.0036042
101.35,-0.0044491
101.4,-0.0048597
101.45,-0.0049069
101.5,-0.004489
101.55,-0.0037357
101.6,-0.0026338
101.65,-0.0013389
101.7,7.9635e-05
101.75,0.0014862
101.8,0.0027553
101.85,0.0038152
101.9,0.0045229
101.95,0.0048968
102,0.0048169
102.05,0.0043908
102.1,0.0035531
102.15,0.0024706
102.2,0.001148
102.25,-0.00023873
102.3,-0.0016196
102.35,-0.0028641
