0,0
0.05,0
0.1,0
0.15,0
0.2,0
0.25,0
0.3,0
0.35,0
0.4,0
0.45,0
0.5,0
0.55,0
0.6,0
0.65,0
0.7,0
0.75,0
0.8,0
0.85,0
0.9,0
0.95,0
1,0
1.05,0
1.1,0
1.15,0
1.2,0
1.25,0
1.3,0
1.35,0
1.4,0
1.45,0
1.5,0
1.55,0
1.6,0
1.65,0
1.7,0
1.75,0
1.8,0
1.85,0
1.9,0
1.95,0
2,0
2.05,0
2.1,0
2.15,0
2.2,0
2.25,0
2.3,0
2.35,0
2.4,0
2.45,0
2.5,0
2.55,0
2.6,0
2.65,0
2.7,0
2.75,0
2.8,0
2.85,0
2.9,0
2.95,0
3,0
3.05,0
3.1,0
3.15,0
3.2,0
3.25,0
3.3,0
3.35,0
3.4,0
3.45,0
3.5,0
3.55,0
3.6,0
3.65,0
3.7,0
3.75,0
3.8,0
3.85,0
3.9,0
3.95,0
4,0
4.05,0
4.1,0
4.15,0
4.2,-0.0021326
4.25,-0.0034163
4.3,-0.0047717
4.35,-0.0054683
4.4,-0.0059228
4.45,-0.0056227
4.5,-0.0049946
4.55,-0.003746
4.6,-0.0023035
4.65,-0.00054252
4.7,0.0011335
4.75,0.0027643
4.8,0.0040128
4.85,0.0049185
4.9,0.0052521
4.95,0.0051147
5,0.0044019
5.05,0.0032991
5.1,0.0018083
5.15,0.00018047
5.2,-0.0015273
5.25,-0.0030472
5.3,-0.0043345
5.35,-0.0051604
5.4,-0.0055535
5.45,-0.005365
5.5,-0.0047299
5.55,-0.0035878
5.6,-0.0021761
5.65,-0.00049481
5.7,0.001154
5.75,0.0027643
5.8,0.0040261
5.85,0.0049874
5.9,0.0053839
5.95,0.0053624
6,0.0047345
6.05,0.0037593
6.1,0.0023214
6.15,0.0007689
6.2,-0.00097423
6.25,-0.0025216
6.3,-0.0039602
6.35,-0.0049271
6.4,-0.0055663
6.45,-0.0055901
6.5,-0.0052235
6.55,-0.0042804
6.6,-0.0030571
6.65,-0.0014653
6.7,0.00016958
6.75,0.0018668
6.8,0.0033338
6.85,0.0045603
6.9,0.0053488
6.95,0.0056933
7,0.0055347
7.05,0.0048871
7.1,0.0038396
7.15,0.002421
7.2,0.00084104
7.25,-0.00087756
7.3,-0.0024629
7.35,-0.0039215
7.4,-0.0049929
7.45,-0.0057257
7.5,-0.0059407
7.55,-0.0057215
7.6,-0.0050179
7.65,-0.0039242
7.7,-0.0025283
7.75,-0.00090755
7.8,0.0007477
7.85,0.0023941
7.9,0.0038102
7.95,0.0049848
8,0.005749
8.05,0.0061073
8.1,0.0060077
8.15,0.005456
8.2,0.0045299
8.25,0.0032424
8.3,0.0017535
8.35,0.00010767
8.4,-0.0015339
8.45,-0.003079
8.5,-0.0044293
8.55,-0.0054667
8.6,-0.0061665
8.65,-0.006444
8.7,-0.006315
8.75,-0.0057803
8.8,-0.0048701
8.85,-0.0036668
8.9,-0.0022226
8.95,-0.00064878
9,0.00096657
9.05,0.0025296
9.1,0.0039373
9.15,0.0051216
9.2,0.0060082
9.25,0.0065528
9.3,0.0067301
9.35,0.0065317
9.4,0.0059756
9.45,0.0050932
9.5,0.0039392
9.55,0.0025738
9.6,0.0010719
9.65,-0.00048412
9.7,-0.002023
9.75,-0.0034603
9.8,-0.0047272
9.85,-0.0057722
9.9,-0.0065357
9.95,-0.0069911
10,-0.0071261
10.05,-0.0069247
10.1,-0.0064099
10.15,-0.0056114
10.2,-0.0045543
10.25,-0.0032998
10.3,-0.001906
10.35,-0.00042132
10.4,0.0010785
10.45,0.0025284
10.5,0.0038815
10.55,0.0050725
10.6,0.0060508
10.65,0.0067915
10.7,0.0072587
10.75,0.0074306
10.8,0.0073141
10.85,0.0069113
10.9,0.0062318
10.95,0.0053131
11,0.0041907
11.05,0.0028998
11.1,0.0014963
11.15,3.5933e-05
11.2,-0.0014342
11.25,-0.0028566
11.3,-0.0041735
11.35,-0.0053419
11.4,-0.0063189
11.45,-0.0070632
11.5,-0.0075495
11.55,-0.0077614
11.6,-0.0076864
11.65,-0.0073263
11.7,-0.0066951
11.75,-0.0058128
11.8,-0.0047093
11.85,-0.0034252
11.9,-0.0020068
11.95,-0.00050525
12,0.0010238
12.05,0.0025225
12.1,0.0039328
12.15,0.0052004
12.2,0.0062746
12.25,0.0071091
12.3,0.0076681
12.35,0.0079265
12.4,0.0078667
12.45,0.0074856
12.5,0.0067955
12.55,0.0058165
12.6,0.0045832
12.65,0.0031465
12.7,0.001561
12.75,-0.00010878
12.8,-0.0017867
12.85,-0.0034008
12.9,-0.0048777
12.95,-0.0061415
13,-0.0071313
13.05,-0.0077941
13.1,-0.0080849
13.15,-0.0079844
13.2,-0.0074869
13.25,-0.006603
13.3,-0.0053734
13.35,-0.0038505
13.4,-0.0021057
13.45,-0.00023315
13.5,0.0016724
13.55,0.0035023
13.6,0.0051469
13.65,0.0065102
13.7,0.007497
13.75,0.0080395
13.8,0.0080922
13.85,0.0076329
13.9,0.0066822
13.95,0.0052826
14,0.0035168
14.05,0.0014951
14.1,-0.00065392
14.15,-0.0027762
14.2,-0.0047243
14.25,-0.006345
14.3,-0.0075104
14.35,-0.0081178
14.4,-0.0081018
14.45,-0.0074495
14.5,-0.0061898
14.55,-0.0044147
14.6,-0.0022523
14.65,0.00011823
14.7,0.0025019
14.75,0.0046834
14.8,0.0064644
14.85,0.0076669
14.9,0.0081654
14.95,0.0078911
15,0.0068519
15.05,0.0051279
15.1,0.0028759
15.15,0.00031006
15.2,-0.002309
15.25,-0.0047089
15.3,-0.0066234
15.35,-0.007835
15.4,-0.0081879
15.45,-0.0076265
15.5,-0.006188
15.55,-0.0040245
15.6,-0.0013699
15.65,0.0014641
15.7,0.0041395
15.75,0.0063208
15.8,0.007723
15.85,0.0081537
15.9,0.0075331
15.95,0.0059257
16,0.0035206
16.05,0.00062863
16.1,-0.0023663
16.15,-0.0050546
16.2,-0.007051
16.25,-0.008065
16.3,-0.0079308
16.35,-0.0066492
16.4,-0.0043909
16.45,-0.0014714
16.5,0.001678
16.55,0.0045847
16.6,0.0068012
16.65,0.0079706
16.7,0.0078988
16.75,0.0065795
16.8,0.0042049
16.85,0.0011476
16.9,-0.0021065
16.95,-0.0050268
17,-0.0071242
17.05,-0.0080435
17.1,-0.0076177
17.15,-0.0059037
17.2,-0.0031845
17.25,8.2623e-05
17.3,0.0033393
17.35,0.0060167
17.4,0.0076426
17.45,0.0079253
17.5,0.0068043
17.55,0.0044713
17.6,0.0013391
17.65,-0.0020347
17.7,-0.0050417
17.75,-0.007134
17.8,-0.0079283
17.85,-0.0072762
17.9,-0.0052931
17.95,-0.0023418
18,0.0010342
18.05,0.0042109
18.1,0.0065997
18.15,0.0077567
18.2,0.0074673
18.25,0.0057872
18.3,0.0030326
18.35,-0.00027965
18.4,-0.0035298
18.45,-0.0061094
18.5,-0.0075381
18.55,-0.0075552
18.6,-0.0061629
18.65,-0.0036271
18.7,-0.00042985
18.75,0.0028293
18.8,0.0055455
18.85,0.0072157
18.9,0.0075367
18.95,0.0064628
19,0.0042027
19.05,0.0011808
19.1,-0.0020378
19.15,-0.0048616
19.2,-0.0067828
19.25,-0.0074587
19.3,-0.0067788
19.35,-0.0048853
19.4,-0.0021308
19.45,0.00098406
19.5,0.0038955
19.55,0.0060911
19.6,0.0071965
19.65,0.0070281
19.7,0.0056336
19.75,0.0032764
19.8,0.00037344
19.85,-0.0025684
19.9,-0.0050428
19.95,-0.0066417
20,-0.0071085
20.05,-0.0063802
20.1,-0.0046017
20.15,-0.0020827
20.2,0.00075282
20.25,0.0034336
20.3,0.0055309
20.35,0.0067181
20.4,0.0068198
20.45,0.0058418
20.5,0.0039562
20.55,0.0014735
20.6,-0.0012097
20.65,-0.0036785
20.7,-0.0055596
20.75,-0.0065802
20.8,-0.0066025
20.85,-0.0056426
20.9,-0.0038617
20.95,-0.0015345
21,0.0009868
21.05,0.0033375
21.1,0.0051837
21.15,0.0062704
21.2,0.0064644
21.25,0.0057493
21.3,0.004247
21.35,0.0021774
21.4,-0.00016891
21.45,-0.0024617
21.5,-0.0044037
21.55,-0.0057331
21.6,-0.0062919
21.65,-0.00602
21.7,-0.0049634
21.75,-0.0032833
21.8,-0.0011935
21.85,0.0010186
21.9,0.0030826
21.95,0.0047351
22,0.0057782
22.05,0.0060991
22.1,0.0056595
22.15,0.0045418
22.2,0.0028749
22.25,0.00088665
22.3,-0.0011954
22.35,-0.003111
22.4,-0.0046424
22.45,-0.0056163
22.5,-0.0059214
22.55,-0.0055444
22.6,-0.0045225
22.65,-0.0030022
22.7,-0.001142
22.75,0.00082016
22.8,0.0026833
22.85,0.0042206
22.9,0.0052815
22.95,0.0057419
23,0.0055673
23.05,0.0047806
23.1,0.0034752
23.15,0.0018037
23.2,-5.699e-05
23.25,-0.0018918
23.3,-0.0035198
23.35,-0.0047505
23.4,-0.0054779
23.45,-0.0056075
23.5,-0.0051554
23.55,-0.0041502
23.6,-0.0027277
23.65,-0.0010152
23.7,0.0007812
23.75,0.002499
23.8,0.0039369
23.85,0.0049722
23.9,0.0054791
23.95,0.005431
24,0.0048167
24.05,0.0037217
24.1,0.0022432
24.15,0.00055002
24.2,-0.0012003
24.25,-0.0028167
24.3,-0.0041501
24.35,-0.0050561
24.4,-0.0054573
24.45,-0.0053061
24.5,-0.0046296
24.55,-0.0034892
24.6,-0.002008
24.65,-0.00032754
24.7,0.0013787
24.75,0.0029479
24.8,0.0042206
24.85,0.0050776
24.9,0.0054315
24.95,0.0052538
25,0.0045593
25.05,0.0034215
25.1,0.0019485
25.15,0.00028872
25.2,-0.0014007
25.25,-0.0029514
25.3,-0.0042186
25.35,-0.0050755
25.4,-0.0054462
25.45,-0.0052899
25.5,-0.0046294
25.55,-0.0035215
25.6,-0.0020809
25.65,-0.00043672
25.7,0.001245
25.75,0.0028149
25.8,0.0041138
25.85,0.0050312
25.9,0.0054688
25.95,0.0054
26,0.0048172
26.05,0.0037914
26.1,0.002402
26.15,0.00079618
26.2,-0.00089572
26.25,-0.0024982
26.3,-0.0038842
26.35,-0.0049064
26.4,-0.0054933
26.45,-0.0055709
26.5,-0.0051544
26.55,-0.0042612
26.6,-0.0029931
26.65,-0.0014446
26.7,0.00022734
26.75,0.0018908
26.8,0.0033841
26.85,0.0045889
26.9,0.0053907
26.95,0.0057275
27,0.0055678
27.05,0.004927
27.1,0.0038647
27.15,0.0024658
27.2,0.00085975
27.25,-0.0008302
27.3,-0.0024476
27.35,-0.0038746
27.4,-0.0049774
27.45,-0.0056831
27.5,-0.0059211
27.55,-0.0056865
27.6,-0.0049914
27.65,-0.0038982
27.7,-0.0024949
27.75,-0.00088905
27.8,0.00078523
27.85,0.0024094
27.9,0.0038468
27.95,0.0050023
28,0.0057796
28.05,0.0061312
28.1,0.0060301
28.15,0.0054861
28.2,0.0045467
28.25,0.0032742
28.3,0.0017708
28.35,0.00013507
28.4,-0.0015114
28.45,-0.0030583
28.5,-0.004402
28.55,-0.0054495
28.6,-0.0061397
28.65,-0.0064243
28.7,-0.006293
28.75,-0.0057565
28.8,-0.0048518
28.85,-0.0036426
28.9,-0.0022032
28.95,-0.00062767
29,0.00098851
29.05,0.0025486
29.1,0.0039591
29.15,0.0051414
29.2,0.0060283
29.25,0.0065732
29.3,0.0067497
29.35,0.0065516
29.4,0.0059949
29.45,0.0051132
29.5,0.003958
29.55,0.002593
29.6,0.0010918
29.65,-0.00046643
29.7,-0.0020033
29.75,-0.0034411
29.8,-0.0047102
29.85,-0.0057521
29.9,-0.0065175
29.95,-0.0069744
30,-0.0071058
30.05,-0.0069073
30.1,-0.0063933
30.15,-0.0055912
30.2,-0.0045375
30.25,-0.0032834
30.3,-0.001886
30.35,-0.00040477
30.4,0.0010945
30.45,0.0025481
30.5,0.0038981
30.55,0.005088
30.6,0.00607
30.65,0.0068083
30.7,0.0072739
30.75,0.0074491
30.8,0.0073313
30.85,0.0069261
30.9,0.0062495
30.95,0.0053306
31,0.0042055
31.05,0.0029165
31.1,0.0015138
31.15,5.1047e-05
31.2,-0.0014185
31.25,-0.0028393
31.3,-0.004158
31.35,-0.0053267
31.4,-0.0063023
31.45,-0.0070474
31.5,-0.0075345
31.55,-0.0077455
31.6,-0.0076706
31.65,-0.0073113
31.7,-0.0066798
31.75,-0.0057972
31.8,-0.0046942
31.85,-0.0034103
31.9,-0.0019917
31.95,-0.0004902
32,0.0010386
32.05,0.0025371
32.1,0.0039477
32.15,0.0052152
32.2,0.0062888
32.25,0.0071235
32.3,0.0076829
32.35,0.0079406
32.4,0.0078807
32.45,0.0075002
32.5,0.0068093
32.55,0.0058301
32.6,0.0045977
32.65,0.0031601
32.7,0.0015742
32.75,-9.4498e-05
32.8,-0.0017733
32.85,-0.0033878
32.9,-0.0048637
32.95,-0.0061285
33,-0.0071186
33.05,-0.0077803
33.1,-0.0080723
33.15,-0.0079718
33.2,-0.0074733
33.25,-0.0065909
33.3,-0.0053607
33.35,-0.0038374
33.4,-0.002094
33.45,-0.00022023
33.5,0.0016848
33.55,0.003514
33.6,0.0051598
33.65,0.0065217
33.7,0.0075091
33.75,0.0080517
33.8,0.0081033
33.85,0.0076453
33.9,0.0066934
33.95,0.0052942
34,0.0035285
34.05,0.0015059
34.1,-0.00064201
34.15,-0.0027656
34.2,-0.0047128
34.25,-0.0063342
34.3,-0.0074996
34.35,-0.0081067
34.4,-0.0080916
34.45,-0.0074383
34.5,-0.0061799
34.55,-0.0044037
34.6,-0.0022425
34.65,0.00012897
34.7,0.0025116
34.75,0.0046938
34.8,0.0064741
34.85,0.007677
34.9,0.008175
34.95,0.007901
35,0.0068613
35.05,0.0051376
35.1,0.0028851
35.15,0.00031963
35.2,-0.0023001
35.25,-0.0046994
35.3,-0.0066147
35.35,-0.0078256
35.4,-0.0081795
35.45,-0.0076172
35.5,-0.0061798
35.55,-0.0040154
35.6,-0.0013618
35.65,0.0014728
35.7,0.0041479
35.75,0.0063289
35.8,0.0077315
35.85,0.0081613
35.9,0.0075416
35.95,0.0059333
36,0.0035287
36.05,0.0006365
36.1,-0.0023589
36.15,-0.0050464
36.2,-0.0070439
36.25,-0.0080573
36.3,-0.0079233
36.35,-0.0066422
36.4,-0.0043831
36.45,-0.0014646
36.5,0.0016851
36.55,0.0045921
36.6,0.0068077
36.65,0.0079778
36.7,0.0079057
36.75,0.0065859
36.8,0.004212
36.85,0.001154
36.9,-0.0021002
36.95,-0.0050199
37,-0.0071182
37.05,-0.0080374
37.1,-0.007611
37.15,-0.0058979
37.2,-0.0031785
37.25,8.899e-05
37.3,0.003345
37.35,0.0060225
37.4,0.0076488
37.45,0.0079308
37.5,0.0068098
37.55,0.0044772
37.6,0.0013445
37.65,-0.0020294
37.7,-0.0050361
37.75,-0.0071286
37.8,-0.0079231
37.85,-0.0072708
37.9,-0.0052879
37.95,-0.0023368
38,0.0010392
38.05,0.004216
38.1,0.0066046
38.15,0.0077615
38.2,0.007472
38.25,0.0057921
38.3,0.0030373
38.35,-0.00027517
38.4,-0.0035251
38.45,-0.0061047
38.5,-0.0075339
38.55,-0.0075507
38.6,-0.0061582
38.65,-0.0036231
38.7,-0.00042574
38.75,0.002834
38.8,0.0055496
38.85,0.0072194
38.9,0.0075412
38.95,0.006467
39,0.0042061
39.05,0.0011851
39.1,-0.0020336
39.15,-0.0048584
39.2,-0.0067789
39.25,-0.0074544
39.3,-0.0067757
39.35,-0.0048817
39.4,-0.0021265
39.45,0.00098711
39.5,0.0038988
39.55,0.0060954
39.6,0.0071995
39.65,0.0070312
39.7,0.0056377
39.75,0.0032793
39.8,0.00037644
39.85,-0.0025645
39.9,-0.00504
39.95,-0.0066387
40,-0.0071048
40.05,-0.0063776
40.1,-0.0045987
40.15,-0.0020792
40.2,0.00075537
40.25,0.0034366
40.3,0.005534
40.35,0.0067207
40.4,0.0068229
40.45,0.0058446
40.5,0.0039589
40.55,0.0014764
40.6,-0.0012071
40.65,-0.0036758
40.7,-0.005557
40.75,-0.0065775
40.8,-0.0065999
40.85,-0.0056402
40.9,-0.0038589
40.95,-0.0015324
41,0.00098953
41.05,0.00334
41.1,0.0051857
41.15,0.0062735
41.2,0.006466
41.25,0.0057521
41.3,0.0042493
41.35,0.0021791
41.4,-0.00016572
41.45,-0.0024606
41.5,-0.0044006
41.55,-0.0057314
41.6,-0.0062899
41.65,-0.0060171
41.7,-0.0049626
41.75,-0.0032798
41.8,-0.0011927
41.85,0.0010217
41.9,0.0030842
41.95,0.0047369
42,0.005781
42.05,0.0060997
42.1,0.0056632
42.15,0.0045419
42.2,0.0028785
42.25,0.00088718
42.3,-0.0011927
42.35,-0.0031094
42.4,-0.0046409
42.45,-0.0056136
42.5,-0.005921
42.55,-0.0055408
42.6,-0.0045228
42.65,-0.0029982
42.7,-0.0011424
42.75,0.0008239
42.8,0.0026832
42.85,0.0042237
42.9,0.0052821
42.95,0.0057442
43,0.0055687
43.05,0.004782
43.1,0.0034774
43.15,0.0018043
43.2,-5.4038e-05
43.25,-0.0018919
43.3,-0.0035163
43.35,-0.004751
43.4,-0.0054741
43.45,-0.0056083
43.5,-0.0051515
43.55,-0.0041511
43.6,-0.0027238
43.65,-0.0010161
43.7,0.00078504
43.75,0.0024981
43.8,0.0039406
43.85,0.0049715
43.9,0.0054825
43.95,0.0054305
44,0.0048198
44.05,0.0037215
44.1,0.0022461
44.15,0.00054999
44.2,-0.0011976
44.25,-0.0028165
44.3,-0.0041476
44.35,-0.0050557
44.4,-0.005455
44.45,-0.0053056
44.5,-0.0046275
44.55,-0.0034885
44.6,-0.002006
44.65,-0.00032681
44.7,0.0013805
44.75,0.0029487
44.8,0.0042224
44.85,0.0050784
44.9,0.0054332
44.95,0.0052547
45,0.004561
45.05,0.0034224
45.1,0.0019502
45.15,0.00028953
45.2,-0.001399
45.25,-0.0029506
45.3,-0.0042168
45.35,-0.0050748
45.4,-0.0054443
45.45,-0.0052893
45.5,-0.0046274
45.55,-0.0035211
45.6,-0.0020788
45.65,-0.00043645
45.7,0.0012473
45.75,0.002815
45.8,0.0041162
45.85,0.0050311
45.9,0.0054714
45.95,0.0053997
46,0.00482
46.05,0.0037909
46.1,0.002405
46.15,0.00079549
46.2,-0.00089259
46.25,-0.002499
46.3,-0.0038809
46.35,-0.0049073
46.4,-0.00549
46.45,-0.0055718
46.5,-0.0051511
46.55,-0.0042621
46.6,-0.00299
46.65,-0.0014452
46.7,0.0002301
46.75,0.0018906
46.8,0.0033864
46.85,0.0045892
46.9,0.0053924
46.95,0.0057284
47,0.0055688
47.05,0.0049287
47.1,0.003865
47.15,0.0024681
47.2,0.00085949
47.25,-0.00082744
47.3,-0.0024481
47.35,-0.0038718
47.4,-0.0049778
47.45,-0.0056805
47.5,-0.005921
47.55,-0.0056846
47.6,-0.0049906
47.65,-0.0038972
47.7,-0.0024931
47.75,-0.00088892
47.8,0.00078766
47.85,0.0024092
47.9,0.0038493
47.95,0.0050024
48,0.0057814
48.05,0.0061322
48.1,0.0060309
48.15,0.005488
48.2,0.0045469
48.25,0.0032764
48.3,0.001771
48.35,0.00013679
48.4,-0.0015103
48.45,-0.0030575
48.5,-0.0044002
48.55,-0.005449
48.6,-0.0061379
48.65,-0.0064235
48.7,-0.0062918
48.75,-0.005755
48.8,-0.004851
48.85,-0.0036409
48.9,-0.0022023
48.95,-0.00062644
49,0.00098988
49.05,0.0025495
49.1,0.0039605
49.15,0.0051425
49.2,0.0060295
49.25,0.0065745
49.3,0.0067509
49.35,0.0065529
49.4,0.0059961
49.45,0.0051145
49.5,0.0039592
49.55,0.0025942
49.6,0.0010931
49.65,-0.0004654
49.7,-0.002002
49.75,-0.0034398
49.8,-0.0047092
49.85,-0.0057506
49.9,-0.0065163
49.95,-0.0069734
50,-0.0071042
50.05,-0.0069061
50.1,-0.0063923
50.15,-0.0055895
50.2,-0.0045364
50.25,-0.0032824
50.3,-0.0018844
50.35,-0.00040368
50.4,0.0010955
50.45,0.0025498
50.5,0.0038993
50.55,0.005089
50.6,0.0060717
50.65,0.0068096
50.7,0.0072748
50.75,0.0074507
50.8,0.0073327
50.85,0.006927
50.9,0.006251
50.95,0.005332
51,0.0042065
51.05,0.0029178
51.1,0.0015154
51.15,5.2124e-05
51.2,-0.0014172
51.25,-0.0028378
51.3,-0.0041568
51.35,-0.0053256
51.4,-0.0063008
51.45,-0.0070461
51.5,-0.0075334
51.55,-0.0077441
51.6,-0.0076692
51.65,-0.0073101
51.7,-0.0066785
51.75,-0.0057958
51.8,-0.0046929
51.85,-0.003409
51.9,-0.0019904
51.95,-0.00048888
52,0.0010399
52.05,0.0025384
52.1,0.003949
52.15,0.0052166
52.2,0.0062901
52.25,0.0071248
52.3,0.0076842
52.35,0.0079418
52.4,0.007882
52.45,0.0075016
52.5,0.0068106
52.55,0.0058313
52.6,0.0045991
52.65,0.0031614
52.7,0.0015754
52.75,-9.3072e-05
52.8,-0.001772
52.85,-0.0033867
52.9,-0.0048622
52.95,-0.0061272
53,-0.0071174
53.05,-0.0077788
53.1,-0.0080711
53.15,-0.0079706
53.2,-0.0074719
53.25,-0.0065897
53.3,-0.0053594
53.35,-0.003836
53.4,-0.0020929
53.45,-0.00021885
53.5,0.001686
53.55,0.0035151
53.6,0.0051612
53.65,0.0065228
53.7,0.0075103
53.75,0.0080531
53.8,0.0081044
53.85,0.0076467
53.9,0.0066945
53.95,0.0052954
54,0.0035298
54.05,0.001507
54.1,-0.00064061
54.15,-0.0027646
54.2,-0.0047115
54.25,-0.006333
54.3,-0.0074984
54.35,-0.0081054
54.4,-0.0080905
54.45,-0.0074369
54.5,-0.0061789
54.55,-0.0044024
54.6,-0.0022415
54.65,0.0001303
54.7,0.0025127
54.75,0.0046951
54.8,0.0064752
54.85,0.0076783
54.9,0.0081761
54.95,0.0079022
55,0.0068624
55.05,0.0051388
55.1,0.0028862
55.15,0.00032085
55.2,-0.002299
55.25,-0.0046982
55.3,-0.0066137
55.35,-0.0078243
55.4,-0.0081785
55.45,-0.0076159
55.5,-0.0061788
55.55,-0.0040141
55.6,-0.0013607
55.65,0.001474
55.7,0.004149
55.75,0.00633
55.8,0.0077327
55.85,0.0081623
55.9,0.0075429
55.95,0.0059343
56,0.0035299
56.05,0.0006376
56.1,-0.0023579
56.15,-0.0050452
56.2,-0.007043
56.25,-0.0080561
56.3,-0.0079223
56.35,-0.0066413
56.4,-0.0043819
56.45,-0.0014637
56.5,0.0016861
56.55,0.0045932
56.6,0.0068085
56.65,0.0079789
56.7,0.0079067
56.75,0.0065868
56.8,0.0042131
56.85,0.001155
56.9,-0.0020993
56.95,-0.0050188
57,-0.0071173
57.05,-0.0080364
57.1,-0.0076099
57.15,-0.005897
57.2,-0.0031776
57.25,9.0072e-05
57.3,0.0033458
57.35,0.0060234
57.4,0.0076498
57.45,0.0079317
57.5,0.0068107
57.55,0.0044782
57.6,0.0013454
57.65,-0.0020285
57.7,-0.0050351
57.75,-0.0071277
57.8,-0.0079222
57.85,-0.0072699
57.9,-0.005287
57.95,-0.0023359
58,0.0010401
58.05,0.0042169
58.1,0.0066055
58.15,0.0077623
58.2,0.0074729
58.25,0.005793
58.3,0.0030382
58.35,-0.0002744
58.4,-0.0035242
58.45,-0.0061038
58.5,-0.0075332
58.55,-0.0075499
58.6,-0.0061572
58.65,-0.0036224
58.7,-0.00042501
58.75,0.002835
58.8,0.0055503
58.85,0.00722
58.9,0.0075422
58.95,0.0064678
59,0.0042066
59.05,0.001186
59.1,-0.0020326
59.15,-0.0048579
59.2,-0.0067781
59.25,-0.0074534
59.3,-0.0067752
59.35,-0.004881
59.4,-0.0021255
59.45,0.0009876
59.5,0.0038994
59.55,0.0060964
59.6,0.0072
59.65,0.0070317
59.7,0.0056387
59.75,0.0032798
59.8,0.00037699
59.85,-0.0025635
59.9,-0.0050396
59.95,-0.0066382
60,-0.0071039
60.05,-0.0063771
60.1,-0.0045981
60.15,-0.0020784
60.2,0.00075581
60.25,0.0034373
60.3,0.0055347
60.35,0.0067211
60.4,0.0068236
60.45,0.0058452
60.5,0.0039594
60.55,0.0014771
60.6,-0.0012065
60.65,-0.0036751
60.7,-0.0055565
60.75,-0.0065768
60.8,-0.0065994
60.85,-0.0056397
60.9,-0.0038582
60.95,-0.001532
61,0.00099023
61.05,0.0033406
61.1,0.005186
61.15,0.0062743
61.2,0.0064662
61.25,0.0057528
61.3,0.0042498
61.35,0.0021794
61.4,-0.00016471
61.45,-0.0024606
61.5,-0.0043996
61.55,-0.0057311
61.6,-0.0062895
61.65,-0.0060162
61.7,-0.0049627
61.75,-0.0032785
61.8,-0.001193
61.85,0.0010227
61.9,0.0030845
61.95,0.0047372
62,0.005782
62.05,0.0060994
62.1,0.0056646
62.15,0.0045414
62.2,0.0028799
62.25,0.0008869
62.3,-0.0011917
62.35,-0.0031091
62.4,-0.0046407
62.45,-0.0056126
62.5,-0.0059213
62.55,-0.0055393
62.6,-0.0045235
62.65,-0.0029966
62.7,-0.0011432
62.75,0.00082546
62.8,0.0026827
62.85,0.004225
62.9,0.005282
62.95,0.005745
63,0.005569
63.05,0.0047823
63.1,0.0034782
63.15,0.0018041
63.2,-5.2844e-05
63.25,-0.0018925
63.3,-0.0035148
63.35,-0.0047518
63.4,-0.0054724
63.45,-0.0056093
63.5,-0.0051496
63.55,-0.0041522
63.6,-0.0027219
63.65,-0.0010172
63.7,0.00078682
63.75,0.0024972
63.8,0.0039423
63.85,0.0049706
63.9,0.0054841
63.95,0.0054298
64,0.0048213
64.05,0.0037209
64.1,0.0022474
64.15,0.00054951
64.2,-0.0011965
64.25,-0.0028168
64.3,-0.0041466
64.35,-0.005056
64.4,-0.0054541
64.45,-0.0053058
64.5,-0.0046266
64.55,-0.0034886
64.6,-0.0020053
64.65,-0.00032681
64.7,0.0013812
64.75,0.0029488
64.8,0.004223
64.85,0.0050785
64.9,0.0054338
64.95,0.0052548
65,0.0045616
65.05,0.0034225
65.1,0.0019508
65.15,0.00028961
65.2,-0.0013983
65.25,-0.0029506
65.3,-0.0042162
65.35,-0.0050749
65.4,-0.0054436
65.45,-0.0052894
65.5,-0.0046266
65.55,-0.0035213
65.6,-0.0020779
65.65,-0.00043672
65.7,0.0012483
65.75,0.0028146
65.8,0.0041173
65.85,0.0050306
65.9,0.0054727
65.95,0.005399
66,0.0048214
66.05,0.0037901
66.1,0.0024065
66.15,0.00079458
66.2,-0.00089094
66.25,-0.0025
66.3,-0.0038792
66.35,-0.0049084
66.4,-0.0054882
66.45,-0.0055729
66.5,-0.0051494
66.55,-0.0042631
66.6,-0.0029883
66.65,-0.001446
66.7,0.00023154
66.75,0.0018899
66.8,0.0033875
66.85,0.004589
66.9,0.0053931
66.95,0.0057287
67,0.0055691
67.05,0.0049294
67.1,0.0038647
67.15,0.0024692
67.2,0.00085885
67.25,-0.00082597
67.3,-0.002449
67.35,-0.0038702
67.4,-0.0049787
67.45,-0.0056791
67.5,-0.0059215
67.55,-0.0056838
67.6,-0.0049904
67.65,-0.003897
67.7,-0.0024923
67.75,-0.0008893
67.8,0.00078894
67.85,0.0024085
67.9,0.0038506
67.95,0.005002
68,0.0057822
68.05,0.0061324
68.1,0.0060311
68.15,0.0054889
68.2,0.0045466
68.25,0.0032775
68.3,0.0017708
68.35,0.00013756
68.4,-0.0015101
68.45,-0.0030573
68.5,-0.0043994
68.55,-0.0054492
68.6,-0.0061371
68.65,-0.0064234
68.7,-0.0062914
68.75,-0.0057545
68.8,-0.004851
68.85,-0.0036402
68.9,-0.0022021
68.95,-0.00062603
69,0.0009904
69.05,0.0025497
69.1,0.0039611
69.15,0.0051428
69.2,0.0060299
69.25,0.0065749
69.3,0.0067512
69.35,0.0065533
69.4,0.0059964
69.45,0.005115
69.5,0.0039595
69.55,0.0025946
69.6,0.0010936
69.65,-0.00046515
69.7,-0.0020015
69.75,-0.0034393
69.8,-0.004709
69.85,-0.00575
69.9,-0.0065159
69.95,-0.0069732
70,-0.0071036
70.05,-0.0069058
70.1,-0.0063921
70.15,-0.0055888
70.2,-0.0045361
70.25,-0.0032821
70.3,-0.0018836
70.35,-0.0004034
70.4,0.0010957
70.45,0.0025505
70.5,0.0038996
70.55,0.0050892
70.6,0.0060724
70.65,0.00681
70.7,0.007275
70.75,0.0074514
70.8,0.0073331
70.85,0.0069272
70.9,0.0062515
70.95,0.0053326
71,0.0042067
71.05,0.0029183
71.1,0.001516
71.15,5.2382e-05
71.2,-0.0014169
71.25,-0.0028372
71.3,-0.0041565
71.35,-0.0053253
71.4,-0.0063003
71.45,-0.0070456
71.5,-0.0075331
71.55,-0.0077436
71.6,-0.0076687
71.65,-0.0073097
71.7,-0.0066781
71.75,-0.0057953
71.8,-0.0046925
71.85,-0.0034086
71.9,-0.00199
71.95,-0.00048843
72,0.0010404
72.05,0.0025388
72.1,0.0039494
72.15,0.005217
72.2,0.0062905
72.25,0.0071252
72.3,0.0076847
72.35,0.0079422
72.4,0.0078824
72.45,0.0075022
72.5,0.006811
72.55,0.0058317
72.6,0.0045997
72.65,0.0031618
72.7,0.0015757
72.75,-9.2516e-05
72.8,-0.0017716
72.85,-0.0033863
72.9,-0.0048617
72.95,-0.0061268
73,-0.007117
73.05,-0.0077782
73.1,-0.0080707
73.15,-0.0079702
73.2,-0.0074713
73.25,-0.0065894
73.3,-0.0053589
73.35,-0.0038354
73.4,-0.0020926
73.45,-0.00021831
73.5,0.0016865
73.55,0.0035155
73.6,0.0051618
73.65,0.0065231
73.7,0.0075108
73.75,0.0080536
73.8,0.0081047
73.85,0.0076473
73.9,0.0066949
73.95,0.0052959
74,0.0035303
74.05,0.0015073
74.1,-0.00064003
74.15,-0.0027643
74.2,-0.0047109
74.25,-0.0063326
74.3,-0.007498
74.35,-0.0081049
74.4,-0.0080902
74.45,-0.0074364
74.5,-0.0061786
74.55,-0.0044018
74.6,-0.0022412
74.65,0.00013084
74.7,0.002513
74.75,0.0046956
74.8,0.0064755
74.85,0.0076787
74.9,0.0081765
74.95,0.0079027
75,0.0068628
75.05,0.0051392
75.1,0.0028866
75.15,0.00032133
75.2,-0.0022986
75.25,-0.0046977
75.3,-0.0066133
75.35,-0.0078238
75.4,-0.0081782
75.45,-0.0076153
75.5,-0.0061786
75.55,-0.0040136
75.6,-0.0013604
75.65,0.0014745
75.7,0.0041493
75.75,0.0063303
75.8,0.0077332
75.85,0.0081625
75.9,0.0075434
75.95,0.0059345
76,0.0035303
76.05,0.00063802
76.1,-0.0023576
76.15,-0.0050447
76.2,-0.0070427
76.25,-0.0080557
76.3,-0.0079218
76.35,-0.006641
76.4,-0.0043814
76.45,-0.0014634
76.5,0.0016865
76.55,0.0045937
76.6,0.0068088
76.65,0.0079794
76.7,0.0079071
76.75,0.006587
76.8,0.0042137
76.85,0.0011553
76.9,-0.002099
76.95,-0.0050183
77,-0.007117
77.05,-0.0080361
77.1,-0.0076094
77.15,-0.0058967
77.2,-0.0031772
77.25,9.0565e-05
77.3,0.0033461
77.35,0.0060237
77.4,0.0076503
77.45,0.007932
77.5,0.006811
77.55,0.0044787
77.6,0.0013457
77.65,-0.0020282
77.7,-0.0050347
77.75,-0.0071274
77.8,-0.0079219
77.85,-0.0072695
77.9,-0.0052866
77.95,-0.0023356
78,0.0010404
78.05,0.0042172
78.1,0.0066059
78.15,0.0077627
78.2,0.0074732
78.25,0.0057934
78.3,0.0030385
78.35,-0.00027415
78.4,-0.0035238
78.45,-0.0061034
78.5,-0.007533
78.55,-0.0075495
78.6,-0.0061567
78.65,-0.0036222
78.7,-0.00042477
78.75,0.0028355
78.8,0.0055506
78.85,0.0072201
78.9,0.0075427
78.95,0.0064682
79,0.0042067
79.05,0.0011865
79.1,-0.0020322
79.15,-0.0048579
79.2,-0.0067777
79.25,-0.0074528
79.3,-0.0067752
79.35,-0.0048807
79.4,-0.0021248
79.45,0.00098762
79.5,0.0038996
79.55,0.0060971
79.6,0.0072001
79.65,0.0070319
79.7,0.0056394
79.75,0.0032799
79.8,0.00037711
79.85,-0.0025629
79.9,-0.0050395
79.95,-0.006638
80,-0.0071033
80.05,-0.0063771
80.1,-0.0045978
80.15,-0.0020778
80.2,0.00075583
80.25,0.0034377
80.3,0.0055351
80.35,0.0067212
80.4,0.006824
80.45,0.0058455
80.5,0.0039596
80.55,0.0014774
80.6,-0.0012063
80.65,-0.0036748
80.7,-0.0055563
80.75,-0.0065765
80.8,-0.0065991
80.85,-0.0056395
80.9,-0.0038577
80.95,-0.001532
81,0.00099063
81.05,0.0033409
81.1,0.005186
81.15,0.006275
81.2,0.006466
81.25,0.0057533
81.3,0.0042501
81.35,0.0021792
81.4,-0.00016386
81.45,-0.0024611
81.5,-0.0043988
81.55,-0.0057312
81.6,-0.0062894
81.65,-0.0060154
81.7,-0.0049634
81.75,-0.0032773
81.8,-0.0011937
81.85,0.0010236
81.9,0.0030844
81.95,0.0047372
82,0.0057829
82.05,0.0060986
82.1,0.0056661
82.15,0.0045402
82.2,0.0028814
82.25,0.0008861
82.3,-0.0011909
82.35,-0.0031091
82.4,-0.0046407
82.45,-0.0056117
82.5,-0.0059222
82.55,-0.0055377
82.6,-0.0045249
82.65,-0.0029947
82.7,-0.0011447
82.75,0.00082723
82.8,0.0026815
82.85,0.0042263
82.9,0.0052813
82.95,0.0057456
83,0.0055691
83.05,0.0047823
83.1,0.0034789
83.15,0.0018035
83.2,-5.1531e-05
83.25,-0.0018937
83.3,-0.003513
83.35,-0.0047534
83.4,-0.0054703
83.45,-0.0056111
83.5,-0.0051474
83.55,-0.0041541
83.6,-0.0027197
83.65,-0.0010191
83.7,0.00078905
83.75,0.0024953
83.8,0.0039444
83.85,0.0049689
83.9,0.005486
83.95,0.0054282
84,0.004823
84.05,0.0037196
84.1,0.002249
84.15,0.00054839
84.2,-0.0011951
84.25,-0.0028178
84.3,-0.0041454
84.35,-0.0050567
84.4,-0.0054531
84.45,-0.0053064
84.5,-0.0046257
84.55,-0.0034891
84.6,-0.0020045
84.65,-0.0003272
84.7,0.0013819
84.75,0.0029485
84.8,0.0042236
84.85,0.0050783
84.9,0.0054344
84.95,0.0052545
85,0.0045621
85.05,0.0034223
85.1,0.0019514
85.15,0.00028934
85.2,-0.0013977
85.25,-0.0029509
85.3,-0.0042155
85.35,-0.0050753
85.4,-0.0054428
85.45,-0.0052899
85.5,-0.0046257
85.55,-0.0035219
85.6,-0.0020768
85.65,-0.00043755
85.7,0.0012495
85.75,0.0028136
85.8,0.0041188
85.85,0.0050294
85.9,0.0054744
85.95,0.0053976
86,0.0048233
86.05,0.0037884
86.1,0.0024086
86.15,0.00079266
86.2,-0.0008886
86.25,-0.0025021
86.3,-0.0038767
86.35,-0.0049106
86.4,-0.0054856
86.45,-0.0055752
86.5,-0.0051468
86.55,-0.0042653
86.6,-0.0029859
86.65,-0.001448
86.7,0.00023359
86.75,0.0018885
86.8,0.003389
86.85,0.0045881
86.9,0.0053939
86.95,0.0057286
87,0.005569
87.05,0.0049302
87.1,0.0038639
87.15,0.0024708
87.2,0.00085728
87.25,-0.00082382
87.3,-0.002451
87.35,-0.0038679
87.4,-0.0049805
87.45,-0.0056772
87.5,-0.0059227
87.55,-0.0056827
87.6,-0.0049906
87.65,-0.0038971
87.7,-0.0024912
87.75,-0.00089046
87.8,0.00079076
87.85,0.0024069
87.9,0.0038525
87.95,0.0050008
88,0.0057833
88.05,0.0061323
88.1,0.0060308
88.15,0.00549
88.2,0.0045454
88.25,0.0032791
88.3,0.0017697
88.35,0.00013849
88.4,-0.00151
88.45,-0.0030576
88.5,-0.0043983
88.55,-0.0054501
88.6,-0.006136
88.65,-0.0064237
88.7,-0.0062912
88.75,-0.0057539
88.8,-0.0048515
88.85,-0.0036394
88.9,-0.0022023
88.95,-0.0006258
89,0.00099083
89.05,0.0025495
89.1,0.0039616
89.15,0.0051428
89.2,0.00603
89.25,0.0065752
89.3,0.0067513
89.35,0.0065536
89.4,0.0059965
89.45,0.0051153
89.5,0.0039596
89.55,0.0025948
89.6,0.001094
89.65,-0.00046525
89.7,-0.0020011
89.75,-0.003439
89.8,-0.0047092
89.85,-0.0057494
89.9,-0.0065158
89.95,-0.0069734
90,-0.0071029
90.05,-0.0069058
90.1,-0.0063923
90.15,-0.005588
90.2,-0.0045361
90.25,-0.0032823
90.3,-0.0018828
90.35,-0.00040346
90.4,0.0010955
90.45,0.0025513
90.5,0.0038996
90.55,0.0050889
90.6,0.0060732
90.65,0.0068101
90.7,0.0072746
90.75,0.0074521
90.8,0.0073335
90.85,0.0069268
90.9,0.0062521
90.95,0.0053331
91,0.0042064
91.05,0.0029186
91.1,0.0015166
91.15,5.2238e-05
91.2,-0.0014168
91.25,-0.0028366
91.3,-0.0041564
91.35,-0.0053253
91.4,-0.0062998
91.45,-0.0070454
91.5,-0.0075331
91.55,-0.0077433
91.6,-0.0076684
91.65,-0.0073097
91.7,-0.0066779
91.75,-0.005795
91.8,-0.0046923
91.85,-0.0034084
91.9,-0.0019897
91.95,-0.00048819
92,0.0010406
92.05,0.0025389
92.1,0.0039497
92.15,0.0052173
92.2,0.0062906
92.25,0.0071254
92.3,0.0076851
92.35,0.0079423
92.4,0.0078825
92.45,0.0075026
92.5,0.0068111
92.55,0.0058317
92.6,0.0046001
92.65,0.0031619
92.7,0.0015758
92.75,-9.2046e-05
92.8,-0.0017715
92.85,-0.0033863
92.9,-0.0048612
92.95,-0.0061267
93,-0.007117
93.05,-0.0077777
93.1,-0.0080707
93.15,-0.0079701
93.2,-0.0074708
93.25,-0.0065895
93.3,-0.0053587
93.35,-0.003835
93.4,-0.0020927
93.45,-0.00021787
93.5,0.0016867
93.55,0.0035154
93.6,0.0051624
93.65,0.0065231
93.7,0.0075111
93.75,0.008054
93.8,0.0081046
93.85,0.0076479
93.9,0.0066949
93.95,0.0052962
94,0.0035307
94.05,0.0015072
94.1,-0.00063947
94.15,-0.0027644
94.2,-0.0047105
94.25,-0.0063325
94.3,-0.0074978
94.35,-0.0081045
94.4,-0.0080902
94.45,-0.0074359
94.5,-0.0061787
94.55,-0.0044012
94.6,-0.0022413
94.65,0.00013135
94.7,0.002513
94.75,0.004696
94.8,0.0064756
94.85,0.0076791
94.9,0.0081766
94.95,0.007903
95,0.006863
95.05,0.0051395
95.1,0.0028867
95.15,0.00032168
95.2,-0.0022986
95.25,-0.0046973
95.3,-0.0066134
95.35,-0.0078233
95.4,-0.0081784
95.45,-0.0076147
95.5,-0.0061787
95.55,-0.004013
95.6,-0.0013605
95.65,0.0014749
95.7,0.0041495
95.75,0.0063304
95.8,0.0077337
95.85,0.0081624
95.9,0.0075441
95.95,0.0059344
96,0.0035307
96.05,0.00063827
96.1,-0.0023577
96.15,-0.0050441
96.2,-0.0070429
96.25,-0.0080552
96.3,-0.0079216
96.35,-0.0066412
96.4,-0.0043807
96.45,-0.0014635
96.5,0.0016868
96.55,0.0045942
96.6,0.0068085
96.65,0.0079799
96.7,0.0079073
96.75,0.0065869
96.8,0.0042143
96.85,0.0011553
96.9,-0.0020991
96.95,-0.0050176
97,-0.0071171
97.05,-0.008036
97.1,-0.0076088
97.15,-0.0058969
97.2,-0.0031771
97.25,9.1137e-05
97.3,0.003346
97.35,0.0060238
97.4,0.0076508
97.45,0.0079319
97.5,0.0068111
97.55,0.0044792
97.6,0.0013457
97.65,-0.0020282
97.7,-0.0050342
97.75,-0.0071272
97.8,-0.0079219
97.85,-0.0072692
97.9,-0.0052864
97.95,-0.0023355
98,0.0010406
98.05,0.0042175
98.1,0.0066061
98.15,0.0077628
98.2,0.0074733
98.25,0.0057937
98.3,0.0030387
98.35,-0.00027427
98.4,-0.0035234
98.45,-0.006103
98.5,-0.0075333
98.55,-0.0075493
98.6,-0.006156
98.65,-0.0036225
98.7,-0.00042493
98.75,0.0028365
98.8,0.0055505
98.85,0.0072195
98.9,0.0075438
98.95,0.0064685
99,0.0042057
99.05,0.0011873
99.1,-0.0020313
99.15,-0.0048591
99.2,-0.0067773
99.25,-0.0074515
99.3,-0.0067764
99.35,-0.0048807
99.4,-0.0021232
99.45,0.00098662
99.5,0.0038993
99.55,0.0060989
99.6,0.0071992
99.65,0.0070313
99.7,0.0056412
99.75,0.003279
99.8,0.00037656
99.85,-0.0025611
99.9,-0.0050404
99.95,-0.0066383
100,-0.0071016
100.05,-0.0063781
100.1,-0.0045978
100.15,-0.0020766
100.2,0.00075479
100.25,0.0034382
100.3,0.0055358
100.35,0.0067205
100.4,0.0068248
100.45,0.0058455
100.5,0.0039595
100.55,0.0014779
100.6,-0.0012065
100.65,-0.0036743
100.7,-0.0055566
100.75,-0.006576
100.8,-0.006599
100.85,-0.00564
100.9,-0.0038563
100.95,-0.0015334
101,0.00099172
101.05,0.0033413
101.1,0.0051845
101.15,0.0062779
101.2,0.0064633
101.25,0.0057552
101.3,0.0042504
101.35,0.002177
101.4,-0.00015966
101.45,-0.0024657
101.5,-0.0043947
101.55,-0.0057329
101.6,-0.0062902
101.65,-0.0060115
101.7,-0.0049692
101.75,-0.0032702
101.8,-0.0012002
101.85,0.0010286
101.9,0.0030825
101.95,0.0047359
102,0.0057878
102.05,0.006091
102.1,0.0056758
102.15,0.0045302
102.2,0.002891
102.25,0.00087852
102.3,-0.0011859
102.35,-0.0031105
