0,-1.0296e-05
0.05,-5.9203e-05
0.1,-9.5157e-05
0.15,-0.0001103
0.2,-0.00010134
0.25,-7.0231e-05
0.3,-2.3784e-05
0.35,2.7851e-05
0.4,7.3391e-05
0.45,0.00010289
0.5,0.00010992
0.55,9.2938e-05
0.6,5.5671e-05
0.65,6.258e-06
0.7,-4.4511e-05
0.75,-8.5554e-05
0.8,-0.00010792
0.85,-0.00010673
0.9,-8.2261e-05
0.95,-3.985e-05
1,1.1243e-05
1.05,5.9874e-05
1.1,9.5439e-05
1.15,0.00011019
1.2,0.00010091
1.25,6.9646e-05
1.3,2.3207e-05
1.35,-2.828e-05
1.4,-7.3593e-05
1.45,-0.00010286
1.5,-0.00010972
1.55,-9.2684e-05
1.6,-5.5465e-05
1.65,-6.1774e-06
1.7,4.4444e-05
1.75,8.5379e-05
1.8,0.00010772
1.85,0.00010662
1.9,8.2316e-05
1.95,4.011e-05
2,-1.0811e-05
2.05,-5.937e-05
2.1,-9.5006e-05
2.15,-0.00010997
2.2,-0.00010103
2.25,-7.0126e-05
2.3,-2.3987e-05
2.35,2.7355e-05
2.4,7.274e-05
2.45,0.00010231
2.5,0.00010965
2.55,9.3168e-05
2.6,5.6458e-05
2.65,7.4962e-06
2.7,-4.3081e-05
2.75,-8.4293e-05
2.8,-0.0001072
2.85,-0.00010683
2.9,-8.3286e-05
2.95,-4.1673e-05
3,8.9695e-06
3.05,5.7654e-05
3.1,9.3823e-05
3.15,0.00010964
3.2,0.00010168
3.25,7.1674e-05
3.3,2.6144e-05
3.35,-2.504e-05
3.4,-7.0785e-05
3.45,-0.00010118
3.5,-0.00010965
3.55,-9.4367e-05
3.6,-5.8648e-05
3.65,-1.0239e-05
3.7,4.0374e-05
3.75,8.2234e-05
3.8,0.00010628
3.85,0.00010732
3.9,8.5139e-05
3.95,4.4539e-05
4,-5.6841e-06
4.05,-5.4665e-05
4.1,-9.181e-05
4.15,-0.00010909
4.2,-0.00010278
4.25,-7.4255e-05
4.3,-2.9686e-05
4.35,2.1287e-05
4.4,6.7646e-05
4.45,9.9377e-05
4.5,0.00010963
4.55,9.6203e-05
4.6,6.2002e-05
4.65,1.4423e-05
4.7,-3.6256e-05
4.75,-7.9095e-05
4.8,-0.00010485
4.85,-0.00010797
4.9,-8.7793e-05
4.95,-4.868e-05
5,9.2221e-07
5.05,5.0311e-05
5.1,8.8837e-05
5.15,0.0001082
5.2,0.00010422
5.25,7.7788e-05
5.3,3.4594e-05
5.35,-1.6042e-05
5.4,-6.3206e-05
5.45,-9.674e-05
5.5,-0.00010943
5.55,-9.8543e-05
5.6,-6.6444e-05
5.65,-2.0048e-05
5.7,3.0649e-05
5.75,7.4734e-05
5.8,0.00010272
5.85,0.0001086
5.9,9.1111e-05
5.95,5.4029e-05
6,5.3385e-06
6.05,-4.4485e-05
6.1,-8.4728e-05
6.15,-0.00010674
6.2,-0.00010581
6.25,-8.2135e-05
6.3,-4.0819e-05
6.35,9.2545e-06
6.4,5.7324e-05
6.45,9.3065e-05
6.5,0.00010881
6.55,0.00010119
6.6,7.1841e-05
6.65,2.7085e-05
6.7,-2.3469e-05
6.75,-6.8971e-05
6.8,-9.966e-05
6.85,-0.00010896
6.9,-9.4886e-05
6.95,-6.0468e-05
7,-1.3096e-05
7.05,3.7068e-05
7.1,7.927e-05
7.15,0.00010447
7.2,0.00010727
7.25,8.709e-05
7.3,4.8259e-05
7.35,-8.9529e-07
7.4,-4.9841e-05
7.45,-8.8099e-05
7.5,-0.00010748
7.55,-0.00010385
7.6,-7.7995e-05
7.65,-3.5458e-05
7.7,1.465e-05
7.75,6.1608e-05
7.8,9.5372e-05
7.85,0.00010873
7.9,9.8831e-05
7.95,6.7809e-05
8,2.2304e-05
8.05,-2.7952e-05
8.1,-7.2217e-05
8.15,-0.00010104
8.2,-0.00010826
8.25,-9.2364e-05
8.3,-5.6746e-05
8.35,-9.0249e-06
8.4,4.0606e-05
8.45,8.1551e-05
8.5,0.00010508
8.55,0.00010617
8.6,8.4619e-05
8.65,4.5021e-05
8.7,-4.1633e-06
8.75,-5.2442e-05
8.8,-8.9522e-05
8.85,-0.0001075
8.9,-0.00010257
8.95,-7.5774e-05
9,-3.2847e-05
9.05,1.7062e-05
9.1,6.3318e-05
9.15,9.6071e-05
9.2,0.00010836
9.25,9.7568e-05
9.3,6.6016e-05
9.35,2.0426e-05
9.4,-2.9492e-05
9.45,-7.3117e-05
9.5,-0.00010117
9.55,-0.0001077
9.6,-9.1319e-05
9.65,-5.5531e-05
9.7,-7.9535e-06
9.75,4.1296e-05
9.8,8.175e-05
9.85,0.00010482
9.9,0.00010561
9.95,8.3971e-05
10,4.4507e-05
10.05,-4.391e-06
10.1,-5.2337e-05
10.15,-8.9155e-05
10.2,-0.00010704
10.25,-0.0001022
10.3,-7.5683e-05
10.35,-3.3124e-05
10.4,1.6443e-05
10.45,6.2502e-05
10.5,9.5292e-05
10.55,0.00010787
10.6,9.7579e-05
10.65,6.6617e-05
10.7,2.1554e-05
10.75,-2.8056e-05
10.8,-7.1702e-05
10.85,-0.00010015
10.9,-0.00010738
10.95,-9.1874e-05
11,-5.6933e-05
11.05,-9.9597e-06
11.1,3.9101e-05
11.15,7.9869e-05
11.2,0.00010373
11.25,0.00010564
11.3,8.5218e-05
11.35,4.6791e-05
11.4,-1.5095e-06
11.45,-4.9469e-05
11.5,-8.6956e-05
11.55,-0.00010606
11.6,-0.00010275
11.65,-7.7748e-05
11.7,-3.6341e-05
11.75,1.2718e-05
11.8,5.9072e-05
11.85,9.2939e-05
11.9,0.00010718
11.95,9.881e-05
12,6.9601e-05
12.05,2.573e-05
12.1,-2.3547e-05
12.15,-6.7837e-05
12.2,-9.781e-05
12.25,-0.00010716
12.3,-9.3926e-05
12.35,-6.0915e-05
12.4,-1.509e-05
12.45,3.3891e-05
12.5,7.5714e-05
12.55,0.00010158
12.6,0.00010606
12.65,8.8213e-05
12.7,5.1821e-05
12.75,4.5458e-06
12.8,-4.3663e-05
12.85,-8.2667e-05
12.9,-0.00010427
12.95,-0.00010395
13,-8.1787e-05
13.05,-4.2447e-05
13.1,5.7916e-06
13.15,5.279e-05
13.2,8.8679e-05
13.25,0.00010593
13.3,0.00010094
13.35,7.4763e-05
13.4,3.2912e-05
13.45,-1.5824e-05
13.5,-6.1216e-05
13.55,-9.3747e-05
13.6,-0.0001066
13.65,-9.7105e-05
13.7,-6.7256e-05
13.75,-2.3328e-05
13.8,2.5467e-05
13.85,6.8901e-05
13.9,9.7882e-05
13.95,0.00010635
14,9.2546e-05
14.05,5.9376e-05
14.1,1.3796e-05
14.15,-3.4648e-05
14.2,-7.5817e-05
14.25,-0.00010111
14.3,-0.00010524
14.35,-8.7359e-05
14.4,-5.1228e-05
14.45,-4.408e-06
14.5,4.3309e-05
14.55,8.1951e-05
14.6,0.00010345
14.65,0.00010334
14.7,8.164e-05
14.75,4.2911e-05
14.8,-4.7552e-06
14.85,-5.1403e-05
14.9,-8.73e-05
14.95,-0.00010496
15,-0.00010073
15.05,-7.5484e-05
15.1,-3.4517e-05
15.15,1.3624e-05
15.2,5.8898e-05
15.25,9.1874e-05
15.3,0.00010569
15.35,9.7484e-05
15.4,6.898e-05
15.45,2.6129e-05
15.5,-2.2138e-05
15.55,-6.577e-05
15.6,-9.5691e-05
15.65,-0.00010569
15.7,-9.3691e-05
15.75,-6.2217e-05
15.8,-1.7824e-05
15.85,3.0249e-05
15.9,7.2008e-05
15.95,9.8779e-05
16,0.00010501
16.05,8.9425e-05
16.1,5.5276e-05
16.15,9.6688e-06
16.2,-3.7919e-05
16.25,-7.7609e-05
16.3,-0.00010117
16.35,-0.00010373
16.4,-8.4764e-05
16.45,-4.8233e-05
16.5,-1.7217e-06
16.55,4.5119e-05
16.6,8.258e-05
16.65,0.00010291
16.7,0.0001019
16.75,7.9783e-05
16.8,4.1157e-05
16.85,-5.967e-06
16.9,-5.1828e-05
16.95,-8.6933e-05
17,-0.00010403
17.05,-9.9589e-05
17.1,-7.4552e-05
17.15,-3.4113e-05
17.2,1.3356e-05
17.25,5.8034e-05
17.3,9.069e-05
17.35,0.00010459
17.4,9.6865e-05
17.45,6.9141e-05
17.5,2.7156e-05
17.55,-2.041e-05
17.6,-6.3733e-05
17.65,-9.3875e-05
17.7,-0.00010463
17.75,-9.3789e-05
17.8,-6.3612e-05
17.85,-2.0336e-05
17.9,2.7105e-05
17.95,6.8928e-05
18,9.652e-05
18.05,0.00010421
18.1,9.0422e-05
18.15,5.8023e-05
18.2,1.3697e-05
18.25,-3.342e-05
18.3,-7.3627e-05
18.35,-9.8657e-05
18.4,-0.00010337
18.45,-8.6822e-05
18.5,-5.2427e-05
18.55,-7.2755e-06
18.6,3.9342e-05
18.65,7.7843e-05
18.7,0.00010032
18.75,0.00010218
18.8,8.3047e-05
18.85,4.6875e-05
18.9,1.1025e-06
18.95,-4.4865e-05
19,-8.1595e-05
19.05,-0.00010156
19.1,-0.00010068
19.15,-7.9149e-05
19.2,-4.1407e-05
19.25,4.7971e-06
19.3,4.9987e-05
19.35,8.4902e-05
19.4,0.0001024
19.45,9.8915e-05
19.5,7.5176e-05
19.55,3.6063e-05
19.6,-1.0404e-05
19.65,-5.4709e-05
19.7,-8.7791e-05
19.75,-0.00010289
19.8,-9.6941e-05
19.85,-7.1174e-05
19.9,-3.0877e-05
19.95,1.5702e-05
20,5.904e-05
20.05,9.0286e-05
20.1,0.00010307
20.15,9.4801e-05
20.2,6.7185e-05
20.25,2.5876e-05
20.3,-2.0683e-05
20.35,-6.2988e-05
20.4,-9.2417e-05
20.45,-0.00010298
20.5,-9.2539e-05
20.55,-6.3246e-05
20.6,-2.1086e-05
20.65,2.5338e-05
20.7,6.6567e-05
20.75,9.4211e-05
20.8,0.00010265
20.85,9.0195e-05
20.9,5.9391e-05
20.95,1.6528e-05
21,-2.9666e-05
21.05,-6.9792e-05
21.1,-9.5698e-05
21.15,-0.00010213
21.2,-8.7807e-05
21.25,-5.5652e-05
21.3,-1.2217e-05
21.35,3.3666e-05
21.4,7.2678e-05
21.45,9.6908e-05
21.5,0.00010145
21.55,8.541e-05
21.6,5.2054e-05
21.65,8.1675e-06
21.7,-3.7341e-05
21.75,-7.5245e-05
21.8,-9.787e-05
21.85,-0.00010065
21.9,-8.3036e-05
21.95,-4.8622e-05
22,-4.3903e-06
22.05,4.0695e-05
22.1,7.7509e-05
22.15,9.8612e-05
22.2,9.975e-05
22.25,8.0715e-05
22.3,4.5376e-05
22.35,8.9307e-07
22.4,-4.3735e-05
22.45,-7.949e-05
22.5,-9.916e-05
22.55,-9.8789e-05
22.6,-7.8474e-05
22.65,-4.2334e-05
22.7,2.3184e-06
22.75,4.6467e-05
22.8,8.1207e-05
22.85,9.9542e-05
22.9,9.7794e-05
22.95,7.6335e-05
23,3.9512e-05
23.05,-5.2403e-06
23.1,-4.89e-05
23.15,-8.2677e-05
23.2,-9.9781e-05
23.25,-9.6788e-05
23.3,-7.4322e-05
23.35,-3.6923e-05
23.4,7.8702e-06
23.45,5.1043e-05
23.5,8.3918e-05
23.55,9.99e-05
23.6,9.5795e-05
23.65,7.2451e-05
23.7,3.4577e-05
23.75,-1.0207e-05
23.8,-5.2904e-05
23.85,-8.4947e-05
23.9,-9.9919e-05
23.95,-9.4836e-05
24,-7.074e-05
24.05,-3.2483e-05
24.1,1.2251e-05
24.15,5.4491e-05
24.2,8.5778e-05
24.25,9.9857e-05
24.3,9.3929e-05
24.35,6.9203e-05
24.4,3.0649e-05
24.45,-1.4003e-05
24.5,-5.5814e-05
24.55,-8.6425e-05
24.6,-9.973e-05
24.65,-9.3089e-05
24.7,-6.7851e-05
24.75,-2.9081e-05
24.8,1.5463e-05
24.85,5.6879e-05
24.9,8.6902e-05
24.95,9.9553e-05
25,9.233e-05
25.05,6.6695e-05
25.1,2.7783e-05
25.15,-1.6633e-05
25.2,-5.7692e-05
25.25,-8.7217e-05
25.3,-9.9338e-05
25.35,-9.1663e-05
25.4,-6.5742e-05
25.45,-2.6759e-05
25.5,1.7514e-05
25.55,5.826e-05
25.6,8.7379e-05
25.65,9.9094e-05
25.7,9.1096e-05
25.75,6.4999e-05
25.8,2.6011e-05
25.85,-1.8107e-05
25.9,-5.8587e-05
25.95,-8.7395e-05
26,-9.8827e-05
26.05,-9.0636e-05
26.1,-6.447e-05
26.15,-2.5542e-05
26.2,1.8414e-05
26.25,5.8676e-05
26.3,8.727e-05
26.35,9.8544e-05
26.4,9.0287e-05
26.45,6.4157e-05
26.5,2.5352e-05
26.55,-1.8434e-05
26.6,-5.8528e-05
26.65,-8.7005e-05
26.7,-9.8245e-05
26.75,-9.005e-05
26.8,-6.4062e-05
26.85,-2.5441e-05
26.9,1.8168e-05
26.95,5.8145e-05
27,8.66e-05
27.05,9.7931e-05
27.1,8.9924e-05
27.15,6.4183e-05
27.2,2.5809e-05
27.25,-1.7616e-05
27.3,-5.7524e-05
27.35,-8.6053e-05
27.4,-9.7598e-05
27.45,-8.9906e-05
27.5,-6.4518e-05
27.55,-2.6454e-05
27.6,1.6778e-05
27.65,5.6663e-05
27.7,8.536e-05
27.75,9.7241e-05
27.8,8.9991e-05
27.85,6.5062e-05
27.9,2.7374e-05
27.95,-1.5651e-05
28,-5.5558e-05
28.05,-8.4514e-05
28.1,-9.6851e-05
28.15,-9.0171e-05
28.2,-6.5808e-05
28.25,-2.8566e-05
28.3,1.4237e-05
28.35,5.4204e-05
28.4,8.3506e-05
28.45,9.6418e-05
28.5,9.0433e-05
28.55,6.6749e-05
28.6,3.0026e-05
28.65,-1.2533e-05
28.7,-5.2594e-05
28.75,-8.2325e-05
28.8,-9.5928e-05
28.85,-9.0766e-05
28.9,-6.7873e-05
28.95,-3.1747e-05
29,1.0539e-05
29.05,5.0721e-05
29.1,8.0958e-05
29.15,9.5364e-05
29.2,9.1152e-05
29.25,6.9168e-05
29.3,3.3724e-05
29.35,-8.2537e-06
29.4,-4.8575e-05
29.45,-7.939e-05
29.5,-9.4709e-05
29.55,-9.1572e-05
29.6,-7.0617e-05
29.65,-3.5946e-05
29.7,5.6779e-06
29.75,4.615e-05
29.8,7.7603e-05
29.85,9.3939e-05
29.9,9.2004e-05
29.95,7.2202e-05
30,3.8402e-05
30.05,-2.8127e-06
30.1,-4.3434e-05
30.15,-7.5581e-05
30.2,-9.3032e-05
30.25,-9.2424e-05
30.3,-7.3901e-05
30.35,-4.108e-05
30.4,-3.3943e-07
30.45,4.0419e-05
30.5,7.3303e-05
30.55,9.1961e-05
30.6,9.2802e-05
30.65,7.5691e-05
30.7,4.3963e-05
30.75,3.7741e-06
30.8,-3.7096e-05
30.85,-7.0749e-05
30.9,-9.0697e-05
30.95,-9.3107e-05
31,-7.7542e-05
31.05,-4.7031e-05
31.1,-7.4846e-06
31.15,3.3457e-05
31.2,6.7898e-05
31.25,8.921e-05
31.3,9.3306e-05
31.35,7.9423e-05
31.4,5.0262e-05
31.45,1.1461e-05
31.5,-2.9497e-05
31.55,-6.4729e-05
31.6,-8.7467e-05
31.65,-9.3359e-05
31.7,-8.1297e-05
31.75,-5.3628e-05
31.8,-1.5692e-05
31.85,2.5211e-05
31.9,6.1221e-05
31.95,8.5436e-05
32,9.3227e-05
32.05,8.3126e-05
32.1,5.7098e-05
32.15,2.0158e-05
32.2,-2.0598e-05
32.25,-5.7355e-05
32.3,-8.3081e-05
32.35,-9.2867e-05
32.4,-8.4866e-05
32.45,-6.0636e-05
32.5,-2.484e-05
32.55,1.566e-05
32.6,5.3113e-05
32.65,8.0368e-05
32.7,9.2233e-05
32.75,8.6467e-05
32.8,6.4201e-05
32.85,2.971e-05
32.9,-1.0404e-05
32.95,-4.848e-05
33,-7.7262e-05
33.05,-9.1277e-05
33.1,-8.7879e-05
33.15,-6.7745e-05
33.2,-3.4736e-05
33.25,4.8421e-06
33.3,4.3445e-05
33.35,7.373e-05
33.4,8.9951e-05
33.45,8.9046e-05
33.5,7.1216e-05
33.55,3.9878e-05
33.6,1.0076e-06
33.65,-3.8001e-05
33.7,-6.9743e-05
33.75,-8.8205e-05
33.8,-8.9908e-05
33.85,-7.4557e-05
33.9,-4.5091e-05
33.95,-7.1203e-06
34,3.2147e-05
34.05,6.5271e-05
34.1,8.599e-05
34.15,9.0403e-05
34.2,7.7703e-05
34.25,5.0321e-05
34.3,1.3463e-05
34.35,-2.5889e-05
34.4,-6.0293e-05
34.45,-8.3257e-05
34.5,-9.0465e-05
34.55,-8.0584e-05
34.6,-5.5507e-05
34.65,-1.9994e-05
34.7,1.924e-05
34.75,5.479e-05
34.8,7.9962e-05
34.85,9.003e-05
34.9,8.3126e-05
34.95,6.0579e-05
35,2.6661e-05
35.05,-1.2224e-05
35.1,-4.8753e-05
35.15,-7.6061e-05
35.2,-8.9031e-05
35.25,-8.525e-05
35.3,-6.546e-05
35.35,-3.3405e-05
35.4,4.8742e-06
35.45,4.2182e-05
35.5,7.152e-05
35.55,8.7402e-05
35.6,8.6873e-05
35.65,7.0063e-05
35.7,4.0151e-05
35.75,2.7637e-06
35.8,-3.5085e-05
35.85,-6.631e-05
35.9,-8.5081e-05
35.95,-8.791e-05
36,-7.4297e-05
36.05,-4.6817e-05
36.1,-1.0631e-05
36.15,2.7485e-05
36.2,6.0412e-05
36.25,8.2011e-05
36.3,8.8274e-05
36.35,7.8062e-05
36.4,5.3309e-05
36.45,1.8657e-05
36.5,-1.9418e-05
36.55,-5.3817e-05
36.6,-7.8141e-05
36.65,-8.7881e-05
36.7,-8.1253e-05
36.75,-5.952e-05
36.8,-2.6753e-05
36.85,1.0936e-05
36.9,4.6533e-05
36.95,7.343e-05
37,8.6649e-05
37.05,8.3762e-05
37.1,6.5336e-05
37.15,3.4819e-05
37.2,-2.1066e-06
37.25,-3.8583e-05
37.3,-6.785e-05
37.35,-8.4503e-05
37.4,-8.548e-05
37.45,-7.0632e-05
37.5,-4.2737e-05
37.55,-6.9824e-06
37.6,3.0006e-05
37.65,6.1388e-05
37.7,8.1375e-05
37.75,8.6297e-05
37.8,7.5277e-05
37.85,5.0378e-05
37.9,1.6225e-05
37.95,-2.0865e-05
38,-5.4047e-05
38.05,-7.7212e-05
38.1,-8.6111e-05
38.15,-7.9134e-05
38.2,-5.7597e-05
38.25,-2.5495e-05
38.3,1.1245e-05
38.35,4.5855e-05
38.4,7.1976e-05
38.45,8.4824e-05
38.5,8.2066e-05
38.55,6.4239e-05
38.6,3.4648e-05
38.65,-1.2516e-06
38.7,-3.6861e-05
38.75,-6.565e-05
38.8,-8.2353e-05
38.85,-8.3936e-05
38.9,-7.0139e-05
38.95,-4.352e-05
39,-8.9804e-06
39.05,2.7144e-05
39.1,5.824e-05
39.15,7.8632e-05
39.2,8.4616e-05
39.25,7.5126e-05
39.3,5.1931e-05
39.35,1.9293e-05
39.4,-1.6809e-05
39.45,-4.9781e-05
39.5,-7.3616e-05
39.55,-8.3986e-05
39.6,-7.9031e-05
39.65,-5.9686e-05
39.7,-2.9505e-05
39.75,5.9945e-06
39.8,4.034e-05
39.85,6.7286e-05
39.9,8.1947e-05
39.95,8.1686e-05
40,6.6581e-05
40.05,3.9409e-05
40.1,5.1301e-06
40.15,-3.0019e-05
40.2,-5.9657e-05
40.25,-7.8422e-05
40.3,-8.2934e-05
40.35,-7.2407e-05
40.4,-4.8781e-05
40.45,-1.6364e-05
40.5,1.8957e-05
40.55,5.0782e-05
40.6,7.3363e-05
40.65,8.2636e-05
40.7,7.6955e-05
40.75,5.738e-05
40.8,2.7476e-05
40.85,-7.333e-06
40.9,-4.0754e-05
40.95,-6.676e-05
41,-8.0678e-05
41.05,-8.0026e-05
41.1,-6.4953e-05
41.15,-3.8209e-05
41.2,-4.6339e-06
41.25,2.9712e-05
41.3,5.8647e-05
41.35,7.6979e-05
41.4,8.1436e-05
41.45,7.1249e-05
41.5,4.8281e-05
41.55,1.6687e-05
41.6,-1.7842e-05
41.65,-4.9104e-05
41.7,-7.1498e-05
41.75,-8.1029e-05
41.8,-7.6019e-05
41.85,-5.7399e-05
41.9,-2.8535e-05
41.95,5.3818e-06
42,3.827e-05
42.05,6.4248e-05
42.1,7.8687e-05
42.15,7.9034e-05
42.2,6.5258e-05
42.25,3.9855e-05
42.3,7.3863e-06
42.35,-2.6337e-05
42.4,-5.5295e-05
42.45,-7.4336e-05
42.5,-8.009e-05
42.55,-7.1561e-05
42.6,-5.0305e-05
42.65,-2.0134e-05
42.7,1.3559e-05
42.75,4.4774e-05
42.8,6.7963e-05
42.85,7.9026e-05
42.9,7.6025e-05
42.95,5.9528e-05
43,3.2495e-05
43.05,-2.4956e-07
43.1,-3.2884e-05
43.15,-5.9621e-05
43.2,-7.5735e-05
43.25,-7.8398e-05
43.3,-6.7171e-05
43.35,-4.4075e-05
43.4,-1.3226e-05
43.45,1.9899e-05
43.5,4.9437e-05
43.55,7.0176e-05
43.6,7.8474e-05
43.65,7.2895e-05
43.7,5.446e-05
43.75,2.6452e-05
43.8,-6.1625e-06
43.85,-3.7623e-05
43.9,-6.2387e-05
43.95,-7.6108e-05
44,-7.6397e-05
44.05,-6.3238e-05
44.1,-3.8979e-05
44.15,-7.9155e-06
44.2,2.4474e-05
44.25,5.2493e-05
44.3,7.1232e-05
44.35,7.7423e-05
44.4,7.0011e-05
44.45,5.0332e-05
44.5,2.1867e-05
44.55,-1.0369e-05
44.6,-4.072e-05
44.65,-6.3873e-05
44.7,-7.5792e-05
44.75,-7.4421e-05
44.8,-6.0034e-05
44.85,-3.518e-05
44.9,-4.2313e-06
44.95,2.739e-05
45,5.4158e-05
45.05,7.1414e-05
45.1,7.6169e-05
45.15,6.7629e-05
45.2,4.7316e-05
45.25,1.8801e-05
45.3,-1.2926e-05
45.35,-4.2332e-05
45.4,-6.4304e-05
45.45,-7.504e-05
45.5,-7.2702e-05
45.55,-5.773e-05
45.6,-3.276e-05
45.65,-2.1562e-06
45.7,2.8753e-05
45.75,5.4604e-05
45.8,7.0924e-05
45.85,7.4909e-05
45.9,6.5902e-05
45.95,4.5498e-05
46,1.7262e-05
46.05,-1.3899e-05
46.1,-4.2584e-05
46.15,-6.3838e-05
46.2,-7.4008e-05
46.25,-7.1366e-05
46.3,-5.6403e-05
46.35,-3.1737e-05
46.4,-1.6497e-06
46.45,2.8652e-05
46.5,5.3944e-05
46.55,6.9879e-05
46.6,7.3739e-05
46.65,6.4892e-05
46.7,4.4895e-05
46.75,1.7221e-05
46.8,-1.3351e-05
46.85,-4.1555e-05
46.9,-6.2553e-05
46.95,-7.2758e-05
47,-7.0448e-05
47.05,-5.6054e-05
47.1,-3.2079e-05
47.15,-2.6606e-06
47.2,2.7144e-05
47.25,5.2227e-05
47.3,6.8309e-05
47.35,7.266e-05
47.4,6.4571e-05
47.45,4.5459e-05
47.5,1.8623e-05
47.55,-1.1331e-05
47.6,-3.9277e-05
47.65,-6.0451e-05
47.7,-7.1259e-05
47.75,-6.9889e-05
47.8,-5.6607e-05
47.85,-3.3712e-05
47.9,-5.1308e-06
47.95,2.4254e-05
48,4.944e-05
48.05,6.6154e-05
48.1,7.158e-05
48.15,6.4829e-05
48.2,4.7082e-05
48.25,2.1384e-05
48.3,-7.8789e-06
48.35,-3.5733e-05
48.4,-5.7459e-05
48.45,-6.9392e-05
48.5,-6.9541e-05
48.55,-5.7913e-05
48.6,-3.6512e-05
48.65,-8.9881e-06
48.7,1.9987e-05
48.75,4.5511e-05
48.8,6.3281e-05
48.85,7.032e-05
48.9,6.5472e-05
48.95,4.9589e-05
49,2.5384e-05
49.05,-3.0382e-06
49.1,-3.0876e-05
49.15,-5.3444e-05
49.2,-6.6957e-05
49.25,-6.9169e-05
49.3,-5.9743e-05
49.35,-4.0298e-05
49.4,-1.4132e-05
49.45,1.434e-05
49.5,4.0331e-05
49.55,5.9488e-05
49.6,6.8617e-05
49.65,6.622e-05
49.7,5.2733e-05
49.75,3.0448e-05
49.8,3.1252e-06
49.85,-2.4649e-05
49.9,-4.8229e-05
49.95,-6.3683e-05
50,-6.8455e-05
50.05,-6.1781e-05
50.1,-4.4811e-05
50.15,-2.0408e-05
50.2,7.3339e-06
50.25,3.378e-05
50.3,5.4526e-05
50.35,6.6136e-05
50.4,6.6704e-05
50.45,5.6171e-05
50.5,3.6324e-05
50.55,1.0491e-05
50.6,-1.7015e-05
50.65,-4.1621e-05
50.7,-5.9251e-05
50.75,-6.7002e-05
50.8,-6.3619e-05
50.85,-4.9699e-05
50.9,-2.7581e-05
50.95,-9.5587e-07
51,2.5755e-05
51.05,4.8131e-05
51.1,6.2486e-05
51.15,6.6472e-05
51.2,5.9464e-05
51.25,4.2654e-05
51.3,1.885e-05
51.35,-7.9983e-06
51.4,-3.3453e-05
51.45,-5.3324e-05
51.5,-6.4353e-05
51.55,-6.4754e-05
51.6,-5.4495e-05
51.65,-3.5299e-05
51.7,-1.0353e-05
51.75,1.6226e-05
51.8,4.0064e-05
51.85,5.7256e-05
51.9,6.5003e-05
51.95,6.2063e-05
52,4.8956e-05
52.05,2.7862e-05
52.1,2.2634e-06
52.15,-2.3633e-05
52.2,-4.5587e-05
52.25,-6.0022e-05
52.3,-6.4603e-05
52.35,-5.8612e-05
52.4,-4.3065e-05
52.45,-2.0532e-05
52.5,5.2863e-06
52.55,3.0168e-05
52.6,5.006e-05
52.65,6.1738e-05
52.7,6.3326e-05
52.75,5.4602e-05
52.8,3.7018e-05
52.85,1.3466e-05
52.9,-1.2206e-05
52.95,-3.582e-05
53,-5.3548e-05
53.05,-6.2533e-05
53.1,-6.1346e-05
53.15,-5.0216e-05
53.2,-3.098e-05
53.25,-6.7822e-06
53.3,1.8442e-05
53.35,4.0607e-05
53.4,5.6138e-05
53.45,6.2546e-05
53.5,5.8829e-05
53.55,4.562e-05
53.6,2.5087e-05
53.65,5.6771e-07
53.7,-2.397e-05
53.75,-4.457e-05
53.8,-5.7927e-05
53.85,-6.1915e-05
53.9,-5.5926e-05
53.95,-4.0958e-05
54,-1.945e-05
54.05,5.1194e-06
54.1,2.8791e-05
54.15,4.7768e-05
54.2,5.9022e-05
54.25,6.0774e-05
54.3,5.2778e-05
54.35,3.6349e-05
54.4,1.415e-05
54.45,-1.0246e-05
54.5,-3.2927e-05
54.55,-5.0273e-05
54.6,-5.9529e-05
54.65,-5.9247e-05
54.7,-4.9506e-05
54.75,-3.1894e-05
54.8,-9.2499e-06
54.85,1.4798e-05
54.9,3.6413e-05
54.95,5.2161e-05
55,5.9555e-05
55.05,5.7451e-05
55.1,4.6216e-05
55.15,2.7671e-05
55.2,4.789e-06
55.25,-1.8781e-05
55.3,-3.9296e-05
55.35,-5.3512e-05
55.4,-5.9199e-05
55.45,-5.5487e-05
55.5,-4.2998e-05
55.55,-2.3742e-05
55.6,-7.9162e-07
55.65,2.221e-05
55.7,4.1628e-05
55.75,5.4406e-05
55.8,5.8552e-05
55.85,5.3444e-05
55.9,3.9923e-05
55.95,2.0151e-05
56,-2.7321e-06
56.05,-2.511e-05
56.1,-4.3463e-05
56.15,-5.4917e-05
56.2,-5.7698e-05
56.25,-5.1401e-05
56.3,-3.705e-05
56.35,-1.6929e-05
56.4,5.7824e-06
56.45,2.7512e-05
56.5,4.4857e-05
56.55,5.5115e-05
56.6,5.6709e-05
56.65,4.942e-05
56.7,3.4425e-05
56.75,1.4096e-05
56.8,-8.3675e-06
56.85,-2.9449e-05
56.9,-4.5862e-05
56.95,-5.5064e-05
57,-5.5647e-05
57.05,-4.7554e-05
57.1,-3.208e-05
57.15,-1.1662e-05
57.2,1.0501e-05
57.25,3.0956e-05
57.3,4.6528e-05
57.35,5.4818e-05
57.4,5.4566e-05
57.45,4.5844e-05
57.5,3.004e-05
57.55,9.6314e-06
57.6,-1.22e-05
57.65,-3.2066e-05
57.7,-4.6899e-05
57.75,-5.4424e-05
57.8,-5.3506e-05
57.85,-4.4321e-05
57.9,-2.8319e-05
57.95,-8.0006e-06
58,1.3482e-05
58.05,3.2811e-05
58.1,4.7013e-05
58.15,5.3922e-05
58.2,5.2502e-05
58.25,4.3006e-05
58.3,2.6927e-05
58.35,6.7638e-06
58.4,-1.4368e-05
58.45,-3.3218e-05
58.5,-4.6901e-05
58.55,-5.334e-05
58.6,-5.1576e-05
58.65,-4.1913e-05
58.7,-2.5864e-05
58.75,-5.9117e-06
58.8,1.4874e-05
58.85,3.3311e-05
58.9,4.6589e-05
58.95,5.2702e-05
59,5.0745e-05
59.05,4.105e-05
59.1,2.5128e-05
59.15,5.4333e-06
59.2,-1.5019e-05
59.25,-3.3109e-05
59.3,-4.6094e-05
59.35,-5.202e-05
59.4,-5.0014e-05
59.45,-4.0415e-05
59.5,-2.4713e-05
59.55,-5.3162e-06
59.6,1.4816e-05
59.65,3.2627e-05
59.7,4.5428e-05
59.75,5.1301e-05
59.8,4.9385e-05
59.85,4.0003e-05
59.9,2.4606e-05
59.95,5.5471e-06
60,-1.4279e-05
60.05,-3.1876e-05
60.1,-4.4597e-05
60.15,-5.0544e-05
60.2,-4.8849e-05
60.25,-3.9801e-05
60.3,-2.4794e-05
60.35,-6.1117e-06
60.4,1.342e-05
60.45,3.086e-05
60.5,4.3598e-05
60.55,4.974e-05
60.6,4.8394e-05
60.65,3.9793e-05
60.7,2.5259e-05
60.75,6.9949e-06
60.8,-1.2247e-05
60.85,-2.9582e-05
60.9,-4.2426e-05
60.95,-4.8877e-05
61,-4.7999e-05
61.05,-3.9956e-05
61.1,-2.5979e-05
61.15,-8.1799e-06
61.2,1.077e-05
61.25,2.8042e-05
61.3,4.107e-05
61.35,4.7933e-05
61.4,4.7638e-05
61.45,4.0261e-05
61.5,2.6929e-05
61.55,9.6483e-06
61.6,-8.9968e-06
61.65,-2.6234e-05
61.7,-3.9513e-05
61.75,-4.6884e-05
61.8,-4.7281e-05
61.85,-4.0676e-05
61.9,-2.8079e-05
61.95,-1.1379e-05
62,6.9369e-06
62.05,2.4155e-05
62.1,3.7739e-05
62.15,4.57e-05
62.2,4.6889e-05
62.25,4.1163e-05
62.3,2.9395e-05
62.35,1.3347e-05
62.4,-4.6012e-06
62.45,-2.18e-05
62.5,-3.5726e-05
62.55,-4.4347e-05
62.6,-4.6422e-05
62.65,-4.1677e-05
62.7,-3.0838e-05
62.75,-1.5523e-05
62.8,2.0037e-06
62.85,1.9166e-05
62.9,3.3454e-05
62.95,4.279e-05
63,4.5834e-05
63.05,4.2169e-05
63.1,3.2363e-05
63.15,1.7873e-05
63.2,8.3716e-07
63.25,-1.6251e-05
63.3,-3.0901e-05
63.35,-4.0991e-05
63.4,-4.5075e-05
63.45,-4.2586e-05
63.5,-3.3917e-05
63.55,-2.0357e-05
63.6,-3.8971e-06
63.65,1.3059e-05
63.7,2.8051e-05
63.75,3.8913e-05
63.8,4.4093e-05
63.85,4.2867e-05
63.9,3.5443e-05
63.95,2.2924e-05
64,7.1447e-06
64.05,-9.6003e-06
64.1,-2.4888e-05
64.15,-3.652e-05
64.2,-4.2836e-05
64.25,-4.295e-05
64.3,-3.6877e-05
64.35,-2.552e-05
64.4,-1.054e-05
64.45,5.8924e-06
64.5,2.1407e-05
64.55,3.378e-05
64.6,4.125e-05
64.65,4.2769e-05
64.7,3.8148e-05
64.75,2.8079e-05
64.8,1.4032e-05
64.85,-1.9632e-06
64.9,-1.7608e-05
64.95,-3.0667e-05
65,-3.9286e-05
65.05,-4.2256e-05
65.1,-3.9181e-05
65.15,-3.0528e-05
65.2,-1.7561e-05
65.25,-2.1474e-06
65.3,1.3504e-05
65.35,2.7164e-05
65.4,3.69e-05
65.45,4.1345e-05
65.5,3.9895e-05
65.55,3.2786e-05
65.6,2.1054e-05
65.65,6.3868e-06
65.7,-9.1203e-06
65.75,-2.3266e-05
65.8,-3.4053e-05
65.85,-3.9972e-05
65.9,-4.021e-05
65.95,-3.4762e-05
66,-2.4426e-05
66.05,-1.0687e-05
66.1,4.498e-06
66.15,1.898e-05
66.2,3.0721e-05
66.25,3.8081e-05
66.3,4.0044e-05
66.35,3.6363e-05
66.4,2.7583e-05
66.45,1.4966e-05
66.5,3.0432e-07
66.55,-1.4333e-05
66.6,-2.6893e-05
66.65,-3.5623e-05
66.7,-3.9319e-05
66.75,-3.749e-05
66.8,-3.042e-05
66.85,-1.9126e-05
66.9,-5.2093e-06
66.95,9.3711e-06
67,2.2575e-05
67.05,3.2566e-05
67.1,3.7966e-05
67.15,3.8046e-05
67.2,3.2824e-05
67.25,2.3054e-05
67.3,1.012e-05
67.35,-4.1611e-06
67.4,-1.7797e-05
67.45,-2.8895e-05
67.5,-3.5928e-05
67.55,-3.794e-05
67.6,-3.4679e-05
67.65,-2.6626e-05
67.7,-1.4921e-05
67.75,-1.2047e-06
67.8,1.2613e-05
67.85,2.462e-05
67.9,3.3166e-05
67.95,3.7088e-05
68,3.5871e-05
68.05,2.9708e-05
68.1,1.9477e-05
68.15,6.6103e-06
68.2,-7.1052e-06
68.25,-1.9776e-05
68.3,-2.9665e-05
68.35,-3.5425e-05
68.4,-3.6289e-05
68.45,-3.2162e-05
68.5,-2.3641e-05
68.55,-1.1916e-05
68.6,1.3851e-06
68.65,1.4432e-05
68.7,2.5438e-05
68.75,3.2907e-05
68.8,3.5838e-05
68.85,3.3854e-05
68.9,2.7253e-05
68.95,1.6962e-05
69,4.4064e-06
69.05,-8.6881e-06
69.1,-2.0533e-05
69.15,-2.9522e-05
69.2,-3.4445e-05
69.25,-3.4656e-05
69.3,-3.0151e-05
69.35,-2.157e-05
69.4,-1.0101e-05
69.45,2.6825e-06
69.5,1.5038e-05
69.55,2.5291e-05
69.6,3.2065e-05
69.65,3.446e-05
69.7,3.2178e-05
69.75,2.5553e-05
69.8,1.5505e-05
69.85,3.4128e-06
69.9,-9.0791e-06
69.95,-2.0282e-05
70,-2.8691e-05
70.05,-3.3188e-05
70.1,-3.319e-05
70.15,-2.8721e-05
70.2,-2.0409e-05
70.25,-9.3939e-06
70.3,2.8277e-06
70.35,1.4606e-05
70.4,2.4363e-05
70.45,3.0799e-05
70.5,3.307e-05
70.55,3.0896e-05
70.6,2.4594e-05
70.65,1.5031e-05
70.7,3.5061e-06
70.75,-8.4274e-06
70.8,-1.9172e-05
70.85,-2.7299e-05
70.9,-3.1739e-05
70.95,-3.192e-05
71,-2.7844e-05
71.05,-2.0077e-05
71.1,-9.6773e-06
71.15,1.956e-06
71.2,1.3268e-05
71.25,2.2755e-05
71.3,2.9168e-05
71.35,3.1673e-05
71.4,2.996e-05
71.45,2.4282e-05
71.5,1.5415e-05
71.55,4.5525e-06
71.6,-6.8547e-06
71.65,-1.7294e-05
71.7,-2.5389e-05
71.75,-3.0084e-05
71.8,-3.0779e-05
71.85,-2.7407e-05
71.9,-2.0435e-05
71.95,-1.0807e-05
72,1.9415e-07
72.05,1.111e-05
72.1,2.0503e-05
72.15,2.7148e-05
72.2,3.0186e-05
72.25,2.924e-05
72.3,2.4459e-05
72.35,1.6493e-05
72.4,6.4073e-06
72.45,-4.4632e-06
72.5,-1.4689e-05
72.55,-2.2935e-05
72.6,-2.8133e-05
72.65,-2.9622e-05
72.7,-2.723e-05
72.75,-2.1294e-05
72.8,-1.261e-05
72.85,-2.3287e-06
72.9,8.1989e-06
72.95,1.7599e-05
73,2.4653e-05
73.05,2.8458e-05
73.1,2.8539e-05
73.15,2.4907e-05
73.2,1.8059e-05
73.25,8.9038e-06
73.3,-1.3557e-06
73.35,-1.1381e-05
73.4,-1.9874e-05
73.45,-2.5743e-05
73.5,-2.8245e-05
73.55,-2.7076e-05
73.6,-2.2411e-05
73.65,-1.4875e-05
73.7,-5.4607e-06
73.75,4.6051e-06
73.8,1.4019e-05
73.85,2.157e-05
73.9,2.6297e-05
73.95,2.7608e-05
74,2.5358e-05
74.05,1.9857e-05
74.1,1.1834e-05
74.15,2.3368e-06
74.2,-7.4052e-06
74.25,-1.614e-05
74.3,-2.2752e-05
74.35,-2.6409e-05
74.4,-2.6659e-05
74.45,-2.3493e-05
74.5,-1.7339e-05
74.55,-9.0023e-06
74.6,4.359e-07
74.65,9.7627e-06
74.7,1.7787e-05
74.75,2.3494e-05
74.8,2.617e-05
74.85,2.5494e-05
74.9,2.1574e-05
74.95,1.4929e-05
75,6.4252e-06
75.05,-2.8454e-06
75.1,-1.1699e-05
75.15,-1.9013e-05
75.2,-2.3869e-05
75.25,-2.5666e-05
75.3,-2.4199e-05
75.35,-1.9673e-05
75.4,-1.2682e-05
75.45,-4.1289e-06
75.5,4.8949e-06
75.55,1.3245e-05
75.6,1.987e-05
75.65,2.3945e-05
75.7,2.4973e-05
75.75,2.2844e-05
75.8,1.7848e-05
75.85,1.0634e-05
75.9,2.1254e-06
75.95,-6.5983e-06
76,-1.4438e-05
76.05,-2.0414e-05
76.1,-2.3789e-05
76.15,-2.4155e-05
76.2,-2.1488e-05
76.25,-1.6143e-05
76.3,-8.8075e-06
76.35,-4.1492e-07
76.4,7.977e-06
76.45,1.5318e-05
76.5,2.0697e-05
76.55,2.3456e-05
76.6,2.3268e-05
76.65,2.0176e-05
76.7,1.4587e-05
76.75,7.2143e-06
76.8,-1.0104e-06
76.85,-9.0568e-06
76.9,-1.5925e-05
76.95,-2.0767e-05
77,-2.2998e-05
77.05,-2.2356e-05
77.1,-1.8942e-05
77.15,-1.32e-05
77.2,-5.8573e-06
77.25,2.164e-06
77.3,9.8652e-06
77.35,1.6295e-05
77.4,2.0667e-05
77.45,2.2454e-05
77.5,2.1454e-05
77.55,1.7811e-05
77.6,1.1993e-05
77.65,4.7329e-06
77.7,-3.063e-06
77.75,-1.043e-05
77.8,-1.6464e-05
77.85,-2.0432e-05
77.9,-2.1859e-05
77.95,-2.059e-05
78,-1.6798e-05
78.05,-1.0969e-05
78.1,-3.8329e-06
78.15,3.7262e-06
78.2,1.0778e-05
78.25,1.6462e-05
78.3,2.0092e-05
78.35,2.1239e-05
78.4,1.978e-05
78.45,1.5913e-05
78.5,1.0128e-05
78.55,3.1458e-06
78.6,-4.173e-06
78.65,-1.0933e-05
78.7,-1.6315e-05
78.75,-1.9672e-05
78.8,-2.0611e-05
78.85,-1.9037e-05
78.9,-1.5158e-05
78.95,-9.463e-06
79,-2.6582e-06
79.05,4.4223e-06
79.1,1.0917e-05
79.15,1.6044e-05
79.2,1.919e-05
79.25,1.9991e-05
79.3,1.8366e-05
79.35,1.4531e-05
79.4,8.9653e-06
79.45,2.3557e-06
79.5,-4.492e-06
79.55,-1.0749e-05
79.6,-1.5666e-05
79.65,-1.8659e-05
79.7,-1.9383e-05
79.75,-1.7768e-05
79.8,-1.4026e-05
79.85,-8.6237e-06
79.9,-2.2231e-06
79.95,4.3988e-06
80,1.0445e-05
80.05,1.5195e-05
80.1,1.8088e-05
80.15,1.8793e-05
80.2,1.7241e-05
80.25,1.3636e-05
80.3,8.4254e-06
80.35,2.2453e-06
80.4,-4.1582e-06
80.45,-1.0018e-05
80.5,-1.464e-05
80.55,-1.7481e-05
80.6,-1.8217e-05
80.65,-1.6776e-05
80.7,-1.3348e-05
80.75,-8.3561e-06
80.8,-2.4071e-06
80.85,3.7841e-06
80.9,9.4798e-06
80.95,1.4007e-05
81,1.6838e-05
81.05,1.7651e-05
81.1,1.6365e-05
81.15,1.3149e-05
81.2,8.4003e-06
81.25,2.6931e-06
81.3,-3.2897e-06
81.35,-8.8384e-06
81.4,-1.3301e-05
81.45,-1.6159e-05
81.5,-1.7088e-05
81.55,-1.5994e-05
81.6,-1.3024e-05
81.65,-8.5416e-06
81.7,-3.0879e-06
81.75,2.6873e-06
81.8,8.102e-06
81.85,1.2523e-05
81.9,1.5438e-05
81.95,1.6518e-05
82,1.5651e-05
82.05,1.2956e-05
82.1,8.7627e-06
82.15,3.5759e-06
82.2,-1.9889e-06
82.25,-7.2774e-06
82.3,-1.1673e-05
82.35,-1.467e-05
82.4,-1.593e-05
82.45,-1.5319e-05
82.5,-1.2927e-05
82.55,-9.0453e-06
82.6,-4.1407e-06
82.65,1.207e-06
82.7,6.3713e-06
82.75,1.0753e-05
82.8,1.3849e-05
82.85,1.5311e-05
82.9,1.4982e-05
82.95,1.2917e-05
83,9.3699e-06
83.05,4.7652e-06
83.1,-3.5422e-07
83.15,-5.3908e-06
83.2,-9.7621e-06
83.25,-1.2968e-05
83.3,-1.4648e-05
83.35,-1.4622e-05
83.4,-1.2907e-05
83.45,-9.7162e-06
83.5,-5.431e-06
83.55,-5.5529e-07
83.6,4.3438e-06
83.65,8.7016e-06
83.7,1.2021e-05
83.75,1.393e-05
83.8,1.4221e-05
83.85,1.2876e-05
83.9,1.0063e-05
83.95,6.1187e-06
84,1.5061e-06
84.05,-3.2398e-06
84.1,-7.574e-06
84.15,-1.1004e-05
84.2,-1.3144e-05
84.25,-1.3763e-05
84.3,-1.2803e-05
84.35,-1.0388e-05
84.4,-6.8073e-06
84.45,-2.481e-06
84.5,2.0906e-06
84.55,6.384e-06
84.6,9.9124e-06
84.65,1.2281e-05
84.7,1.3231e-05
84.75,1.2667e-05
84.8,1.0668e-05
84.85,7.4747e-06
84.9,3.4608e-06
84.95,-9.1029e-07
85,-5.139e-06
85.05,-8.7473e-06
85.1,-1.1332e-05
85.15,-1.261e-05
85.2,-1.2449e-05
85.25,-1.0881e-05
85.3,-8.0974e-06
85.35,-4.4239e-06
85.4,-2.8425e-07
85.45,3.8497e-06
85.5,7.5114e-06
85.55,1.0293e-05
85.6,1.1888e-05
85.65,1.213e-05
85.7,1.1005e-05
85.75,8.6513e-06
85.8,5.3472e-06
85.85,1.4731e-06
85.9,-2.5302e-06
85.95,-6.2119e-06
86,-9.1619e-06
86.05,-1.1057e-05
86.1,-1.1695e-05
86.15,-1.1017e-05
86.2,-9.1117e-06
86.25,-6.2055e-06
86.3,-2.6334e-06
86.35,1.1988e-06
86.4,4.8602e-06
86.45,7.9436e-06
86.5,1.0111e-05
86.55,1.113e-05
86.6,1.0898e-05
86.65,9.4546e-06
86.7,6.9728e-06
86.75,3.7396e-06
86.8,1.2242e-07
86.85,-3.4726e-06
86.9,-6.6463e-06
86.95,-9.0505e-06
87,-1.0426e-05
87.05,-1.0632e-05
87.1,-9.6574e-06
87.15,-7.6226e-06
87.2,-4.7644e-06
87.25,-1.4078e-06
87.3,2.0703e-06
87.35,5.2842e-06
87.4,7.8814e-06
87.45,9.5817e-06
87.5,1.0207e-05
87.55,9.7001e-06
87.6,8.1291e-06
87.65,5.6787e-06
87.7,2.6285e-06
87.75,-6.7913e-07
87.8,-3.8774e-06
87.85,-6.6157e-06
87.9,-8.5982e-06
87.95,-9.6154e-06
88,-9.5664e-06
88.05,-8.4685e-06
88.1,-6.4538e-06
88.15,-3.7534e-06
88.2,-6.7102e-07
88.25,2.4515e-06
88.3,5.2721e-06
88.35,7.4854e-06
88.4,8.8566e-06
88.45,9.2453e-06
88.5,8.6205e-06
88.55,7.0619e-06
88.6,4.7504e-06
88.65,1.9468e-06
88.7,-1.0377e-06
88.75,-3.8758e-06
88.8,-6.2603e-06
88.85,-7.9372e-06
88.9,-8.7323e-06
88.95,-8.5696e-06
89,-7.4783e-06
89.05,-5.5878e-06
89.1,-3.1128e-06
89.15,-3.2889e-07
89.2,2.4586e-06
89.25,4.9475e-06
89.3,6.8719e-06
89.35,8.0305e-06
89.4,8.3072e-06
89.45,7.683e-06
89.5,6.2362e-06
89.55,4.1334e-06
89.6,1.6097e-06
89.65,-1.0575e-06
89.7,-3.5788e-06
89.75,-5.6842e-06
89.8,-7.1522e-06
89.85,-7.8327e-06
89.9,-7.6626e-06
89.95,-6.6708e-06
90,-4.9746e-06
90.05,-2.765e-06
90.1,-2.8605e-07
90.15,2.1928e-06
90.2,4.4056e-06
90.25,6.1187e-06
90.3,7.1549e-06
90.35,7.4121e-06
90.4,6.8731e-06
90.45,5.6061e-06
90.5,3.7561e-06
90.55,1.5286e-06
90.6,-8.3326e-07
90.65,-3.0756e-06
90.7,-4.9608e-06
90.75,-6.2926e-06
90.8,-6.9365e-06
90.85,-6.8333e-06
90.9,-6.0043e-06
90.95,-4.5475e-06
91,-2.6268e-06
91.05,-4.5277e-07
91.1,1.7401e-06
91.15,3.7185e-06
91.2,5.2755e-06
91.25,6.2518e-06
91.3,6.5521e-06
91.35,6.1542e-06
91.4,5.1103e-06
91.45,3.5401e-06
91.5,1.6176e-06
91.55,-4.4895e-07
91.6,-2.4388e-06
91.65,-4.1429e-06
91.7,-5.3854e-06
91.75,-6.0419e-06
91.8,-6.0519e-06
91.85,-5.4241e-06
91.9,-4.234e-06
91.95,-2.6157e-06
92,-7.4594e-07
92.05,1.1746e-06
92.1,2.9431e-06
92.15,4.376e-06
92.2,5.3279e-06
92.25,5.7062e-06
92.3,5.4802e-06
92.35,4.6831e-06
92.4,3.4075e-06
92.45,1.7946e-06
92.5,1.8964e-08
92.55,-1.731e-06
92.6,-3.2724e-06
92.65,-4.4475e-06
92.7,-5.1393e-06
92.75,-5.2834e-06
92.8,-4.8737e-06
92.85,-3.9623e-06
92.9,-2.6526e-06
92.95,-1.0878e-06
93,5.6456e-07
93.05,2.1308e-06
93.1,3.4493e-06
93.15,4.387e-06
93.2,4.8528e-06
93.25,4.8066e-06
93.3,4.262e-06
93.35,3.2843e-06
93.4,1.9829e-06
93.45,4.9838e-07
93.5,-1.0118e-06
93.55,-2.3906e-06
93.6,-3.4974e-06
93.65,-4.2225e-06
93.7,-4.4979e-06
93.75,-4.3032e-06
93.8,-3.6674e-06
93.85,-2.6644e-06
93.9,-1.4049e-06
93.95,-2.385e-08
94,1.3338e-06
94.05,2.5284e-06
94.1,3.4399e-06
94.15,3.9796e-06
94.2,4.0992e-06
94.25,3.7948e-06
94.3,3.106e-06
94.35,2.1116e-06
94.4,9.1988e-07
94.45,-3.4246e-07
94.5,-1.5442e-06
94.55,-2.5631e-06
94.6,-3.2983e-06
94.65,-3.6803e-06
94.7,-3.6772e-06
94.75,-3.2976e-06
94.8,-2.5885e-06
94.85,-1.6296e-06
94.9,-5.247e-07
94.95,6.0991e-07
95,1.6574e-06
95.05,2.5125e-06
95.1,3.0921e-06
95.15,3.3432e-06
95.2,3.2476e-06
95.25,2.8231e-06
95.3,2.1206e-06
95.35,1.2185e-06
95.4,2.1349e-07
95.45,-7.8943e-07
95.5,-1.688e-06
95.55,-2.3933e-06
95.6,-2.8381e-06
95.65,-2.9835e-06
95.7,-2.8223e-06
95.75,-2.3785e-06
95.8,-1.7047e-06
95.85,-8.752e-07
95.9,2.1555e-08
95.95,8.9263e-07
96,1.6502e-06
96.05,2.2203e-06
96.1,2.5502e-06
96.15,2.6128e-06
96.2,2.4094e-06
96.25,1.9679e-06
96.3,1.34e-06
96.35,5.9452e-07
96.4,-1.8938e-07
96.45,-9.3114e-07
96.5,-1.5568e-06
96.55,-2.0065e-06
96.6,-2.2399e-06
96.65,-2.2401e-06
96.7,-2.0143e-06
96.75,-1.5924e-06
96.8,-1.0235e-06
96.85,-3.6992e-07
96.9,2.9941e-07
96.95,9.1618e-07
97,1.4197e-06
97.05,1.7628e-06
97.1,1.9164e-06
97.15,1.8714e-06
97.2,1.6396e-06
97.25,1.2511e-06
97.3,7.5091e-07
97.35,1.9398e-07
97.4,-3.6115e-07
97.45,-8.5827e-07
97.5,-1.2492e-06
97.55,-1.4985e-06
97.6,-1.5865e-06
97.65,-1.5109e-06
97.7,-1.2861e-06
97.75,-9.4128e-07
97.8,-5.1662e-07
97.85,-5.8866e-08
97.9,3.8387e-07
97.95,7.671e-07
98,1.0544e-06
98.05,1.221e-06
98.1,1.2555e-06
98.15,1.1608e-06
98.2,9.5308e-07
98.25,6.5942e-07
98.3,3.1449e-07
98.35,-4.3363e-08
98.4,-3.7642e-07
98.45,-6.5149e-07
98.5,-8.432e-07
98.55,-9.3633e-07
98.6,-9.2689e-07
98.65,-8.2202e-07
98.7,-6.3862e-07
98.75,-4.0104e-07
98.8,-1.3804e-07
98.85,1.2054e-07
98.9,3.4715e-07
98.95,5.1941e-07
99,6.223e-07
99.05,6.4943e-07
99.1,6.033e-07
99.15,4.945e-07
99.2,3.401e-07
99.25,1.6128e-07
99.3,-1.9301e-08
99.35,-1.8024e-07
99.4,-3.0385e-07
99.45,-3.7807e-07
99.5,-3.9761e-07
99.55,-3.6428e-07
99.6,-2.8641e-07
99.65,-1.7754e-07
99.7,-5.449e-08
99.75,6.4883e-08
99.8,1.6401e-07
99.85,2.2971e-07
99.9,2.5379e-07
99.95,2.3403e-07
100,1.7434e-07
100.05,8.4218e-08
100.1,-2.2609e-08
100.15,-1.2997e-07
100.2,-2.2143e-07
100.25,-2.8244e-07
100.3,-3.0233e-07
100.35,-2.7581e-07
100.4,-2.0376e-07
100.45,-9.3334e-08
100.5,4.2784e-08
100.55,1.8781e-07
100.6,3.2285e-07
100.65,4.2922e-07
100.7,4.908e-07
100.75,4.9614e-07
100.8,4.4015e-07
100.85,3.2496e-07
100.9,1.6009e-07
100.95,-3.8377e-08
101,-2.4937e-07
101.05,-4.4904e-07
101.1,-6.1344e-07
101.15,-7.2128e-07
101.2,-7.565e-07
101.25,-7.1038e-07
101.3,-5.8292e-07
101.35,-3.8317e-07
101.4,-1.2875e-07
101.45,1.5574e-07
101.5,4.4115e-07
101.55,6.967e-07
101.6,8.9331e-07
101.65,1.0069e-06
101.7,1.0209e-06
101.75,9.2904e-07
101.8,7.3558e-07
101.85,4.5596e-07
101.9,1.1534e-07
101.95,-2.536e-07
102,-6.1387e-07
102.05,-9.278e-07
102.1,-1.161e-06
102.15,-1.2862e-06
102.2,-1.2859e-06
102.25,-1.1553e-06
102.3,-9.0246e-07
102.35,-5.4836e-07
102.4,-1.2514e-07
102.45,3.2691e-07
102.5,7.6316e-07
102.55,1.139e-06
102.6,1.4146e-06
102.65,1.5587e-06
102.7,1.5525e-06
102.75,1.3917e-06
102.8,1.0872e-06
102.85,6.6485e-07
102.9,1.6306e-07
102.95,-3.7073e-07
103,-8.8449e-07
103.05,-1.3267e-06
103.1,-1.6514e-06
103.15,-1.8233e-06
103.2,-1.8209e-06
103.25,-1.6396e-06
103.3,-1.2926e-06
103.35,-8.0926e-07
103.4,-2.3365e-07
103.45,3.802e-07
103.5,9.731e-07
103.55,1.4865e-06
103.6,1.8681e-06
103.65,2.0775e-06
103.7,2.09e-06
103.75,1.8997e-06
103.8,1.5205e-06
103.85,9.847e-07
103.9,3.4097e-07
103.95,-3.5063e-07
104,-1.0241e-06
104.05,-1.6136e-06
104.1,-2.0604e-06
104.15,-2.3181e-06
104.2,-2.3578e-06
104.25,-2.1712e-06
104.3,-1.7717e-06
104.35,-1.1934e-06
104.4,-4.8848e-07
104.45,2.7758e-07
104.5,1.0323e-06
104.55,1.7029e-06
104.6,2.2233e-06
104.65,2.5408e-06
104.7,2.6211e-06
104.75,2.4522e-06
104.8,2.0457e-06
104.85,1.4364e-06
104.9,6.7888e-07
104.95,-1.5699e-07
105,-9.9271e-07
105.05,-1.7485e-06
105.1,-2.3509e-06
105.15,-2.74e-06
105.2,-2.875e-06
105.25,-2.7391e-06
105.3,-2.3408e-06
105.35,-1.7137e-06
105.4,-9.1393e-07
105.45,-1.4608e-08
105.5,9.0039e-07
105.55,1.7445e-06
105.6,2.4367e-06
105.65,2.9091e-06
105.7,3.1136e-06
105.75,3.0271e-06
105.8,2.6535e-06
105.85,2.0239e-06
105.9,1.1942e-06
105.95,2.3984e-07
106,-7.5079e-07
106.05,-1.6848e-06
106.1,-2.4735e-06
106.15,-3.0404e-06
106.2,-3.3294e-06
106.25,-3.3095e-06
106.3,-2.9786e-06
106.35,-2.3636e-06
106.4,-1.5187e-06
106.45,-5.2022e-07
106.5,5.4006e-07
106.55,1.5635e-06
106.6,2.4537e-06
106.65,3.1256e-06
106.7,3.5137e-06
106.75,3.5782e-06
106.8,3.3092e-06
106.85,2.7279e-06
106.9,1.8848e-06
106.95,8.558e-07
107,-2.6535e-07
107.05,-1.3751e-06
107.1,-2.3698e-06
107.15,-3.1554e-06
107.2,-3.6565e-06
107.25,-3.8232e-06
107.3,-3.6364e-06
107.35,-3.1096e-06
107.4,-2.288e-06
107.45,-1.2449e-06
107.5,-7.4763e-08
107.55,1.1151e-06
107.6,2.2144e-06
107.65,3.1204e-06
107.7,3.747e-06
107.75,4.0333e-06
107.8,3.9495e-06
107.85,3.4994e-06
107.9,2.7212e-06
107.95,1.6836e-06
108,4.7987e-07
108.05,-7.8029e-07
108.1,-1.9811e-06
108.15,-3.011e-06
108.2,-3.7735e-06
108.25,-4.1958e-06
108.3,-4.2356e-06
108.35,-3.8858e-06
108.4,-3.1751e-06
108.45,-2.1655e-06
108.5,-9.4728e-07
108.55,3.6942e-07
108.6,1.6644e-06
108.65,2.8185e-06
108.7,3.7245e-06
108.75,4.297e-06
108.8,4.4806e-06
108.85,4.255e-06
108.9,3.6376e-06
108.95,2.6816e-06
109,1.4716e-06
109.05,1.1645e-07
109.1,-1.2611e-06
109.15,-2.5352e-06
109.2,-3.5884e-06
109.25,-4.3228e-06
109.3,-4.6685e-06
109.35,-4.5911e-06
109.4,-4.094e-06
109.45,-3.2195e-06
109.5,-2.0444e-06
109.55,-6.7334e-07
109.6,7.7011e-07
109.65,2.155e-06
109.7,3.3548e-06
109.75,4.259e-06
109.8,4.7829e-06
109.85,4.8761e-06
109.9,4.5271e-06
109.95,3.7641e-06
110,2.6536e-06
110.05,1.2938e-06
110.1,-1.9366e-07
110.15,-1.6747e-06
110.2,-3.0151e-06
110.25,-4.0922e-06
110.3,-4.8066e-06
110.35,-5.0911e-06
110.4,-4.917e-06
110.45,-4.2968e-06
110.5,-3.2837e-06
110.55,-1.9665e-06
110.6,-4.6229e-07
110.65,1.0943e-06
110.7,2.563e-06
110.75,3.8106e-06
110.8,4.7232e-06
110.85,5.2161e-06
110.9,5.2423e-06
110.95,4.7963e-06
111,3.9153e-06
111.05,2.6759e-06
111.1,1.1875e-06
111.15,-4.1771e-07
111.2,-1.9959e-06
111.25,-3.405e-06
111.3,-4.5174e-06
111.35,-5.2312e-06
111.4,-5.48e-06
111.45,-5.2385e-06
111.5,-4.5255e-06
111.55,-3.4022e-06
111.6,-1.9668e-06
111.65,-3.4618e-07
111.7,1.3155e-06
111.75,2.8697e-06
111.8,4.1765e-06
111.85,5.1177e-06
111.9,5.6069e-06
111.95,5.5977e-06
112,5.0882e-06
112.05,4.121e-06
112.1,2.7802e-06
112.15,1.1832e-06
112.2,-5.2878e-07
112.25,-2.2035e-06
112.3,-3.6915e-06
112.35,-4.8591e-06
112.4,-5.6004e-06
112.45,-5.847e-06
112.5,-5.5745e-06
112.55,-4.8043e-06
112.6,-3.6023e-06
112.65,-2.0733e-06
112.7,-3.514e-07
112.75,1.4112e-06
112.8,3.0581e-06
112.85,4.4425e-06
112.9,5.4399e-06
112.95,5.96e-06
113,5.9542e-06
113.05,5.4204e-06
113.1,4.4033e-06
113.15,2.9906e-06
113.2,1.3055e-06
113.25,-5.0391e-07
113.3,-2.2782e-06
113.35,-3.86e-06
113.4,-5.1086e-06
113.45,-5.9118e-06
113.5,-6.1967e-06
113.55,-5.9354e-06
113.6,-5.1486e-06
113.65,-3.9033e-06
113.7,-2.3073e-06
113.75,-4.9981e-07
113.8,1.3607e-06
113.85,3.1103e-06
113.9,4.5944e-06
113.95,5.6809e-06
114,6.2724e-06
114.05,6.3144e-06
114.1,5.801e-06
114.15,4.7747e-06
114.2,3.3237e-06
114.25,1.5736e-06
114.3,-3.2293e-07
114.35,-2.2e-06
114.4,-3.8925e-06
114.45,-5.2511e-06
114.5,-6.1551e-06
114.55,-6.5232e-06
114.6,-6.3209e-06
114.65,-5.5636e-06
114.7,-4.3153e-06
114.75,-2.6833e-06
114.8,-8.091e-07
114.85,1.1443e-06
114.9,3.0061e-06
114.95,4.6131e-06
115,5.8237e-06
115.05,6.5304e-06
115.1,6.6694e-06
115.15,6.2263e-06
115.2,5.2376e-06
115.25,3.7874e-06
115.3,2.0005e-06
115.35,3.149e-08
115.4,-1.9485e-06
115.45,-3.7669e-06
115.5,-5.2645e-06
115.55,-6.3096e-06
115.6,-6.8095e-06
115.65,-6.7185e-06
115.7,-6.0424e-06
115.75,-4.8378e-06
115.8,-3.2076e-06
115.85,-1.2919e-06
115.9,7.4378e-07
115.95,2.7229e-06
116,4.4733e-06
116.05,5.8422e-06
116.1,6.7094e-06
116.15,6.9977e-06
116.2,6.6801e-06
116.25,5.782e-06
116.3,4.3792e-06
116.35,2.5915e-06
116.4,5.7251e-07
116.45,-1.5037e-06
116.5,-3.4576e-06
116.55,-5.1196e-06
116.6,-6.3449e-06
116.65,-7.0259e-06
116.7,-7.1021e-06
116.75,-6.5647e-06
116.8,-5.4581e-06
116.85,-3.876e-06
116.9,-1.9535e-06
116.95,1.4462e-07
117,2.2378e-06
117.05,4.1454e-06
117.1,5.7024e-06
117.15,6.7734e-06
117.2,7.2644e-06
117.25,7.1313e-06
117.3,6.3836e-06
117.35,5.0837e-06
117.4,3.3418e-06
117.45,1.3063e-06
117.5,-8.4859e-07
117.55,-2.9379e-06
117.6,-4.7817e-06
117.65,-6.221e-06
117.7,-7.1307e-06
117.75,-7.4312e-06
117.8,-7.0947e-06
117.85,-6.1483e-06
117.9,-4.6713e-06
117.95,-2.7887e-06
118,-6.6091e-07
118.05,1.5305e-06
118.1,3.598e-06
118.15,5.364e-06
118.2,6.6764e-06
118.25,7.4215e-06
118.3,7.5339e-06
118.35,7.0022e-06
118.4,5.87e-06
118.45,4.2324e-06
118.5,2.2279e-06
118.55,2.674e-08
118.6,-2.1835e-06
118.65,-4.2142e-06
118.7,-5.8915e-06
118.75,-7.0712e-06
118.8,-7.6513e-06
118.85,-7.5807e-06
118.9,-6.8636e-06
118.95,-5.5594e-06
119,-3.7776e-06
119.05,-1.6687e-06
119.1,5.8857e-07
119.15,2.8024e-06
119.2,4.7844e-06
119.25,6.3652e-06
119.3,7.4093e-06
119.35,7.8266e-06
119.4,7.5799e-06
119.45,6.6885e-06
119.5,5.2264e-06
119.55,3.3164e-06
119.6,1.1193e-06
119.65,-1.1789e-06
119.7,-3.3837e-06
119.75,-5.3077e-06
119.8,-6.7872e-06
119.85,-7.6955e-06
119.9,-7.9543e-06
119.95,-7.5401e-06
120,-6.4862e-06
120.05,-4.8803e-06
120.1,-2.8571e-06
120.15,-5.8659e-07
120.2,1.7397e-06
120.25,3.9252e-06
120.3,5.7847e-06
120.35,7.1605e-06
120.4,7.935e-06
120.45,8.0415e-06
120.5,7.4693e-06
120.55,6.2653e-06
120.6,4.5294e-06
120.65,2.407e-06
120.7,7.5998e-08
120.75,-2.2674e-06
120.8,-4.4258e-06
120.85,-6.2168e-06
120.9,-7.4888e-06
120.95,-8.1335e-06
121,-8.0952e-06
121.05,-7.3756e-06
121.1,-6.0337e-06
121.15,-4.181e-06
121.2,-1.9721e-06
121.25,4.0804e-07
121.3,2.7598e-06
121.35,4.8855e-06
121.4,6.6061e-06
121.45,7.7764e-06
121.5,8.2968e-06
121.55,8.1224e-06
121.6,7.2662e-06
121.65,5.7986e-06
121.7,3.8414e-06
121.75,1.5576e-06
121.8,-8.6211e-07
121.85,-3.2154e-06
121.9,-5.3049e-06
121.95,-6.9553e-06
122,-8.0275e-06
122.05,-8.4305e-06
122.1,-8.1294e-06
122.15,-7.1478e-06
122.2,-5.5665e-06
122.25,-3.5164e-06
122.3,-1.1678e-06
122.35,1.2836e-06
122.4,3.6335e-06
122.45,5.6853e-06
122.5,7.2673e-06
122.55,8.2465e-06
122.6,8.5402e-06
122.65,8.1224e-06
122.7,7.0267e-06
122.75,5.343e-06
122.8,3.2106e-06
122.85,8.0604e-07
122.9,-1.6708e-06
122.95,-4.0139e-06
123,-6.0281e-06
123.05,-7.5451e-06
123.1,-8.4379e-06
123.15,-8.631e-06
123.2,-8.1071e-06
123.25,-6.9084e-06
123.3,-5.1332e-06
123.35,-2.928e-06
123.4,-4.7513e-07
123.45,2.0223e-06
123.5,4.3571e-06
123.55,6.3352e-06
123.6,7.792e-06
123.65,8.6057e-06
123.7,8.7077e-06
123.75,8.0884e-06
123.8,6.7977e-06
123.85,4.9413e-06
123.9,2.6722e-06
123.95,1.7725e-07
124,-2.3373e-06
124.05,-4.6635e-06
124.1,-6.6085e-06
124.15,-8.0109e-06
124.2,-8.7539e-06
124.25,-8.7748e-06
124.3,-8.0709e-06
124.35,-6.6989e-06
124.4,-4.7711e-06
124.45,-2.4458e-06
124.5,8.5872e-08
124.55,2.6153e-06
124.6,4.9337e-06
124.65,6.8497e-06
124.7,8.2046e-06
124.75,8.8858e-06
124.8,8.8362e-06
124.85,8.0585e-06
124.9,6.6158e-06
124.95,4.6257e-06
125,2.2512e-06
125.05,-3.1288e-07
125.1,-2.8559e-06
125.15,-5.1687e-06
125.2,-7.0607e-06
125.25,-8.3757e-06
125.3,-9.0047e-06
125.35,-8.8951e-06
125.4,-8.0547e-06
125.45,-6.5514e-06
125.5,-4.5077e-06
125.55,-2.0904e-06
125.6,5.0271e-07
125.65,3.0591e-06
125.7,5.369e-06
125.75,7.2428e-06
125.8,8.5262e-06
125.85,9.1132e-06
125.9,8.9546e-06
125.95,8.0624e-06
126,6.5085e-06
126.05,4.4192e-06
126.1,1.9648e-06
126.15,-6.5451e-07
126.2,-3.2247e-06
126.25,-5.5355e-06
126.3,-7.3976e-06
126.35,-8.6581e-06
126.4,-9.2134e-06
126.45,-9.0169e-06
126.5,-8.0837e-06
126.55,-6.4891e-06
126.6,-4.3621e-06
126.65,-1.8758e-06
126.7,7.6757e-07
126.75,3.3526e-06
126.8,5.6684e-06
126.85,7.5258e-06
126.9,8.7728e-06
126.95,9.307e-06
127,9.0839e-06
127.05,8.1207e-06
127.1,6.4948e-06
127.15,4.3378e-06
127.2,1.8244e-06
127.25,-8.413e-07
127.3,-3.4427e-06
127.35,-5.7681e-06
127.4,-7.6281e-06
127.45,-8.8711e-06
127.5,-9.3951e-06
127.55,-9.1568e-06
127.6,-8.1744e-06
127.65,-6.5269e-06
127.7,-4.3471e-06
127.75,-1.8114e-06
127.8,8.7515e-07
127.85,3.4946e-06
127.9,5.8346e-06
127.95,7.705e-06
128,8.9536e-06
128.05,9.4785e-06
128.1,9.2364e-06
128.15,8.2458e-06
128.2,6.5862e-06
128.25,4.391e-06
128.3,1.8373e-06
128.35,-8.6865e-07
128.4,-3.5082e-06
128.45,-5.8677e-06
128.5,-7.7562e-06
128.55,-9.0203e-06
128.6,-9.5573e-06
128.65,-9.3229e-06
128.7,-8.3351e-06
128.75,-6.6729e-06
128.8,-4.4697e-06
128.85,-1.9027e-06
128.9,8.2133e-07
128.95,3.4828e-06
129,5.867e-06
129.05,7.7813e-06
129.1,9.0708e-06
129.15,9.6311e-06
129.2,9.416e-06
129.25,8.4422e-06
129.3,6.7871e-06
129.35,4.5834e-06
129.4,2.0078e-06
129.45,-7.3276e-07
129.5,-3.4179e-06
129.55,-5.8316e-06
129.6,-7.7794e-06
129.65,-9.1043e-06
129.7,-9.699e-06
129.75,-9.515e-06
129.8,-8.5663e-06
129.85,-6.9283e-06
129.9,-4.7318e-06
129.95,-2.1526e-06
130,6.0257e-07
130.05,3.3129e-06
130.1,5.7607e-06
130.15,7.7495e-06
130.2,9.1193e-06
130.25,9.7597e-06
130.3,9.6185e-06
130.35,8.7064e-06
130.4,7.0956e-06
130.45,4.9144e-06
130.5,2.3371e-06
130.55,-4.3041e-07
130.6,-3.1668e-06
130.65,-5.6531e-06
130.7,-7.69e-06
130.75,-9.1142e-06
130.8,-9.8113e-06
130.85,-9.7247e-06
130.9,-8.8607e-06
130.95,-7.2876e-06
131,-5.1304e-06
131.05,-2.5609e-06
131.1,2.1607e-07
131.15,2.979e-06
131.2,5.5073e-06
131.25,7.599e-06
131.3,9.0868e-06
131.35,9.8514e-06
131.4,9.8312e-06
131.45,9.0272e-06
131.5,7.5026e-06
131.55,5.3785e-06
131.6,2.8234e-06
131.65,4.0567e-08
131.7,-2.7486e-06
131.75,-5.3219e-06
131.8,-7.4744e-06
131.85,-9.0344e-06
131.9,-9.8773e-06
131.95,-9.9353e-06
132,-9.2031e-06
132.05,-7.7384e-06
132.1,-5.6569e-06
132.15,-3.1236e-06
132.2,-3.3941e-07
132.25,2.4747e-06
132.3,5.0953e-06
132.35,7.314e-06
132.4,8.9543e-06
132.45,9.8856e-06
132.5,1.0033e-05
132.55,9.3854e-06
132.6,7.9922e-06
132.65,5.9637e-06
132.7,3.4604e-06
132.75,6.8016e-07
132.8,-2.1568e-06
132.85,-4.8257e-06
132.9,-7.1151e-06
132.95,-8.8432e-06
133,-9.8729e-06
133.05,-1.0122e-05
133.1,-9.5703e-06
133.15,-8.2607e-06
133.2,-6.2963e-06
133.25,-3.8319e-06
133.3,-1.0622e-06
133.35,1.7943e-06
133.4,4.5117e-06
133.45,6.8752e-06
133.5,8.6978e-06
133.55,9.8351e-06
133.6,1.0197e-05
133.65,9.7536e-06
133.7,8.5401e-06
133.75,6.6515e-06
133.8,4.2362e-06
133.85,1.4845e-06
133.9,-1.3869e-06
133.95,-4.1516e-06
134,-6.5916e-06
134.05,-8.5143e-06
134.1,-9.7678e-06
134.15,-1.0253e-05
134.2,-9.9307e-06
134.25,-8.8262e-06
134.3,-7.0257e-06
134.35,-4.6706e-06
134.4,-1.9457e-06
134.45,9.3477e-07
134.5,3.7442e-06
134.55,6.2617e-06
134.6,8.289e-06
134.65,9.6665e-06
134.7,1.0285e-05
134.75,1.0096e-05
134.8,9.1139e-06
134.85,7.4147e-06
134.9,5.1317e-06
134.95,2.4438e-06
135,-4.3834e-07
135.05,-3.2885e-06
135.1,-5.8831e-06
135.15,-8.0183e-06
135.2,-9.5264e-06
135.25,-1.0289e-05
135.3,-1.0245e-05
135.35,-9.3979e-06
135.4,-7.8137e-06
135.45,-5.6158e-06
135.5,-2.9763e-06
135.55,-1.0137e-07
135.6,2.7838e-06
135.65,5.4534e-06
135.7,7.6984e-06
135.75,9.3426e-06
135.8,1.0257e-05
135.85,1.037e-05
135.9,9.672e-06
135.95,8.217e-06
136,6.1184e-06
136.05,3.5399e-06
136.1,6.8275e-07
136.15,-2.23e-06
136.2,-4.9709e-06
136.25,-7.3257e-06
136.3,-9.1103e-06
136.35,-1.0185e-05
136.4,-1.0466e-05
136.45,-9.9297e-06
136.5,-8.6186e-06
136.55,-6.6342e-06
136.6,-4.1309e-06
136.65,-1.3035e-06
136.7,1.6276e-06
136.75,4.4341e-06
136.8,6.8971e-06
136.85,8.8246e-06
136.9,1.0066e-05
136.95,1.0525e-05
137,1.0164e-05
137.05,9.0117e-06
137.1,7.1572e-06
137.15,4.7443e-06
137.2,1.9605e-06
137.25,-9.7775e-07
137.3,-3.8421e-06
137.35,-6.4098e-06
137.4,-8.481e-06
137.45,-9.8945e-06
137.5,-1.054e-05
137.55,-1.0367e-05
137.6,-9.3888e-06
137.65,-7.6805e-06
137.7,-5.3746e-06
137.75,-2.6499e-06
137.8,2.8247e-07
137.85,3.1949e-06
137.9,5.8615e-06
137.95,8.0752e-06
138,9.6641e-06
138.05,1.0505e-05
138.1,1.0531e-05
138.15,9.7418e-06
138.2,8.1967e-06
138.25,6.0154e-06
138.3,3.3666e-06
138.35,4.5528e-07
138.4,-2.4932e-06
138.45,-5.2507e-06
138.5,-7.6035e-06
138.55,-9.3693e-06
138.6,-1.0411e-05
138.65,-1.0649e-05
138.7,-1.0062e-05
138.75,-8.6974e-06
138.8,-6.6591e-06
138.85,-4.1048e-06
138.9,-1.2315e-06
138.95,1.7388e-06
139,4.5766e-06
139.05,7.0627e-06
139.1,9.0048e-06
139.15,1.0253e-05
139.2,1.071e-05
139.25,1.0341e-05
139.3,9.1735e-06
139.35,7.2975e-06
139.4,4.8574e-06
139.45,2.041e-06
139.5,-9.3438e-07
139.55,-3.8396e-06
139.6,-6.4505e-06
139.65,-8.5659e-06
139.7,-1.0023e-05
139.75,-1.0708e-05
139.8,-1.0569e-05
139.85,-9.6154e-06
139.9,-7.9213e-06
139.95,-5.6163e-06
140,-2.8776e-06
140.05,8.41e-08
140.1,3.0411e-06
140.15,5.7658e-06
140.2,8.0487e-06
140.25,9.7139e-06
140.3,1.0633e-05
140.35,1.0736e-05
140.4,1.0013e-05
140.45,8.5203e-06
140.5,6.3723e-06
140.55,3.7336e-06
140.6,8.0666e-07
140.65,-2.1839e-06
140.7,-5.0084e-06
140.75,-7.45e-06
140.8,-9.3213e-06
140.85,-1.0478e-05
140.9,-1.0832e-05
140.95,-1.0355e-05
141,-9.0838e-06
141.05,-7.1152e-06
141.1,-4.6001e-06
141.15,-1.7311e-06
141.2,1.2721e-06
141.25,4.1795e-06
141.3,6.7682e-06
141.35,8.8399e-06
141.4,1.0236e-05
141.45,1.0849e-05
141.5,1.0631e-05
141.55,9.6e-06
141.6,7.8337e-06
141.65,5.467e-06
141.7,2.681e-06
141.75,-3.1157e-07
141.8,-3.2818e-06
141.85,-6.0026e-06
141.9,-8.266e-06
141.95,-9.8987e-06
142,-1.0776e-05
142.05,-1.083e-05
142.1,-1.0057e-05
142.15,-8.5154e-06
142.2,-6.3228e-06
142.25,-3.6464e-06
142.3,-6.9037e-07
142.35,2.3198e-06
142.4,5.1545e-06
142.45,7.5972e-06
142.5,9.4616e-06
142.55,1.0605e-05
142.6,1.0941e-05
142.65,1.0442e-05
142.7,9.1475e-06
142.75,7.1549e-06
142.8,4.6162e-06
142.85,1.7246e-06
142.9,-1.2997e-06
142.95,-4.2265e-06
143,-6.8327e-06
143.05,-8.9199e-06
143.1,-1.0329e-05
143.15,-1.0953e-05
143.2,-1.0743e-05
143.25,-9.7162e-06
143.3,-7.9496e-06
143.35,-5.5775e-06
143.4,-2.7803e-06
143.45,2.296e-07
143.5,3.2234e-06
143.55,5.9735e-06
143.6,8.2708e-06
143.65,9.9408e-06
143.7,1.0856e-05
143.75,1.0948e-05
143.8,1.0208e-05
143.85,8.6922e-06
143.9,6.5163e-06
143.95,3.8448e-06
144,8.8043e-07
144.05,-2.152e-06
144.1,-5.0225e-06
144.15,-7.5131e-06
144.2,-9.4351e-06
144.25,-1.0642e-05
144.3,-1.1043e-05
144.35,-1.0607e-05
144.4,-9.3674e-06
144.45,-7.417e-06
144.5,-4.9039e-06
144.55,-2.0183e-06
144.6,1.0213e-06
144.65,3.9849e-06
144.7,6.6479e-06
144.75,8.8087e-06
144.8,1.0304e-05
144.85,1.1019e-05
144.9,1.0902e-05
144.95,9.9594e-06
145,8.2634e-06
145.05,5.9417e-06
145.1,3.1699e-06
145.15,1.5733e-07
145.2,-2.8683e-06
145.25,-5.6782e-06
145.3,-8.0602e-06
145.35,-9.8342e-06
145.4,-1.0866e-05
145.45,-1.1077e-05
145.5,-1.0452e-05
145.55,-9.0381e-06
145.6,-6.941e-06
145.65,-4.3192e-06
145.7,-1.3705e-06
145.75,1.6827e-06
145.8,4.61e-06
145.85,7.1907e-06
145.9,9.2301e-06
145.95,1.0574e-05
146,1.1122e-05
146.05,1.0831e-05
146.1,9.7237e-06
146.15,7.8834e-06
146.2,5.4485e-06
146.25,2.6024e-06
146.3,-4.4078e-07
146.35,-3.4518e-06
146.4,-6.204e-06
146.45,-8.49e-06
146.5,-1.0138e-05
146.55,-1.1023e-05
146.6,-1.1079e-05
146.65,-1.0302e-05
146.7,-8.7497e-06
146.75,-6.5386e-06
146.8,-3.835e-06
146.85,-8.4228e-07
146.9,2.2148e-06
146.95,5.1064e-06
147,7.6152e-06
147.05,9.5527e-06
147.1,1.0773e-05
147.15,1.1185e-05
147.2,1.0756e-05
147.25,9.5201e-06
147.3,7.5688e-06
147.35,5.0486e-06
147.4,2.1488e-06
147.45,-9.1328e-07
147.5,-3.9077e-06
147.55,-6.61e-06
147.6,-8.8172e-06
147.65,-1.0364e-05
147.7,-1.1134e-05
147.75,-1.1069e-05
147.8,-1.0175e-05
147.85,-8.5176e-06
147.9,-6.2215e-06
147.95,-3.4586e-06
148,-4.3569e-07
148.05,2.6207e-06
148.1,5.4818e-06
148.15,7.9332e-06
148.2,9.7914e-06
148.25,1.0917e-05
148.3,1.1226e-05
148.35,1.0695e-05
148.4,9.3633e-06
148.45,7.3309e-06
148.5,4.7495e-06
148.55,1.8122e-06
148.6,-1.2615e-06
148.65,-4.2417e-06
148.7,-6.9057e-06
148.75,-9.0542e-06
148.8,-1.0527e-05
148.85,-1.1213e-05
148.9,-1.1062e-05
148.95,-1.0084e-05
149,-8.3529e-06
149.05,-5.9975e-06
149.1,-3.1937e-06
149.15,-1.5076e-07
149.2,2.9043e-06
149.25,5.7434e-06
149.3,8.1546e-06
149.35,9.9581e-06
149.4,1.1019e-05
149.45,1.1259e-05
149.5,1.0658e-05
149.55,9.2633e-06
149.6,7.1772e-06
149.65,4.5555e-06
149.7,1.5937e-06
149.75,-1.4877e-06
149.8,-4.459e-06
149.85,-7.0988e-06
149.9,-9.2105e-06
149.95,-1.0637e-05
150,-1.1271e-05
150.05,-1.1067e-05
150.1,-1.0038e-05
150.15,-8.2621e-06
150.2,-5.8708e-06
150.25,-3.0421e-06
150.3,1.3672e-08
150.35,3.0691e-06
150.4,5.8971e-06
150.45,8.2871e-06
150.5,1.0061e-05
150.55,1.1088e-05
150.6,1.1291e-05
150.65,1.0654e-05
150.7,9.2258e-06
150.75,7.1115e-06
150.8,4.4684e-06
150.85,1.4927e-06
150.9,-1.5944e-06
150.95,-4.5639e-06
151,-7.1952e-06
151.05,-9.2928e-06
151.1,-1.0701e-05
151.15,-1.1315e-05
151.2,-1.109e-05
151.25,-1.0042e-05
151.3,-8.2487e-06
151.35,-5.843e-06
151.4,-3.0035e-06
151.45,5.9374e-08
151.5,3.1185e-06
151.55,5.947e-06
151.6,8.3353e-06
151.65,1.0106e-05
151.7,1.1129e-05
151.75,1.1327e-05
151.8,1.0686e-05
151.85,9.2533e-06
151.9,7.135e-06
151.95,4.4879e-06
152,1.508e-06
152.05,-1.5841e-06
152.1,-4.5596e-06
152.15,-7.1982e-06
152.2,-9.3046e-06
152.25,-1.0723e-05
152.3,-1.1348e-05
152.35,-1.1134e-05
152.4,-1.0097e-05
152.45,-8.3127e-06
152.5,-5.9134e-06
152.55,-3.0764e-06
152.6,-1.1606e-08
152.65,3.0547e-06
152.7,5.8958e-06
152.75,8.3018e-06
152.8,1.0095e-05
152.85,1.1143e-05
152.9,1.1368e-05
152.95,1.0753e-05
153,9.3447e-06
153.05,7.246e-06
153.1,4.6121e-06
153.15,1.6373e-06
153.2,-1.4588e-06
153.25,-4.4478e-06
153.3,-7.1092e-06
153.35,-9.2466e-06
153.4,-1.0702e-05
153.45,-1.1369e-05
153.5,-1.1198e-05
153.55,-1.0201e-05
153.6,-8.4515e-06
153.65,-6.0791e-06
153.7,-3.2584e-06
153.75,-1.9706e-07
153.8,2.8793e-06
153.85,5.744e-06
153.9,8.1861e-06
153.95,1.0026e-05
154,1.1127e-05
154.05,1.141e-05
154.1,1.0852e-05
154.15,9.4961e-06
154.2,7.4408e-06
154.25,4.8375e-06
154.3,1.8779e-06
154.35,-1.2203e-06
154.4,-4.2291e-06
154.45,-6.9274e-06
154.5,-9.1167e-06
154.55,-1.0636e-05
154.6,-1.1373e-05
154.65,-1.1275e-05
154.7,-1.0348e-05
154.75,-8.66e-06
154.8,-6.3357e-06
154.85,-3.5455e-06
154.9,-4.9452e-07
154.95,2.5932e-06
155,5.491e-06
155.05,7.9859e-06
155.1,9.8948e-06
155.15,1.1078e-05
155.2,1.1447e-05
155.25,1.0977e-05
155.3,9.7011e-06
155.35,7.7131e-06
155.4,5.1591e-06
155.45,2.2263e-06
155.5,-8.7023e-07
155.55,-3.9033e-06
155.6,-6.6505e-06
155.65,-8.9105e-06
155.7,-1.0518e-05
155.75,-1.1354e-05
155.8,-1.1358e-05
155.85,-1.053e-05
155.9,-8.9305e-06
155.95,-6.6764e-06
156,-3.9329e-06
156.05,-9.0107e-07
156.1,2.1971e-06
156.15,5.1348e-06
156.2,7.6968e-06
156.25,9.6957e-06
156.3,1.0985e-05
156.35,1.1471e-05
156.4,1.1117e-05
156.45,9.9499e-06
156.5,8.0547e-06
156.55,5.5701e-06
156.6,2.6778e-06
156.65,-4.1064e-07
156.7,-3.4694e-06
156.75,-6.2748e-06
156.8,-8.6218e-06
156.85,-1.0339e-05
156.9,-1.13e-05
156.95,-1.1436e-05
157,-1.0737e-05
157.05,-9.2526e-06
157.1,-7.0924e-06
157.15,-4.414e-06
157.2,-1.413e-06
157.25,1.6916e-06
157.3,4.6729e-06
157.35,7.3133e-06
157.4,9.4202e-06
157.45,1.084e-05
157.5,1.1468e-05
157.55,1.126e-05
157.6,1.0231e-05
157.65,8.4546e-06
157.7,6.0618e-06
157.75,3.2266e-06
157.8,1.5585e-07
157.85,-2.9265e-06
157.9,-5.7958e-06
157.95,-8.2428e-06
158,-1.0089e-05
158.05,-1.1201e-05
158.1,-1.1496e-05
158.15,-1.0954e-05
158.2,-9.6134e-06
158.25,-7.5727e-06
158.3,-4.9804e-06
158.35,-2.0251e-06
158.4,1.0778e-06
158.45,4.1026e-06
158.5,6.8289e-06
158.55,9.0583e-06
158.6,1.0629e-05
158.65,1.1426e-05
158.7,1.1391e-05
158.75,1.0528e-05
158.8,8.8995e-06
158.85,6.6231e-06
158.9,3.8648e-06
158.95,8.2535e-07
159,-2.2743e-06
159.05,-5.2089e-06
159.1,-7.7651e-06
159.15,-9.757e-06
159.2,-1.104e-05
159.25,-1.1521e-05
159.3,-1.1165e-05
159.35,-9.9972e-06
159.4,-8.1037e-06
159.45,-5.6214e-06
159.5,-2.7307e-06
159.55,3.5848e-07
159.6,3.4218e-06
159.65,6.2369e-06
159.7,8.5994e-06
159.75,1.0338e-05
159.8,1.1326e-05
159.85,1.1493e-05
159.9,1.0826e-05
159.95,9.373e-06
160,7.2404e-06
160.05,4.5825e-06
160.1,1.5921e-06
160.15,-1.5138e-06
160.2,-4.5102e-06
160.25,-7.1798e-06
160.3,-9.329e-06
160.35,-1.0802e-05
160.4,-1.1493e-05
160.45,-1.135e-05
160.5,-1.0386e-05
160.55,-8.6687e-06
160.6,-6.3236e-06
160.65,-3.5204e-06
160.7,-4.6213e-07
160.75,2.6298e-06
160.8,5.5314e-06
160.85,8.0327e-06
160.9,9.9527e-06
160.95,1.1152e-05
161,1.1545e-05
161.05,1.1102e-05
161.1,9.8563e-06
161.15,7.8972e-06
161.2,5.3667e-06
161.25,2.448e-06
161.3,-6.4788e-07
161.35,-3.697e-06
161.4,-6.479e-06
161.45,-8.7926e-06
161.5,-1.0471e-05
161.55,-1.1392e-05
161.6,-1.149e-05
161.65,-1.0758e-05
161.7,-9.2485e-06
161.75,-7.0707e-06
161.8,-4.3822e-06
161.85,-1.377e-06
161.9,1.7278e-06
161.95,4.7079e-06
162,7.3481e-06
162.05,9.4579e-06
162.1,1.0885e-05
162.15,1.1526e-05
162.2,1.1336e-05
162.25,1.0327e-05
162.3,8.5737e-06
162.35,6.2014e-06
162.4,3.3816e-06
162.45,3.1782e-07
162.5,-2.7689e-06
162.55,-5.6561e-06
162.6,-8.1354e-06
162.65,-1.0028e-05
162.7,-1.1198e-05
162.75,-1.1561e-05
162.8,-1.109e-05
162.85,-9.8205e-06
162.9,-7.8429e-06
162.95,-5.3003e-06
163,-2.3757e-06
163.05,7.201e-07
163.1,3.7641e-06
163.15,6.537e-06
163.2,8.8391e-06
163.25,1.0505e-05
163.3,1.1414e-05
163.35,1.1502e-05
163.4,1.0762e-05
163.45,9.247e-06
163.5,7.0667e-06
163.55,4.3779e-06
163.6,1.374e-06
163.65,-1.7287e-06
163.7,-4.7071e-06
163.75,-7.347e-06
163.8,-9.4585e-06
163.85,-1.089e-05
163.9,-1.1538e-05
163.95,-1.1357e-05
164,-1.0359e-05
164.05,-8.6168e-06
164.1,-6.2552e-06
164.15,-3.444e-06
164.2,-3.853e-07
164.25,2.7011e-06
164.3,5.5934e-06
164.35,8.0839e-06
164.4,9.9938e-06
164.45,1.1186e-05
164.5,1.1575e-05
164.55,1.1132e-05
164.6,9.8909e-06
164.65,7.9392e-06
164.7,5.4177e-06
164.75,2.5073e-06
164.8,-5.8297e-07
164.85,-3.6314e-06
164.9,-6.4193e-06
164.95,-8.7466e-06
165,-1.0446e-05
165.05,-1.1397e-05
165.1,-1.153e-05
165.15,-1.0836e-05
165.2,-9.3655e-06
165.25,-7.2232e-06
165.3,-4.5631e-06
165.35,-1.5759e-06
165.4,1.5242e-06
165.45,4.5151e-06
165.5,7.1823e-06
165.55,9.3349e-06
165.6,1.0819e-05
165.65,1.1527e-05
165.7,1.141e-05
165.75,1.0476e-05
165.8,8.7913e-06
165.85,6.4772e-06
165.9,3.6994e-06
165.95,6.5676e-07
166,-2.4329e-06
166.05,-5.3483e-06
166.1,-7.8808e-06
166.15,-9.8494e-06
166.2,-1.1113e-05
166.25,-1.1582e-05
166.3,-1.1221e-05
166.35,-1.0059e-05
166.4,-8.1763e-06
166.45,-5.7093e-06
166.5,-2.834e-06
166.55,2.4388e-07
166.6,3.3043e-06
166.65,6.1283e-06
166.7,8.5142e-06
166.75,1.0291e-05
166.8,1.1333e-05
166.85,1.1565e-05
166.9,1.097e-05
166.95,9.5918e-06
167,7.5281e-06
167.05,4.9267e-06
167.1,1.9734e-06
167.15,-1.1207e-06
167.2,-4.1347e-06
167.25,-6.8533e-06
167.3,-9.0826e-06
167.35,-1.0663e-05
167.4,-1.1483e-05
167.45,-1.1483e-05
167.5,-1.0663e-05
167.55,-9.0824e-06
167.6,-6.8537e-06
167.65,-4.1361e-06
167.7,-1.1236e-06
167.75,1.9691e-06
167.8,4.9211e-06
167.85,7.5221e-06
167.9,9.5866e-06
167.95,1.0967e-05
168,1.1566e-05
168.05,1.134e-05
168.1,1.0306e-05
168.15,8.5372e-06
168.2,6.1599e-06
168.25,3.3438e-06
168.3,2.8954e-07
168.35,-2.7853e-06
168.4,-5.6615e-06
168.45,-8.1343e-06
168.5,-1.0028e-05
168.55,-1.1207e-05
168.6,-1.1587e-05
168.65,-1.1143e-05
168.7,-9.9055e-06
168.75,-7.9626e-06
168.8,-5.4529e-06
168.85,-2.5552e-06
168.9,5.2421e-07
168.95,3.5662e-06
169,6.3543e-06
169.05,8.6901e-06
169.1,1.0408e-05
169.15,1.1384e-05
169.2,1.1551e-05
169.25,1.0897e-05
169.3,9.4674e-06
169.35,7.3646e-06
169.4,4.7383e-06
169.45,1.7752e-06
169.5,-1.3139e-06
169.55,-4.3095e-06
169.6,-6.9986e-06
169.65,-9.1902e-06
169.7,-1.0729e-05
169.75,-1.1504e-05
169.8,-1.1463e-05
169.85,-1.0607e-05
169.9,-8.9974e-06
169.95,-6.749e-06
170,-4.0213e-06
170.05,-1.0081e-06
170.1,2.0764e-06
170.15,5.0134e-06
170.2,7.5942e-06
170.25,9.6358e-06
170.3,1.0993e-05
170.35,1.157e-05
170.4,1.1326e-05
170.45,1.0278e-05
170.5,8.501e-06
170.55,6.1208e-06
170.6,3.3064e-06
170.65,2.5764e-07
170.7,-2.8092e-06
170.75,-5.6766e-06
170.8,-8.1413e-06
170.85,-1.0028e-05
170.9,-1.1204e-05
170.95,-1.1586e-05
171,-1.1146e-05
171.05,-9.916e-06
171.1,-7.9833e-06
171.15,-5.4848e-06
171.2,-2.5978e-06
171.25,4.7305e-07
171.3,3.5102e-06
171.35,6.2985e-06
171.4,8.6404e-06
171.45,1.037e-05
171.5,1.1365e-05
171.55,1.1555e-05
171.6,1.0927e-05
171.65,9.5252e-06
171.7,7.449e-06
171.75,4.8455e-06
171.8,1.8992e-06
171.85,-1.1813e-06
171.9,-4.178e-06
171.95,-6.8788e-06
172,-9.0926e-06
172.05,-1.0663e-05
172.1,-1.1479e-05
172.15,-1.1482e-05
172.2,-1.0674e-05
172.25,-9.1103e-06
172.3,-6.9025e-06
172.35,-4.2068e-06
172.4,-1.2138e-06
172.45,1.8648e-06
172.5,4.8114e-06
172.55,7.4176e-06
172.6,9.4992e-06
172.65,1.0909e-05
172.7,1.1548e-05
172.75,1.1371e-05
172.8,1.039e-05
172.85,8.6755e-06
172.9,6.348e-06
172.95,3.5721e-06
173,5.4414e-07
173.05,-2.522e-06
173.1,-5.4098e-06
173.15,-7.9154e-06
173.2,-9.8618e-06
173.25,-1.1112e-05
173.3,-1.1577e-05
173.35,-1.1225e-05
173.4,-1.0081e-05
173.45,-8.2251e-06
173.5,-5.789e-06
173.55,-2.9446e-06
173.6,1.0734e-07
173.65,3.1515e-06
173.7,5.973e-06
173.75,8.373e-06
173.8,1.0182e-05
173.85,1.1273e-05
173.9,1.1569e-05
173.95,1.1048e-05
174,9.7492e-06
174.05,7.7627e-06
174.1,5.2291e-06
174.15,2.3271e-06
174.2,-7.3875e-07
174.25,-3.7522e-06
174.3,-6.501e-06
174.35,-8.7914e-06
174.4,-1.0462e-05
174.45,-1.1395e-05
174.5,-1.1526e-05
174.55,-1.0844e-05
174.6,-9.3991e-06
174.65,-7.2918e-06
174.7,-4.6712e-06
174.75,-1.7218e-06
174.8,1.3485e-06
174.85,4.3236e-06
174.9,6.9941e-06
174.95,9.1719e-06
175,1.0704e-05
175.05,1.1482e-05
175.1,1.1452e-05
175.15,1.0617e-05
175.2,9.0339e-06
175.25,6.8156e-06
175.3,4.118e-06
175.35,1.1309e-06
175.4,-1.9355e-06
175.45,-4.8654e-06
175.5,-7.4529e-06
175.55,-9.5159e-06
175.6,-1.091e-05
175.65,-1.1536e-05
175.7,-1.1351e-05
175.75,-1.0369e-05
175.8,-8.657e-06
175.85,-6.337e-06
175.9,-3.5719e-06
175.95,-5.5602e-07
176,2.4987e-06
176.05,5.3774e-06
176.1,7.8781e-06
176.15,9.825e-06
176.2,1.1082e-05
176.25,1.1559e-05
176.3,1.1225e-05
176.35,1.0103e-05
176.4,8.2712e-06
176.45,5.8587e-06
176.5,3.0351e-06
176.55,-1.3752e-09
176.6,-3.0374e-06
176.65,-5.8599e-06
176.7,-8.2708e-06
176.75,-1.0101e-05
176.8,-1.1222e-05
176.85,-1.1555e-05
176.9,-1.1078e-05
176.95,-9.8231e-06
177,-7.8793e-06
177.05,-5.383e-06
177.1,-2.5093e-06
177.15,5.4015e-07
177.2,3.5514e-06
177.25,6.3132e-06
177.3,8.632e-06
177.35,1.0345e-05
177.4,1.1333e-05
177.45,1.1526e-05
177.5,1.0911e-05
177.55,9.5316e-06
177.6,7.4839e-06
177.65,4.912e-06
177.7,1.9961e-06
177.75,-1.0594e-06
177.8,-4.0403e-06
177.85,-6.7378e-06
177.9,-8.963e-06
177.95,-1.056e-05
178,-1.1417e-05
178.05,-1.1475e-05
178.1,-1.0728e-05
178.15,-9.231e-06
178.2,-7.0873e-06
178.25,-4.4476e-06
178.3,-1.4968e-06
178.35,1.5585e-06
178.4,4.5043e-06
178.45,7.1345e-06
178.5,9.265e-06
178.55,1.0747e-05
178.6,1.1477e-05
178.65,1.1403e-05
178.7,1.0532e-05
178.75,8.9237e-06
178.8,6.6915e-06
178.85,3.9914e-06
178.9,1.0125e-06
178.95,-2.0369e-06
179,-4.9435e-06
179.05,-7.504e-06
179.1,-9.5396e-06
179.15,-1.0908e-05
179.2,-1.1513e-05
179.25,-1.1314e-05
179.3,-1.0324e-05
179.35,-8.6119e-06
179.4,-6.2984e-06
179.45,-3.545e-06
179.5,-5.4418e-07
179.55,2.4943e-06
179.6,5.3581e-06
179.65,7.8473e-06
179.7,9.788e-06
179.75,1.1045e-05
179.8,1.153e-05
179.85,1.1209e-05
179.9,1.0106e-05
179.95,8.2976e-06
180,5.9097e-06
180.05,3.1095e-06
180.1,9.2465e-08
180.15,-2.9306e-06
180.2,-5.7488e-06
180.25,-8.1654e-06
180.3,-1.0012e-05
180.35,-1.1159e-05
180.4,-1.1528e-05
180.45,-1.1092e-05
180.5,-9.8819e-06
180.55,-7.9828e-06
180.6,-5.527e-06
180.65,-2.686e-06
180.7,3.4209e-07
180.75,3.3459e-06
180.8,6.116e-06
180.85,8.4592e-06
180.9,1.0212e-05
180.95,1.1253e-05
181,1.1509e-05
181.05,1.0963e-05
181.1,9.6522e-06
181.15,7.669e-06
181.2,5.1515e-06
181.25,2.2753e-06
181.3,-7.591e-07
181.35,-3.7402e-06
181.4,-6.4604e-06
181.45,-8.73e-06
181.5,-1.0391e-05
181.55,-1.1328e-05
181.6,-1.1476e-05
181.65,-1.0824e-05
181.7,-9.419e-06
181.75,-7.3578e-06
181.8,-4.7845e-06
181.85,-1.8783e-06
181.9,1.1583e-06
181.95,4.1139e-06
182,6.7826e-06
182.05,8.9789e-06
182.1,1.055e-05
182.15,1.1386e-05
182.2,1.143e-05
182.25,1.0679e-05
182.3,9.184e-06
182.35,7.0506e-06
182.4,4.4268e-06
182.45,1.4955e-06
182.5,-1.5396e-06
182.55,-4.4671e-06
182.6,-7.0835e-06
182.65,-9.207e-06
182.7,-1.069e-05
182.75,-1.1429e-05
182.8,-1.1373e-05
182.85,-1.0527e-05
182.9,-8.9487e-06
182.95,-6.7485e-06
183,-4.0795e-06
183.05,-1.1273e-06
183.1,1.9029e-06
183.15,4.8004e-06
183.2,7.3639e-06
183.25,9.4154e-06
183.3,1.0812e-05
183.35,1.1458e-05
183.4,1.1307e-05
183.45,1.0371e-05
183.5,8.7144e-06
183.55,6.4528e-06
183.6,3.7433e-06
183.65,7.7419e-07
183.7,-2.2483e-06
183.75,-5.1142e-06
183.8,-7.6246e-06
183.85,-9.6053e-06
183.9,-1.0919e-05
183.95,-1.1474e-05
184,-1.1233e-05
184.05,-1.0212e-05
184.1,-8.4823e-06
184.15,-6.1643e-06
184.2,-3.4187e-06
184.25,-4.3635e-07
184.3,2.5759e-06
184.35,5.409e-06
184.4,7.8664e-06
184.45,9.7778e-06
184.5,1.1011e-05
184.55,1.148e-05
184.6,1.1152e-05
184.65,1.0051e-05
184.7,8.2537e-06
184.75,5.8839e-06
184.8,3.1064e-06
184.85,1.1396e-07
184.9,-2.886e-06
184.95,-5.6854e-06
185,-8.0903e-06
185.05,-9.9341e-06
185.1,-1.1089e-05
185.15,-1.1475e-05
185.2,-1.1066e-05
185.25,-9.8904e-06
185.3,-8.0294e-06
185.35,-5.6123e-06
185.4,-2.8067e-06
185.45,1.929e-07
185.5,3.1787e-06
185.55,5.944e-06
185.6,8.2971e-06
185.65,1.0075e-05
185.7,1.1155e-05
185.75,1.1463e-05
185.8,1.0976e-05
185.85,9.7302e-06
185.9,7.8105e-06
185.95,5.3503e-06
186,2.52e-06
186.05,-4.8422e-07
186.1,-3.4545e-06
186.15,-6.1853e-06
186.2,-8.4876e-06
186.25,-1.0202e-05
186.3,-1.1211e-05
186.35,-1.1443e-05
186.4,-1.0884e-05
186.45,-9.5718e-06
186.5,-7.5977e-06
186.55,-5.0983e-06
186.6,-2.2466e-06
186.65,7.6004e-07
186.7,3.7137e-06
186.75,6.41e-06
186.8,8.6627e-06
186.85,1.0316e-05
186.9,1.1256e-05
186.95,1.1417e-05
187,1.079e-05
187.05,9.416e-06
187.1,7.3917e-06
187.15,4.8568e-06
187.2,1.9866e-06
187.25,-1.0204e-06
187.3,-3.9565e-06
187.35,-6.6188e-06
187.4,-8.8233e-06
187.45,-1.0418e-05
187.5,-1.1292e-05
187.55,-1.1387e-05
187.6,-1.0695e-05
187.65,-9.2637e-06
187.7,-7.1932e-06
187.75,-4.6263e-06
187.8,-1.7402e-06
187.85,1.2656e-06
187.9,4.1835e-06
187.95,6.8122e-06
188,8.9701e-06
188.05,1.0508e-05
188.1,1.1321e-05
188.15,1.1352e-05
188.2,1.06e-05
188.25,9.1156e-06
188.3,7.0028e-06
188.35,4.407e-06
188.4,1.5075e-06
188.45,-1.4956e-06
188.5,-4.395e-06
188.55,-6.9908e-06
188.6,-9.1039e-06
188.65,-1.0589e-05
188.7,-1.1343e-05
188.75,-1.1314e-05
188.8,-1.0506e-05
188.85,-8.9725e-06
188.9,-6.8208e-06
188.95,-4.1992e-06
189,-1.2884e-06
189.05,1.7108e-06
189.1,4.5915e-06
189.15,7.1553e-06
189.2,9.2254e-06
189.25,1.0659e-05
189.3,1.1358e-05
189.35,1.1274e-05
189.4,1.0413e-05
189.45,8.8349e-06
189.5,6.6479e-06
189.55,4.0031e-06
189.6,1.083e-06
189.65,-1.9112e-06
189.7,-4.7734e-06
189.75,-7.3062e-06
189.8,-9.3354e-06
189.85,-1.0721e-05
189.9,-1.1369e-05
189.95,-1.1233e-05
190,-1.0323e-05
190.05,-8.7033e-06
190.1,-6.4842e-06
190.15,-3.819e-06
190.2,-8.913e-07
190.25,2.0973e-06
190.3,4.941e-06
190.35,7.4442e-06
190.4,9.4346e-06
190.45,1.0775e-05
190.5,1.1374e-05
190.55,1.119e-05
190.6,1.0236e-05
190.65,8.5782e-06
190.7,6.3301e-06
190.75,3.6468e-06
190.8,7.1313e-07
190.85,-2.2692e-06
190.9,-5.0949e-06
190.95,-7.5697e-06
191,-9.5235e-06
191.05,-1.0822e-05
191.1,-1.1376e-05
191.15,-1.1148e-05
191.2,-1.0153e-05
191.25,-8.46e-06
191.3,-6.1859e-06
191.35,-3.4868e-06
191.4,-5.4845e-07
191.45,2.4271e-06
191.5,5.2354e-06
191.55,7.6833e-06
191.6,9.6028e-06
191.65,1.0862e-05
191.7,1.1375e-05
191.75,1.1105e-05
191.8,1.0073e-05
191.85,8.3492e-06
191.9,6.0517e-06
191.95,3.3389e-06
192,3.9711e-07
192.05,-2.5714e-06
192.1,-5.3629e-06
192.15,-7.7855e-06
192.2,-9.6731e-06
192.25,-1.0896e-05
192.3,-1.137e-05
192.35,-1.1064e-05
192.4,-9.9981e-06
192.45,-8.2458e-06
192.5,-5.9277e-06
192.55,-3.2031e-06
192.6,-2.59e-07
192.65,2.7024e-06
192.7,5.4778e-06
192.75,7.8768e-06
192.8,9.7347e-06
192.85,1.0924e-05
192.9,1.1364e-05
192.95,1.1024e-05
193,9.9277e-06
193.05,8.1503e-06
193.1,5.8141e-06
193.15,3.0794e-06
193.2,1.3397e-07
193.25,-2.8202e-06
193.3,-5.5804e-06
193.35,-7.9575e-06
193.4,-9.7884e-06
193.45,-1.0948e-05
193.5,-1.1356e-05
193.55,-1.0986e-05
193.6,-9.8623e-06
193.65,-8.0629e-06
193.7,-5.7109e-06
193.75,-2.9679e-06
193.8,-2.1852e-08
193.85,2.9252e-06
193.9,5.6712e-06
193.95,8.0281e-06
194,9.8344e-06
194.05,1.0966e-05
194.1,1.1347e-05
194.15,1.095e-05
194.2,9.8023e-06
194.25,7.9836e-06
194.3,5.6182e-06
194.35,2.8684e-06
194.4,-7.7508e-08
194.45,-3.0176e-06
194.5,-5.7504e-06
194.55,-8.089e-06
194.6,-9.8732e-06
194.65,-1.0981e-05
194.7,-1.1337e-05
194.75,-1.0916e-05
194.8,-9.7478e-06
194.85,-7.9126e-06
194.9,-5.536e-06
194.95,-2.7808e-06
195,1.6428e-07
195.05,3.0976e-06
195.1,5.8184e-06
195.15,8.1405e-06
195.2,9.9051e-06
195.25,1.0992e-05
195.3,1.1326e-05
195.35,1.0885e-05
195.4,9.6991e-06
195.45,7.85e-06
195.5,5.4643e-06
195.55,2.7051e-06
195.6,-2.3864e-07
195.65,-3.1655e-06
195.7,-5.8754e-06
195.75,-8.183e-06
195.8,-9.9305e-06
195.85,-1.0999e-05
195.9,-1.1314e-05
195.95,-1.0856e-05
196,-9.6561e-06
196.05,-7.7959e-06
196.1,-5.403e-06
196.15,-2.6412e-06
196.2,3.0075e-07
196.25,3.2216e-06
196.3,5.9217e-06
196.35,8.2167e-06
196.4,9.9496e-06
196.45,1.1002e-05
196.5,1.1303e-05
196.55,1.0831e-05
196.6,9.6192e-06
196.65,7.7503e-06
196.7,5.3522e-06
196.75,2.5889e-06
196.8,-3.5079e-07
196.85,-3.266e-06
196.9,-5.9576e-06
196.95,-8.2418e-06
197,-9.9627e-06
197.05,-1.1003e-05
197.1,-1.1291e-05
197.15,-1.0809e-05
197.2,-9.5883e-06
197.25,-7.7132e-06
197.3,-5.3118e-06
197.35,-2.5482e-06
197.4,3.8893e-07
197.45,3.299e-06
197.5,5.9833e-06
197.55,8.2587e-06
197.6,9.97e-06
197.65,1.1001e-05
197.7,1.128e-05
197.75,1.079e-05
197.8,9.5634e-06
197.85,7.6845e-06
197.9,5.2816e-06
197.95,2.5188e-06
198,-4.1534e-07
198.05,-3.3207e-06
198.1,-5.9989e-06
198.15,-8.2675e-06
198.2,-9.9717e-06
198.25,-1.0995e-05
198.3,-1.1269e-05
198.35,-1.0774e-05
198.4,-9.5445e-06
198.45,-7.6642e-06
198.5,-5.2617e-06
198.55,-2.5007e-06
198.6,4.3019e-07
198.65,3.3313e-06
198.7,6.0047e-06
198.75,8.2684e-06
198.8,9.9679e-06
198.85,1.0988e-05
198.9,1.1258e-05
198.95,1.0762e-05
199,9.5317e-06
199.05,7.6523e-06
199.1,5.2518e-06
199.15,2.4938e-06
199.2,-4.3364e-07
199.25,-3.331e-06
199.3,-6.0009e-06
199.35,-8.2614e-06
199.4,-9.9588e-06
199.45,-1.0977e-05
199.5,-1.1248e-05
199.55,-1.0753e-05
199.6,-9.5248e-06
199.65,-7.6486e-06
199.7,-5.2518e-06
199.75,-2.4978e-06
199.8,4.2586e-07
199.85,3.3199e-06
199.9,5.9874e-06
199.95,8.2468e-06
200,9.9443e-06
200.05,1.0964e-05
200.1,1.1238e-05
200.15,1.0747e-05
200.2,9.5238e-06
200.25,7.653e-06
200.3,5.2616e-06
200.35,2.5125e-06
200.4,-4.0699e-07
200.45,-3.2983e-06
200.5,-5.9646e-06
200.55,-8.2246e-06
200.6,-9.9246e-06
200.65,-1.0949e-05
200.7,-1.1228e-05
200.75,-1.0744e-05
200.8,-9.5285e-06
200.85,-7.6653e-06
200.9,-5.281e-06
200.95,-2.5379e-06
201,3.772e-07
201.05,3.2662e-06
201.1,5.9325e-06
201.15,8.1949e-06
201.2,9.8997e-06
201.25,1.0931e-05
201.3,1.1219e-05
201.35,1.0744e-05
201.4,9.5388e-06
201.45,7.6854e-06
201.5,5.3099e-06
201.55,2.5738e-06
201.6,-3.3664e-07
201.65,-3.2237e-06
201.7,-5.8911e-06
201.75,-8.1577e-06
201.8,-9.8695e-06
201.85,-1.091e-05
201.9,-1.121e-05
201.95,-1.0747e-05
202,-9.5546e-06
202.05,-7.7131e-06
202.1,-5.348e-06
202.15,-2.62e-06
202.2,2.8545e-07
202.25,3.171e-06
202.3,5.8406e-06
202.35,8.113e-06
202.4,9.834e-06
202.45,1.0887e-05
202.5,1.12e-05
202.55,1.0753e-05
202.6,9.5755e-06
202.65,7.7482e-06
202.7,5.3952e-06
202.75,2.6763e-06
202.8,-2.2379e-07
202.85,-3.1081e-06
202.9,-5.781e-06
202.95,-8.0609e-06
203,-9.7932e-06
203.05,-1.0861e-05
203.1,-1.1191e-05
203.15,-1.0761e-05
203.2,-9.6015e-06
203.25,-7.7905e-06
203.3,-5.4512e-06
203.35,-2.7425e-06
203.4,1.518e-07
203.45,3.0353e-06
203.5,5.7123e-06
203.55,8.0012e-06
203.6,9.747e-06
203.65,1.0831e-05
203.7,1.1181e-05
203.75,1.0772e-05
203.8,9.6323e-06
203.85,7.8397e-06
203.9,5.5159e-06
203.95,2.8184e-06
204,-6.964e-08
204.05,-2.9524e-06
204.1,-5.6345e-06
204.15,-7.9341e-06
204.2,-9.6953e-06
204.25,-1.0799e-05
204.3,-1.117e-05
204.35,-1.0784e-05
204.4,-9.6675e-06
204.45,-7.8956e-06
204.5,-5.5889e-06
204.55,-2.9039e-06
204.6,-2.2554e-08
204.65,2.8598e-06
204.7,5.5478e-06
204.75,7.8593e-06
