0,-2.0713e-05
0.05,-1.4315e-05
0.1,-5.869e-06
0.15,3.4134e-06
0.2,1.2203e-05
0.25,1.9242e-05
0.3,2.3523e-05
0.35,2.4436e-05
0.4,2.1851e-05
0.45,1.6141e-05
0.5,8.1245e-06
0.55,-1.0507e-06
0.6,-1.0072e-05
0.65,-1.7648e-05
0.7,-2.2698e-05
0.75,-2.45e-05
0.8,-2.2799e-05
0.85,-1.784e-05
0.9,-1.0333e-05
0.95,-1.354e-06
1,7.8147e-06
1.05,1.5863e-05
1.1,2.1641e-05
1.15,2.4326e-05
1.2,2.3536e-05
1.25,1.9386e-05
1.3,1.247e-05
1.35,3.7775e-06
1.4,-5.4502e-06
1.45,-1.3896e-05
1.5,-2.0355e-05
1.55,-2.3907e-05
1.6,-2.4047e-05
1.65,-2.0757e-05
1.7,-1.4508e-05
1.75,-6.1943e-06
1.8,2.9989e-06
1.85,1.176e-05
1.9,1.8841e-05
1.95,2.3233e-05
2,2.4313e-05
2.05,2.1928e-05
2.1,1.6421e-05
2.15,8.5772e-06
2.2,-4.8404e-07
2.25,-9.4719e-06
2.3,-1.7107e-05
2.35,-2.2303e-05
2.4,-2.4321e-05
2.45,-2.2878e-05
2.5,-1.818e-05
2.55,-1.0897e-05
2.6,-2.0681e-06
2.65,7.0506e-06
2.7,1.5162e-05
2.75,2.1113e-05
2.8,2.406e-05
2.85,2.3584e-05
2.9,1.9757e-05
2.95,1.3124e-05
3,4.6289e-06
3.05,-4.5191e-06
3.1,-1.302e-05
3.15,-1.9668e-05
3.2,-2.3519e-05
3.25,-2.4028e-05
3.3,-2.1125e-05
3.35,-1.5225e-05
3.4,-7.1674e-06
3.45,1.9036e-06
3.5,1.07e-05
3.55,1.7973e-05
3.6,2.2693e-05
3.65,2.4192e-05
3.7,2.2259e-05
3.75,1.717e-05
3.8,9.6505e-06
3.85,7.6663e-07
3.9,-8.2212e-06
3.95,-1.6039e-05
4,-2.158e-05
4.05,-2.4061e-05
4.1,-2.3131e-05
4.15,-1.8927e-05
4.2,-1.2044e-05
4.25,-3.4592e-06
4.3,5.6103e-06
4.35,1.3881e-05
4.4,2.0182e-05
4.45,2.3623e-05
4.5,2.3721e-05
4.55,2.0462e-05
4.6,1.4311e-05
4.65,6.1388e-06
4.7,-2.8965e-06
4.75,-1.1517e-05
4.8,-1.8505e-05
4.85,-2.2873e-05
4.9,-2.4006e-05
4.95,-2.1746e-05
5,-1.6415e-05
5.05,-8.7681e-06
5.1,1.1293e-07
5.15,8.9729e-06
5.2,1.6561e-05
5.25,2.1806e-05
5.3,2.397e-05
5.35,2.275e-05
5.4,1.832e-05
5.45,1.1307e-05
5.5,2.7038e-06
5.55,-6.2762e-06
5.6,-1.4366e-05
5.65,-2.0425e-05
5.7,-2.36e-05
5.75,-2.3447e-05
5.8,-1.9989e-05
5.85,-1.3716e-05
5.9,-5.5136e-06
5.95,3.4605e-06
6,1.1942e-05
6.05,1.8736e-05
6.1,2.2887e-05
6.15,2.3814e-05
6.2,2.1387e-05
6.25,1.5951e-05
6.3,8.2738e-06
6.35,-5.633e-07
6.4,-9.3157e-06
6.45,-1.6752e-05
6.5,-2.1828e-05
6.55,-2.3831e-05
6.6,-2.2481e-05
6.65,-1.7972e-05
6.7,-1.0939e-05
6.75,-2.3735e-06
6.8,6.5207e-06
6.85,1.4493e-05
6.9,2.0424e-05
6.95,2.3483e-05
7,2.3242e-05
7.05,1.9737e-05
7.1,1.3464e-05
7.15,5.3043e-06
7.2,-3.5945e-06
7.25,-1.1983e-05
7.3,-1.8685e-05
7.35,-2.2761e-05
7.4,-2.3642e-05
7.45,-2.1207e-05
7.5,-1.58e-05
7.55,-8.1806e-06
7.6,5.803e-07
7.65,9.2542e-06
7.7,1.6626e-05
7.75,2.1663e-05
7.8,2.3662e-05
7.85,2.2345e-05
7.9,1.79e-05
7.95,1.0951e-05
8,2.474e-06
8.05,-6.3439e-06
8.1,-1.4268e-05
8.15,-2.019e-05
8.2,-2.3284e-05
8.25,-2.3118e-05
8.3,-1.9718e-05
8.35,-1.3564e-05
8.4,-5.5166e-06
8.45,3.2962e-06
8.5,1.1642e-05
8.55,1.8356e-05
8.6,2.2499e-05
8.65,2.3497e-05
8.7,2.1211e-05
8.75,1.5965e-05
8.8,8.4921e-06
8.85,-1.6085e-07
8.9,-8.7854e-06
8.95,-1.6178e-05
9,-2.1307e-05
9.05,-2.346e-05
9.1,-2.2338e-05
9.15,-1.8101e-05
9.2,-1.1343e-05
9.25,-3.0074e-06
9.3,5.7414e-06
9.35,1.3684e-05
9.4,1.9713e-05
9.45,2.2991e-05
9.5,2.3063e-05
9.55,1.9923e-05
9.6,1.4009e-05
9.65,6.1492e-06
9.7,-2.5614e-06
9.75,-1.0909e-05
9.8,-1.7732e-05
9.85,-2.2083e-05
9.9,-2.3357e-05
9.95,-2.1381e-05
10,-1.6432e-05
10.05,-9.2018e-06
10.1,-6.9696e-07
10.15,7.8985e-06
10.2,1.539e-05
10.25,2.0736e-05
10.3,2.3197e-05
10.35,2.2433e-05
10.4,1.8554e-05
10.45,1.21e-05
10.5,3.9707e-06
10.55,-4.7038e-06
10.6,-1.2719e-05
10.65,-1.8962e-05
10.7,-2.257e-05
10.75,-2.3042e-05
10.8,-2.0318e-05
10.85,-1.4778e-05
10.9,-7.1922e-06
10.95,1.3849e-06
11,9.7634e-06
11.05,1.6782e-05
11.1,2.147e-05
11.15,2.3178e-05
11.2,2.1675e-05
11.25,1.717e-05
11.3,1.029e-05
11.35,1.9915e-06
11.4,-6.5766e-06
11.45,-1.4228e-05
11.5,-1.9904e-05
11.55,-2.2821e-05
11.6,-2.2578e-05
11.65,-1.9213e-05
11.7,-1.3193e-05
11.75,-5.353e-06
11.8,3.2204e-06
11.85,1.1342e-05
11.9,1.7889e-05
11.95,2.1959e-05
12,2.2992e-05
12.05,2.0848e-05
12.1,1.5826e-05
12.15,8.6228e-06
12.2,2.3501e-07
12.25,-8.1784e-06
12.3,-1.5456e-05
12.35,-2.0595e-05
12.4,-2.2888e-05
12.45,-2.2022e-05
12.5,-1.8119e-05
12.55,-1.1721e-05
12.6,-3.7125e-06
12.65,4.8014e-06
12.7,1.2646e-05
12.75,1.8742e-05
12.8,2.2251e-05
12.85,2.2691e-05
12.9,2.0006e-05
12.95,1.4568e-05
13,7.1293e-06
13.05,-1.2846e-06
13.1,-9.5146e-06
13.15,-1.6428e-05
13.2,-2.1076e-05
13.25,-2.282e-05
13.3,-2.1425e-05
13.35,-1.7084e-05
13.4,-1.0399e-05
13.45,-2.2899e-06
13.5,6.1268e-06
13.55,1.3694e-05
13.6,1.9374e-05
13.65,2.2387e-05
13.7,2.2324e-05
13.75,1.9195e-05
13.8,1.3433e-05
13.85,5.8333e-06
13.9,-2.5605e-06
13.95,-1.0596e-05
14,-1.717e-05
14.05,-2.1384e-05
14.1,-2.2661e-05
14.15,-2.083e-05
14.2,-1.6145e-05
14.25,-9.2521e-06
14.3,-1.0971e-06
14.35,7.2007e-06
14.4,1.4505e-05
14.45,1.9816e-05
14.5,2.2408e-05
14.55,2.193e-05
14.6,1.8451e-05
14.65,1.245e-05
14.7,4.751e-06
14.75,-3.5911e-06
14.8,-1.1434e-05
14.85,-1.7706e-05
14.9,-2.1552e-05
14.95,-2.2447e-05
15,-2.0274e-05
15.05,-1.5332e-05
15.1,-8.3e-06
15.15,-1.4079e-07
15.2,8.03e-06
15.25,1.5097e-05
15.3,2.0095e-05
15.35,2.2346e-05
15.4,2.1546e-05
15.45,1.7806e-05
15.5,1.164e-05
15.55,3.8928e-06
15.6,-4.3779e-06
15.65,-1.2044e-05
15.7,-1.806e-05
15.75,-2.161e-05
15.8,-2.2211e-05
15.85,-1.9785e-05
15.9,-1.4667e-05
15.95,-7.5563e-06
16,5.764e-07
16.05,8.6226e-06
16.1,1.5487e-05
16.15,2.0238e-05
16.2,2.223e-05
16.25,2.1196e-05
16.3,1.728e-05
16.35,1.1018e-05
16.4,3.2651e-06
16.45,-4.9243e-06
16.5,-1.2436e-05
16.55,-1.8251e-05
16.6,-2.158e-05
16.65,-2.1975e-05
16.7,-1.9385e-05
16.75,-1.4166e-05
16.8,-7.0295e-06
16.85,1.0541e-06
16.9,8.9864e-06
16.95,1.5691e-05
17,2.0261e-05
17.05,2.2079e-05
17.1,2.0901e-05
17.15,1.689e-05
17.2,1.0595e-05
17.25,2.8709e-06
17.3,-5.2344e-06
17.35,-1.2622e-05
17.4,-1.8293e-05
17.45,-2.1481e-05
17.5,-2.1757e-05
17.55,-1.9089e-05
17.6,-1.384e-05
17.65,-6.7245e-06
17.7,1.2933e-06
17.75,9.1275e-06
17.8,1.5719e-05
17.85,2.0179e-05
17.9,2.1907e-05
17.95,2.0672e-05
18,1.6646e-05
18.05,1.0376e-05
18.1,2.711e-06
18.15,-5.3114e-06
18.2,-1.2608e-05
18.25,-1.8195e-05
18.3,-2.1321e-05
18.35,-2.1567e-05
18.4,-1.8903e-05
18.45,-1.3693e-05
18.5,-6.6427e-06
18.55,1.2954e-06
18.6,9.0502e-06
18.65,1.5577e-05
18.7,1.9998e-05
18.75,2.172e-05
18.8,2.0515e-05
18.85,1.655e-05
18.9,1.0361e-05
18.95,2.7847e-06
19,-5.1577e-06
19.05,-1.2397e-05
19.1,-1.7961e-05
19.15,-2.1103e-05
19.2,-2.1405e-05
19.25,-1.8829e-05
19.3,-1.3725e-05
19.35,-6.783e-06
19.4,1.0622e-06
19.45,8.7557e-06
19.5,1.5265e-05
19.55,1.9717e-05
19.6,2.1517e-05
19.65,2.0428e-05
19.7,1.6599e-05
19.75,1.0548e-05
19.8,3.0897e-06
19.85,-4.7742e-06
19.9,-1.1989e-05
19.95,-1.7588e-05
20,-2.0824e-05
20.05,-2.1266e-05
20.1,-1.8859e-05
20.15,-1.393e-05
20.2,-7.141e-06
20.25,5.9547e-07
20.3,8.243e-06
20.35,1.4778e-05
20.4,1.9329e-05
20.45,2.1289e-05
20.5,2.0399e-05
20.55,1.6784e-05
20.6,1.093e-05
20.65,3.622e-06
20.7,-4.1608e-06
20.75,-1.1378e-05
20.8,-1.7067e-05
20.85,-2.0471e-05
20.9,-2.1137e-05
20.95,-1.8982e-05
21,-1.4296e-05
21.05,-7.7092e-06
21.1,-1.0241e-07
21.15,7.5086e-06
21.2,1.4109e-05
21.25,1.8821e-05
21.3,2.1018e-05
21.35,2.0413e-05
21.4,1.7089e-05
21.45,1.1494e-05
21.5,4.3751e-06
21.55,-3.3168e-06
21.6,-1.0557e-05
21.65,-1.6384e-05
21.7,-2.0024e-05
21.75,-2.0995e-05
21.8,-1.9174e-05
21.85,-1.4806e-05
21.9,-8.4759e-06
21.95,-1.0276e-06
22,6.5476e-06
22.05,1.3243e-05
22.1,1.8172e-05
22.15,2.0681e-05
22.2,2.0442e-05
22.25,1.749e-05
22.3,1.2222e-05
22.35,5.3391e-06
22.4,-2.2424e-06
22.45,-9.5164e-06
22.5,-1.5519e-05
22.55,-1.9457e-05
22.6,-2.0812e-05
22.65,-1.9408e-05
22.7,-1.5435e-05
22.75,-9.424e-06
22.8,-2.1733e-06
22.85,5.3552e-06
22.9,1.2165e-05
22.95,1.7356e-05
23,2.0244e-05
23.05,2.0452e-05
23.1,1.7955e-05
23.15,1.3089e-05
23.2,6.4993e-06
23.25,-9.3967e-07
23.3,-8.2442e-06
23.35,-1.445e-05
23.4,-1.8739e-05
23.45,-2.0549e-05
23.5,-1.9645e-05
23.55,-1.615e-05
23.6,-1.0529e-05
23.65,-3.5283e-06
23.7,3.9281e-06
23.75,1.0856e-05
23.8,1.6344e-05
23.85,1.967e-05
23.9,2.0401e-05
23.95,1.8444e-05
24,1.4061e-05
24.05,7.8339e-06
24.1,5.8454e-07
24.15,-6.7312e-06
24.2,-1.3151e-05
24.25,-1.7832e-05
24.3,-2.0162e-05
24.35,-1.9838e-05
24.4,-1.6907e-05
24.45,-1.1759e-05
24.5,-5.0743e-06
24.55,2.2672e-06
24.6,9.3003e-06
24.65,1.5102e-05
24.7,1.8914e-05
24.75,2.0238e-05
24.8,1.8905e-05
24.85,1.5095e-05
24.9,9.3119e-06
24.95,2.3166e-06
25,-4.9719e-06
25.05,-1.1598e-05
25.1,-1.6695e-05
25.15,-1.9598e-05
25.2,-1.993e-05
25.25,-1.7654e-05
25.3,-1.307e-05
25.35,-6.7834e-06
25.4,3.8092e-07
25.45,7.4845e-06
25.5,1.3599e-05
25.55,1.7926e-05
25.6,1.9904e-05
25.65,1.9279e-05
25.7,1.6136e-05
25.75,1.0891e-05
25.8,4.2326e-06
25.85,-2.968e-06
25.9,-9.7701e-06
25.95,-1.5287e-05
26,-1.8801e-05
26.05,-1.9858e-05
26.1,-1.8325e-05
26.15,-1.4406e-05
26.2,-8.6154e-06
26.25,-1.712e-06
26.3,5.4034e-06
26.35,1.1804e-05
26.4,1.6657e-05
26.45,1.9335e-05
26.5,1.9493e-05
26.55,1.7115e-05
26.6,1.2515e-05
26.65,6.2952e-06
26.7,-7.3281e-07
26.75,-7.6542e-06
26.8,-1.357e-05
26.85,-1.7713e-05
26.9,-1.955e-05
26.95,-1.8845e-05
27,-1.5695e-05
27.05,-1.0514e-05
27.1,-3.9779e-06
27.15,3.0636e-06
27.2,9.6962e-06
27.25,1.5061e-05
27.3,1.8465e-05
27.35,1.947e-05
27.4,1.7952e-05
27.45,1.4111e-05
27.5,8.4503e-06
27.55,1.7049e-06
27.6,-5.2497e-06
27.65,-1.1513e-05
27.7,-1.6277e-05
27.75,-1.8928e-05
27.8,-1.9127e-05
27.85,-1.6854e-05
27.9,-1.2407e-05
27.95,-6.3649e-06
28,4.8888e-07
28.05,7.2676e-06
28.1,1.3097e-05
28.15,1.7225e-05
28.2,1.9124e-05
28.25,1.8553e-05
28.3,1.5591e-05
28.35,1.0623e-05
28.4,4.2957e-06
28.45,-2.5745e-06
28.5,-9.1008e-06
28.55,-1.4444e-05
28.6,-1.7917e-05
28.65,-1.9078e-05
28.7,-1.7782e-05
28.75,-1.42e-05
28.8,-8.7984e-06
28.85,-2.2749e-06
28.9,4.5293e-06
28.95,1.0739e-05
29,1.5558e-05
29.05,1.8369e-05
29.1,1.8816e-05
29.15,1.6847e-05
29.2,1.2718e-05
29.25,6.9656e-06
29.3,3.296e-07
29.35,-6.3364e-06
29.4,-1.2178e-05
29.45,-1.6447e-05
29.5,-1.8601e-05
29.55,-1.8367e-05
29.6,-1.5781e-05
29.65,-1.1179e-05
29.7,-5.1546e-06
29.75,1.5185e-06
29.8,7.9847e-06
29.85,1.3417e-05
29.9,1.7124e-05
29.95,1.8634e-05
30,1.7759e-05
30.05,1.4616e-05
30.1,9.6125e-06
30.15,3.3905e-06
30.2,-3.2525e-06
30.25,-9.4676e-06
30.3,-1.4462e-05
30.35,-1.7602e-05
30.4,-1.8491e-05
30.45,-1.702e-05
30.5,-1.3382e-05
30.55,-8.0455e-06
30.6,-1.6943e-06
30.65,4.8603e-06
30.7,1.0783e-05
30.75,1.5321e-05
30.8,1.7901e-05
30.85,1.8197e-05
30.9,1.6178e-05
30.95,1.2105e-05
31,6.5014e-06
31.05,8.259e-08
31.1,-6.3339e-06
31.15,-1.1933e-05
31.2,-1.6005e-05
31.25,-1.8037e-05
31.3,-1.7775e-05
31.35,-1.5258e-05
31.4,-1.081e-05
31.45,-5.0001e-06
31.5,1.4318e-06
31.55,7.6691e-06
31.6,1.2922e-05
31.65,1.6526e-05
31.7,1.803e-05
31.75,1.7248e-05
31.8,1.4284e-05
31.85,9.5182e-06
31.9,3.558e-06
31.95,-2.8398e-06
32,-8.8651e-06
32.05,-1.3757e-05
32.1,-1.69e-05
32.15,-1.7901e-05
32.2,-1.6639e-05
32.25,-1.3278e-05
32.3,-8.2484e-06
32.35,-2.1881e-06
32.4,4.1353e-06
32.45,9.9236e-06
32.5,1.4448e-05
32.55,1.7141e-05
32.6,1.7669e-05
32.65,1.5968e-05
32.7,1.226e-05
32.75,7.0164e-06
32.8,9.0053e-07
32.85,-5.3154e-06
32.9,-1.0849e-05
32.95,-1.5006e-05
33,-1.7266e-05
33.05,-1.7351e-05
33.1,-1.5255e-05
33.15,-1.1247e-05
33.2,-5.8353e-06
33.25,2.9746e-07
33.3,6.3792e-06
33.35,1.1647e-05
33.4,1.5441e-05
33.45,1.729e-05
33.5,1.6967e-05
33.55,1.4518e-05
33.6,1.0254e-05
33.65,4.7157e-06
33.7,-1.401e-06
33.75,-7.3283e-06
33.8,-1.2325e-05
33.85,-1.5767e-05
33.9,-1.7229e-05
33.95,-1.6533e-05
34,-1.3771e-05
34.05,-9.2941e-06
34.1,-3.6659e-06
34.15,2.4072e-06
34.2,8.1656e-06
34.25,1.2891e-05
34.3,1.5996e-05
34.35,1.7098e-05
34.4,1.6064e-05
34.45,1.3029e-05
34.5,8.3774e-06
34.55,2.692e-06
34.6,-3.3153e-06
34.65,-8.8953e-06
34.7,-1.3354e-05
34.75,-1.614e-05
34.8,-1.691e-05
34.85,-1.5575e-05
34.9,-1.2305e-05
34.95,-7.5128e-06
35,-1.7984e-06
35.05,4.1256e-06
35.1,9.5227e-06
35.15,1.3724e-05
35.2,1.6211e-05
35.25,1.6679e-05
35.3,1.5077e-05
35.35,1.1608e-05
35.4,6.7075e-06
35.45,9.879e-07
35.5,-4.8399e-06
35.55,-1.0054e-05
35.6,-1.4009e-05
35.65,-1.6219e-05
35.7,-1.6416e-05
35.75,-1.4581e-05
35.8,-1.0946e-05
35.85,-5.9667e-06
35.9,-2.6185e-07
35.95,5.4609e-06
36,1.0494e-05
36.05,1.4218e-05
36.1,1.6177e-05
36.15,1.6133e-05
36.2,1.4098e-05
36.25,1.0328e-05
36.3,5.2943e-06
36.35,-3.7939e-07
36.4,-5.9916e-06
36.45,-1.0851e-05
36.5,-1.436e-05
36.55,-1.6092e-05
36.6,-1.5838e-05
36.65,-1.3634e-05
36.7,-9.7589e-06
36.75,-4.6932e-06
36.8,9.3634e-07
36.85,6.4358e-06
36.9,1.113e-05
36.95,1.4443e-05
37,1.5974e-05
37.05,1.5539e-05
37.1,1.3198e-05
37.15,9.2431e-06
37.2,4.165e-06
37.25,-1.4102e-06
37.3,-6.7974e-06
37.35,-1.1337e-05
37.4,-1.4475e-05
37.45,-1.5831e-05
37.5,-1.5245e-05
37.55,-1.2794e-05
37.6,-8.7839e-06
37.65,-3.7105e-06
37.7,1.8027e-06
37.75,7.0802e-06
37.8,1.1478e-05
37.85,1.446e-05
37.9,1.5668e-05
37.95,1.4959e-05
38,1.2426e-05
38.05,8.3836e-06
38.1,3.3298e-06
38.15,-2.1159e-06
38.2,-7.2882e-06
38.25,-1.1557e-05
38.3,-1.4406e-05
38.35,-1.5492e-05
38.4,-1.4688e-05
38.45,-1.2098e-05
38.5,-8.0437e-06
38.55,-3.0223e-06
38.6,2.3521e-06
38.65,7.4249e-06
38.7,1.158e-05
38.75,1.4317e-05
38.8,1.5306e-05
38.85,1.4434e-05
38.9,1.1812e-05
38.95,7.7647e-06
39,2.7872e-06
39.05,-2.5135e-06
39.1,-7.4938e-06
39.15,-1.1551e-05
39.2,-1.4196e-05
39.25,-1.5115e-05
39.3,-1.42e-05
39.35,-1.1569e-05
39.4,-7.5464e-06
39.45,-2.623e-06
39.5,2.6026e-06
39.55,7.4977e-06
39.6,1.1472e-05
39.65,1.4048e-05
39.7,1.4919e-05
39.75,1.3987e-05
39.8,1.1369e-05
39.85,7.388e-06
39.9,2.528e-06
39.95,-2.6218e-06
40,-7.4395e-06
40.05,-1.1346e-05
40.1,-1.3873e-05
40.15,-1.4722e-05
40.2,-1.3796e-05
40.25,-1.1212e-05
40.3,-7.2882e-06
40.35,-2.5001e-06
40.4,2.5733e-06
40.45,7.3212e-06
40.5,1.1174e-05
40.55,1.3673e-05
40.6,1.4522e-05
40.65,1.3625e-05
40.7,1.1097e-05
40.75,7.245e-06
40.8,2.5373e-06
40.85,-2.4593e-06
40.9,-7.1448e-06
40.95,-1.0959e-05
41,-1.3449e-05
41.05,-1.432e-05
41.1,-1.3475e-05
41.15,-1.102e-05
41.2,-7.2559e-06
41.25,-2.6368e-06
41.3,2.282e-06
41.35,6.9117e-06
41.4,1.07e-05
41.45,1.3199e-05
41.5,1.4113e-05
41.55,1.3341e-05
41.6,1.098e-05
41.65,7.318e-06
41.7,2.7961e-06
41.75,-2.0435e-06
41.8,-6.6231e-06
41.85,-1.0398e-05
41.9,-1.2923e-05
41.95,-1.3901e-05
42,-1.3222e-05
42.05,-1.0973e-05
42.1,-7.4276e-06
42.15,-3.012e-06
42.2,1.7459e-06
42.25,6.2798e-06
42.3,1.0052e-05
42.35,1.2618e-05
42.4,1.3678e-05
42.45,1.3113e-05
42.5,1.0994e-05
42.55,7.5807e-06
42.6,3.2812e-06
42.65,-1.3915e-06
42.7,-5.8826e-06
42.75,-9.6612e-06
42.8,-1.2283e-05
42.85,-1.3443e-05
42.9,-1.3009e-05
42.95,-1.1039e-05
43,-7.7726e-06
43.05,-3.5998e-06
43.1,9.826e-07
43.15,5.4321e-06
43.2,9.2243e-06
43.25,1.1914e-05
43.3,1.319e-05
43.35,1.2906e-05
43.4,1.1102e-05
43.45,7.9979e-06
43.5,3.9636e-06
43.55,-5.22e-07
43.6,-4.9292e-06
43.65,-8.7399e-06
43.7,-1.1508e-05
43.75,-1.2914e-05
43.8,-1.2796e-05
43.85,-1.1177e-05
43.9,-8.2507e-06
43.95,-4.3677e-06
44,1.2757e-08
44.05,4.3747e-06
44.1,8.2066e-06
44.15,1.1062e-05
44.2,1.261e-05
44.25,1.2675e-05
44.3,1.1255e-05
44.35,8.5241e-06
44.4,4.8065e-06
44.45,5.415e-07
44.5,-3.7698e-06
44.55,-7.6232e-06
44.6,-1.0571e-05
44.65,-1.2271e-05
44.7,-1.2533e-05
44.75,-1.133e-05
44.8,-8.8107e-06
44.85,-5.2738e-06
44.9,-1.1365e-06
44.95,3.1164e-06
45,6.9887e-06
45.05,1.0031e-05
45.1,1.1893e-05
45.15,1.2363e-05
45.2,1.1393e-05
45.25,9.1021e-06
45.3,5.7624e-06
45.35,1.7671e-06
45.4,-2.4168e-06
45.45,-6.3024e-06
45.5,-9.44e-06
45.55,-1.1469e-05
45.6,-1.2158e-05
45.65,-1.1435e-05
45.7,-9.3895e-06
45.75,-6.2645e-06
45.8,-2.4272e-06
45.85,1.6745e-06
45.9,5.5647e-06
45.95,8.794e-06
46,1.0992e-05
46.05,1.191e-05
46.1,1.1446e-05
46.15,9.6627e-06
46.2,6.7708e-06
46.25,3.1099e-06
46.3,-8.9375e-07
46.35,-4.7765e-06
46.4,-8.091e-06
46.45,-1.0458e-05
46.5,-1.1609e-05
46.55,-1.1417e-05
46.6,-9.9114e-06
46.65,-7.2715e-06
46.7,-3.8068e-06
46.75,8.0161e-08
46.8,3.9401e-06
46.85,7.3294e-06
46.9,9.8609e-06
46.95,1.1248e-05
47,1.1337e-05
47.05,1.0124e-05
47.1,7.7556e-06
47.15,4.5083e-06
47.2,7.5929e-07
47.25,-3.0591e-06
47.3,-6.5091e-06
47.35,-9.1972e-06
47.4,-1.082e-05
47.45,-1.1196e-05
47.5,-1.029e-05
47.55,-8.211e-06
47.6,-5.2037e-06
47.65,-1.6161e-06
47.7,2.1388e-06
47.75,5.6312e-06
47.8,8.4638e-06
47.85,1.0317e-05
47.9,1.0984e-05
47.95,1.0396e-05
48,8.6251e-06
48.05,5.8807e-06
48.1,2.4801e-06
48.15,-1.1859e-06
48.2,-4.6987e-06
48.25,-7.6594e-06
48.3,-9.7342e-06
48.35,-1.0692e-05
48.4,-1.043e-05
48.45,-8.9844e-06
48.5,-6.5261e-06
48.55,-3.3395e-06
48.6,2.0962e-07
48.65,3.7168e-06
48.7,6.7845e-06
48.75,9.0674e-06
48.8,1.0311e-05
48.85,1.0381e-05
48.9,9.2749e-06
48.95,7.1252e-06
49,4.1808e-06
49.05,7.7919e-07
49.1,-2.6925e-06
49.15,-5.8416e-06
49.2,-8.3141e-06
49.25,-9.8347e-06
49.3,-1.0237e-05
49.35,-9.4827e-06
49.4,-7.6628e-06
49.45,-4.9889e-06
49.5,-1.7674e-06
49.55,1.6357e-06
49.6,4.836e-06
49.65,7.4744e-06
49.7,9.2573e-06
49.75,9.9892e-06
49.8,9.5939e-06
49.85,8.1227e-06
49.9,5.7472e-06
49.95,2.7396e-06
50,-5.5861e-07
50.05,-3.7756e-06
50.1,-6.5508e-06
50.15,-8.5758e-06
50.2,-9.6281e-06
50.25,-9.5957e-06
50.3,-8.4889e-06
50.35,-6.4381e-06
50.4,-3.6787e-06
50.45,-5.2384e-07
50.5,2.6713e-06
50.55,5.5491e-06
50.6,7.7901e-06
50.65,9.1479e-06
50.7,9.4764e-06
50.75,8.7454e-06
50.8,7.0432e-06
50.85,4.5657e-06
50.9,1.5942e-06
50.95,-1.5372e-06
51,-4.4784e-06
51.05,-6.9033e-06
51.1,-8.5451e-06
51.15,-9.2264e-06
51.2,-8.8775e-06
51.25,-7.5439e-06
51.3,-5.3803e-06
51.35,-2.6325e-06
51.4,3.9057e-07
51.45,3.3514e-06
51.5,5.922e-06
51.55,7.8197e-06
51.6,8.8386e-06
51.65,8.8717e-06
51.7,7.922e-06
51.75,6.1012e-06
51.8,3.6168e-06
51.85,7.4827e-07
51.9,-2.1846e-06
51.95,-4.857e-06
52,-6.9753e-06
52.05,-8.3095e-06
52.1,-8.7175e-06
52.15,-8.1607e-06
52.2,-6.7073e-06
52.25,-4.5239e-06
52.3,-1.8563e-06
52.35,9.9808e-07
52.4,3.7234e-06
52.45,6.0205e-06
52.5,7.6395e-06
52.55,8.4071e-06
52.6,8.2451e-06
52.65,7.1779e-06
52.7,5.3293e-06
52.75,2.9081e-06
52.8,1.8435e-07
52.85,-2.5407e-06
52.9,-4.9682e-06
52.95,-6.8339e-06
53,-7.9375e-06
53.05,-8.1636e-06
53.1,-7.4941e-06
53.15,-6.009e-06
53.2,-3.8768e-06
53.25,-1.3359e-06
53.3,1.3328e-06
53.35,3.8366e-06
53.4,5.9031e-06
53.45,7.31e-06
53.5,7.9086e-06
53.55,7.6399e-06
53.6,6.5399e-06
53.65,4.735e-06
53.7,2.4275e-06
53.75,-1.2729e-07
53.8,-2.649e-06
53.85,-4.8635e-06
53.9,-6.5321e-06
53.95,-7.4776e-06
54,-7.6031e-06
54.05,-6.9013e-06
54.1,-5.4554e-06
54.15,-3.4283e-06
54.2,-1.0448e-06
54.25,1.4335e-06
54.3,3.737e-06
54.35,5.6173e-06
54.4,6.8742e-06
54.45,7.3766e-06
54.5,7.0765e-06
54.55,6.0129e-06
54.6,4.3075e-06
54.65,2.1501e-06
54.7,-2.2225e-07
54.75,-2.5513e-06
54.8,-4.5858e-06
54.85,-6.1086e-06
54.9,-6.9598e-06
54.95,-7.0533e-06
55,-6.3857e-06
55.05,-5.0354e-06
55.1,-3.1542e-06
55.15,-9.4912e-07
55.2,1.3394e-06
55.25,3.4644e-06
55.3,5.1986e-06
55.35,6.3592e-06
55.4,6.8265e-06
55.45,6.5567e-06
55.5,5.5853e-06
55.55,4.023e-06
55.6,2.043e-06
55.65,-1.3854e-07
55.7,-2.2859e-06
55.75,-4.1692e-06
55.8,-5.5893e-06
55.85,-6.3983e-06
55.9,-6.5154e-06
55.95,-5.9348e-06
56,-4.725e-06
56.05,-3.0215e-06
56.1,-1.011e-06
56.15,1.0888e-06
56.2,3.0528e-06
56.25,4.6728e-06
56.3,5.7794e-06
56.35,6.2595e-06
56.4,6.0683e-06
56.45,5.2328e-06
56.5,3.8483e-06
56.55,2.0677e-06
56.6,8.4591e-08
56.65,-1.8882e-06
56.7,-3.641e-06
56.75,-4.9899e-06
56.8,-5.7957e-06
56.85,-5.9784e-06
56.9,-5.5252e-06
56.95,-4.4908e-06
57,-2.9909e-06
57.05,-1.1895e-06
57.1,7.1943e-07
57.15,2.5326e-06
57.2,4.0591e-06
57.25,5.1405e-06
57.3,5.6673e-06
57.35,5.5897e-06
57.4,4.9227e-06
57.45,3.7432e-06
57.5,2.1813e-06
57.55,4.0617e-07
57.6,-1.3926e-06
57.65,-3.0251e-06
57.7,-4.3211e-06
57.75,-5.1479e-06
57.8,-5.4239e-06
57.85,-5.1263e-06
57.9,-4.293e-06
57.95,-3.018e-06
58,-1.4404e-06
58.05,2.7051e-07
58.1,1.9334e-06
58.15,3.3743e-06
58.2,4.4447e-06
58.25,5.0367e-06
58.3,5.0941e-06
58.35,4.6174e-06
58.4,3.6631e-06
58.45,2.3369e-06
58.5,7.8231e-07
58.55,-8.3526e-07
58.6,-2.3459e-06
58.65,-3.5929e-06
58.7,-4.4496e-06
58.75,-4.8313e-06
58.8,-4.7044e-06
58.85,-4.0887e-06
58.9,-3.0547e-06
58.95,-1.7158e-06
59,-2.1538e-07
59.05,1.2881e-06
59.1,2.638e-06
59.15,3.696e-06
59.2,4.356e-06
59.25,4.5548e-06
59.3,4.2781e-06
59.35,3.5612e-06
59.4,2.4846e-06
59.45,1.165e-06
59.5,-2.5712e-07
59.55,-1.633e-06
59.6,-2.8206e-06
59.65,-3.6997e-06
59.7,-4.1837e-06
59.75,-4.2282e-06
59.8,-3.8352e-06
59.85,-3.0517e-06
59.9,-1.9645e-06
59.95,-6.9048e-07
60,6.3593e-07
60.05,1.877e-06
60.1,2.9061e-06
60.15,3.6203e-06
60.2,3.9509e-06
60.25,3.8699e-06
60.3,3.392e-06
60.35,2.5728e-06
60.4,1.5022e-06
60.45,2.9415e-07
60.5,-9.248e-07
60.55,-2.0292e-06
60.6,-2.9076e-06
60.65,-3.4735e-06
60.7,-3.6742e-06
60.75,-3.4952e-06
60.8,-2.9614e-06
60.85,-2.1336e-06
60.9,-1.1017e-06
60.95,2.5039e-08
61,1.1297e-06
61.05,2.0996e-06
61.1,2.8381e-06
61.15,3.2738e-06
61.2,3.3678e-06
61.25,3.1169e-06
61.3,2.553e-06
61.35,1.7395e-06
61.4,7.6422e-07
61.45,-2.7047e-07
61.5,-1.258e-06
61.55,-2.0987e-06
61.6,-2.7099e-06
61.65,-3.034e-06
61.7,-3.0438e-06
61.75,-2.7446e-06
61.8,-2.1733e-06
61.85,-1.3934e-06
61.9,-4.8838e-07
61.95,4.472e-07
62,1.3179e-06
62.05,2.0367e-06
62.1,2.5343e-06
62.15,2.765e-06
62.2,2.7115e-06
62.25,2.3855e-06
62.3,1.8262e-06
62.35,1.0954e-06
62.4,2.7107e-07
62.45,-5.6142e-07
62.5,-1.3178e-06
62.55,-1.9237e-06
62.6,-2.3214e-06
62.65,-2.4762e-06
62.7,-2.3784e-06
62.75,-2.0442e-06
62.8,-1.5133e-06
62.85,-8.442e-07
62.9,-1.0784e-07
62.95,6.1998e-07
63,1.2663e-06
63.05,1.7685e-06
63.1,2.0799e-06
63.15,2.1748e-06
63.2,2.0496e-06
63.25,1.7233e-06
63.3,1.2344e-06
63.35,6.3668e-07
63.4,-6.7311e-09
63.45,-6.3e-07
63.5,-1.1714e-06
63.55,-1.5792e-06
63.6,-1.817e-06
63.65,-1.8664e-06
63.7,-1.7286e-06
63.75,-1.4237e-06
63.8,-9.8773e-07
63.85,-4.6871e-07
63.9,7.864e-08
63.95,5.987e-07
64,1.0406e-06
64.05,1.3631e-06
64.1,1.5385e-06
64.15,1.555e-06
64.2,1.4171e-06
64.25,1.1447e-06
64.3,7.7026e-07
64.35,3.3533e-07
64.4,-1.1426e-07
64.45,-5.3311e-07
64.5,-8.8087e-07
64.55,-1.1261e-06
64.6,-1.2491e-06
64.65,-1.2433e-06
64.7,-1.1155e-06
64.75,-8.8435e-07
64.8,-5.7805e-07
64.85,-2.3098e-07
64.9,1.2013e-07
64.95,4.4007e-07
65,6.9866e-07
65.05,8.736e-07
65.1,9.5234e-07
65.15,9.3279e-07
65.2,8.2305e-07
65.25,6.3986e-07
65.3,4.0647e-07
65.35,1.4973e-07
65.4,-1.0285e-07
65.45,-3.2613e-07
65.5,-4.9974e-07
65.55,-6.0998e-07
65.6,-6.5081e-07
65.65,-6.2395e-07
65.7,-5.3813e-07
65.75,-4.0764e-07
65.8,-2.5034e-07
65.85,-8.5378e-08
65.9,6.9028e-08
65.95,1.9759e-07
66,2.8946e-07
66.05,3.3909e-07
66.1,3.4648e-07
66.15,3.1663e-07
66.2,2.5851e-07
66.25,1.8361e-07
66.3,1.0417e-07
66.35,3.1558e-08
66.4,-2.5206e-08
66.45,-6.0533e-08
66.5,-7.2802e-08
66.55,-6.4328e-08
66.6,-4.0794e-08
66.65,-1.0208e-08
66.7,1.8438e-08
66.75,3.6637e-08
66.8,3.7758e-08
66.85,1.8165e-08
66.9,-2.2089e-08
66.95,-7.9085e-08
67,-1.4543e-07
67.05,-2.1116e-07
67.1,-2.6504e-07
67.15,-2.9618e-07
67.2,-2.9558e-07
67.25,-2.5764e-07
67.3,-1.8123e-07
67.35,-7.0261e-08
67.4,6.6345e-08
67.45,2.1535e-07
67.5,3.605e-07
67.55,4.8426e-07
67.6,5.6986e-07
67.65,6.0341e-07
67.7,5.7575e-07
67.75,4.8393e-07
67.8,3.3201e-07
67.85,1.3118e-07
67.9,-1.0104e-07
67.95,-3.423e-07
68,-5.6757e-07
68.05,-7.5172e-07
68.1,-8.723e-07
68.15,-9.1215e-07
68.2,-8.6156e-07
68.25,-7.1981e-07
68.3,-4.9572e-07
68.35,-2.0731e-07
68.4,1.1962e-07
68.45,4.5382e-07
68.5,7.6153e-07
68.55,1.0099e-06
68.6,1.1706e-06
68.65,1.2226e-06
68.7,1.1552e-06
68.75,9.6922e-07
68.8,6.7769e-07
68.85,3.049e-07
68.9,-1.155e-07
68.95,-5.4359e-07
69,-9.3691e-07
69.05,-1.2547e-06
69.1,-1.4622e-06
69.15,-1.5342e-06
69.2,-1.4581e-06
69.25,-1.2355e-06
69.3,-8.8283e-07
69.35,-4.2998e-07
69.4,8.2072e-08
69.45,6.05e-07
69.5,1.0877e-06
69.55,1.4813e-06
69.6,1.744e-06
69.65,1.8457e-06
69.7,1.7709e-06
69.75,1.5212e-06
69.8,1.1154e-06
69.85,5.8821e-07
69.9,-1.2783e-08
69.95,-6.3121e-07
70,-1.2074e-06
70.05,-1.6839e-06
70.1,-2.0116e-06
70.15,-2.1544e-06
70.2,-2.0931e-06
70.25,-1.8279e-06
70.3,-1.379e-06
70.35,-7.8474e-07
70.4,-9.8749e-08
70.45,6.1513e-07
70.5,1.2887e-06
70.55,1.856e-06
70.6,2.2595e-06
70.65,2.4564e-06
70.7,2.4226e-06
70.75,2.1558e-06
70.8,1.6759e-06
70.85,1.024e-06
70.9,2.5856e-07
70.95,-5.4956e-07
71,-1.324e-06
71.05,-1.9898e-06
71.1,-2.4808e-06
71.15,-2.7463e-06
71.2,-2.756e-06
71.25,-2.5034e-06
71.3,-2.0071e-06
71.35,-1.3092e-06
71.4,-4.7211e-07
71.45,4.2739e-07
71.5,1.305e-06
71.55,2.0767e-06
71.6,2.6672e-06
71.65,3.0168e-06
71.7,3.0876e-06
71.75,2.8676e-06
71.8,2.3719e-06
71.85,1.6425e-06
71.9,7.4394e-07
71.95,-2.4184e-07
72,-1.2232e-06
72.05,-2.1074e-06
72.1,-2.8091e-06
72.15,-3.2589e-06
72.2,-3.41e-06
72.25,-3.2428e-06
72.3,-2.7676e-06
72.35,-2.024e-06
72.4,-1.0773e-06
72.45,-1.3163e-08
72.5,1.0703e-06
72.55,2.0716e-06
72.6,2.8955e-06
72.65,3.4617e-06
72.7,3.7131e-06
72.75,3.6211e-06
72.8,3.1888e-06
72.85,2.4516e-06
72.9,1.4735e-06
72.95,3.4248e-07
73,-8.3817e-07
73.05,-1.9589e-06
73.1,-2.9142e-06
73.15,-3.6125e-06
73.2,-3.9848e-06
73.25,-3.9918e-06
73.3,-3.6275e-06
73.35,-2.9205e-06
73.4,-1.9318e-06
73.45,-7.4924e-07
73.5,5.1989e-07
73.55,1.7589e-06
73.6,2.8524e-06
73.65,3.6968e-06
73.7,4.2105e-06
73.75,4.3415e-06
73.8,4.0724e-06
73.85,3.423e-06
73.9,2.4482e-06
73.95,1.2341e-06
74,-1.1014e-07
74.05,-1.4621e-06
74.1,-2.6969e-06
74.15,-3.6992e-06
74.2,-4.3735e-06
74.25,-4.6536e-06
74.3,-4.5087e-06
74.35,-3.9471e-06
74.4,-3.0154e-06
74.45,-1.7947e-06
74.5,-3.9394e-07
74.55,1.0603e-06
74.6,2.4351e-06
74.65,3.6032e-06
74.7,4.4551e-06
74.75,4.9088e-06
74.8,4.9182e-06
74.85,4.4774e-06
74.9,3.6217e-06
74.95,2.4246e-06
75,9.9183e-07
75.05,-5.481e-07
75.1,-2.0557e-06
75.15,-3.3928e-06
75.2,-4.4355e-06
75.25,-5.0854e-06
75.3,-5.2791e-06
75.35,-4.9939e-06
75.4,-4.2508e-06
75.45,-3.1125e-06
75.5,-1.6787e-06
75.55,-7.6655e-08
75.6,1.5497e-06
75.65,3.0527e-06
75.7,4.2945e-06
75.75,5.1598e-06
75.8,5.5662e-06
75.85,5.4722e-06
75.9,4.8813e-06
75.95,3.8421e-06
76,2.4444e-06
76.05,8.1126e-07
76.1,-9.1191e-07
76.15,-2.5701e-06
76.2,-4.0127e-06
76.25,-5.1074e-06
76.3,-5.7519e-06
76.35,-5.8839e-06
76.4,-5.4865e-06
76.45,-4.5907e-06
76.5,-3.2727e-06
76.55,-1.6471e-06
76.6,1.4227e-07
76.65,1.936e-06
76.7,3.5727e-06
76.75,4.9038e-06
76.8,5.8069e-06
76.85,6.197e-06
76.9,6.0347e-06
76.95,5.3295e-06
77,4.14e-06
77.05,2.5686e-06
77.1,7.5279e-07
77.15,-1.1468e-06
77.2,-2.961e-06
77.25,-4.5265e-06
77.3,-5.7014e-06
77.35,-6.3772e-06
77.4,-6.4894e-06
77.45,-6.0233e-06
77.5,-5.0156e-06
77.55,-3.5519e-06
77.6,-1.7588e-06
77.65,2.0636e-07
77.7,2.17e-06
77.75,3.9572e-06
77.8,5.4074e-06
77.85,6.389e-06
77.9,6.8109e-06
77.95,6.6311e-06
78,5.861e-06
78.05,4.5643e-06
78.1,2.852e-06
78.15,8.7275e-07
78.2,-1.2e-06
78.25,-3.1832e-06
78.3,-4.9005e-06
78.35,-6.1979e-06
78.4,-6.9573e-06
78.45,-7.1075e-06
78.5,-6.6307e-06
78.55,-5.5644e-06
78.6,-3.9983e-06
78.65,-2.0672e-06
78.7,6.1372e-08
78.75,2.2009e-06
78.8,4.163e-06
78.85,5.7733e-06
78.9,6.8875e-06
78.95,7.404e-06
79,7.273e-06
79.05,6.5016e-06
79.1,5.1529e-06
79.15,3.3416e-06
79.2,1.2234e-06
79.25,-1.0178e-06
79.3,-3.1862e-06
79.35,-5.091e-06
79.4,-6.5635e-06
79.45,-7.4717e-06
79.5,-7.7323e-06
79.55,-7.318e-06
79.6,-6.2605e-06
79.65,-4.6481e-06
79.7,-2.6181e-06
79.75,-3.4502e-07
79.8,1.9741e-06
79.85,4.1372e-06
79.9,5.9545e-06
79.95,7.2651e-06
80,7.9516e-06
80.05,7.9501e-06
80.1,7.2564e-06
80.15,5.9264e-06
80.2,4.0719e-06
80.25,1.8508e-06
80.3,-5.4618e-07
80.35,-2.9117e-06
80.4,-5.0402e-06
80.45,-6.7454e-06
80.5,-7.8767e-06
80.55,-8.3324e-06
80.6,-8.069e-06
80.65,-7.1048e-06
80.7,-5.5192e-06
80.75,-3.4456e-06
80.8,-1.0605e-06
80.85,1.4315e-06
80.9,3.8158e-06
80.95,5.8856e-06
81,7.4603e-06
81.05,8.4011e-06
81.1,8.623e-06
81.15,8.1027e-06
81.2,6.8807e-06
81.25,5.0584e-06
81.3,2.7892e-06
81.35,2.6597e-07
81.4,-2.2957e-06
81.45,-4.6755e-06
81.5,-6.668e-06
81.55,-8.0997e-06
81.6,-8.8444e-06
81.65,-8.8345e-06
81.7,-8.0665e-06
81.75,-6.6022e-06
81.8,-4.5632e-06
81.85,-2.1211e-06
81.9,5.1695e-07
81.95,3.1263e-06
82,5.4834e-06
82.05,7.3853e-06
82.1,8.667e-06
82.15,9.2154e-06
82.2,8.98e-06
82.25,7.9766e-06
82.3,6.2869e-06
82.35,4.0513e-06
82.4,1.4576e-06
82.45,-1.2749e-06
82.5,-3.9143e-06
82.55,-6.2351e-06
82.6,-8.0384e-06
82.65,-9.168e-06
82.7,-9.5243e-06
82.75,-9.0733e-06
82.8,-7.849e-06
82.85,-5.9517e-06
82.9,-3.5388e-06
82.95,-8.127e-07
83,1.9971e-06
83.05,4.6529e-06
83.1,6.9288e-06
83.15,8.6302e-06
83.2,9.6103e-06
83.25,9.7825e-06
83.3,9.1285e-06
83.35,7.6995e-06
83.4,5.6125e-06
83.45,3.0405e-06
83.5,1.9855e-07
83.55,-2.675e-06
83.6,-5.3378e-06
83.65,-7.5645e-06
83.7,-9.1653e-06
83.75,-1.0002e-05
83.8,-1.0002e-05
83.85,-9.1596e-06
83.9,-7.5428e-06
83.95,-5.2837e-06
84,-2.5692e-06
84.05,3.7463e-07
84.1,3.3018e-06
84.15,5.9664e-06
84.2,8.1439e-06
84.25,9.6493e-06
84.3,1.0354e-05
84.35,1.0194e-05
84.4,9.18e-06
84.45,7.3928e-06
84.5,4.9786e-06
84.55,2.1363e-06
84.6,-8.982e-07
84.65,-3.8723e-06
84.7,-6.5373e-06
84.75,-8.6693e-06
84.8,-1.0088e-05
84.85,-1.0673e-05
84.9,-1.037e-05
84.95,-9.2021e-06
85,-7.2623e-06
85.05,-4.7089e-06
85.1,-1.7517e-06
85.15,1.3648e-06
85.2,4.3824e-06
85.25,7.0497e-06
85.3,9.1437e-06
85.35,1.0488e-05
85.4,1.0968e-05
85.45,1.0541e-05
85.5,9.2376e-06
85.55,7.1628e-06
85.6,4.4852e-06
85.65,1.4243e-06
85.7,-1.7683e-06
85.75,-4.8287e-06
85.8,-7.5035e-06
85.85,-9.5699e-06
85.9,-1.0855e-05
85.95,-1.1249e-05
86,-1.0716e-05
86.05,-9.2966e-06
86.1,-7.1043e-06
86.15,-4.3169e-06
86.2,-1.1617e-06
86.25,2.1028e-06
86.3,5.2083e-06
86.35,7.8984e-06
86.4,9.9502e-06
86.45,1.1193e-05
86.5,1.1521e-05
86.55,1.0903e-05
86.6,9.3882e-06
86.65,7.0961e-06
86.7,4.2123e-06
86.75,9.7099e-07
86.8,-2.3634e-06
86.85,-5.5179e-06
86.9,-8.2335e-06
86.95,-1.0286e-05
87,-1.1506e-05
87.05,-1.1789e-05
87.1,-1.111e-05
87.15,-9.5199e-06
87.2,-7.1458e-06
87.25,-4.1787e-06
87.3,-8.5864e-07
87.35,2.5448e-06
87.4,5.7544e-06
87.45,8.5077e-06
87.5,1.0579e-05
87.55,1.1797e-05
87.6,1.2059e-05
87.65,1.1341e-05
87.7,9.6979e-06
87.75,7.26e-06
87.8,4.2227e-06
87.85,8.3058e-07
87.9,-2.6421e-06
87.95,-5.9138e-06
88,-8.7183e-06
88.05,-1.0827e-05
88.1,-1.2066e-05
88.15,-1.2332e-05
88.2,-1.16e-05
88.25,-9.9268e-06
88.3,-7.444e-06
88.35,-4.3498e-06
88.4,-8.9241e-07
88.45,2.65e-06
88.5,5.9917e-06
88.55,8.8619e-06
88.6,1.1028e-05
88.65,1.2312e-05
88.7,1.2608e-05
88.75,1.1889e-05
88.8,1.0209e-05
88.85,7.7016e-06
88.9,4.5648e-06
88.95,1.0494e-06
89,-2.5632e-06
89.05,-5.9827e-06
89.1,-8.9337e-06
89.15,-1.1178e-05
89.2,-1.2532e-05
89.25,-1.2886e-05
89.3,-1.2207e-05
89.35,-1.0547e-05
89.4,-8.0354e-06
89.45,-4.8715e-06
89.5,-1.3063e-06
89.55,2.3759e-06
89.6,5.8807e-06
89.65,8.9274e-06
89.7,1.1271e-05
89.75,1.2722e-05
89.8,1.3161e-05
89.85,1.2552e-05
89.9,1.0938e-05
89.95,8.4461e-06
90,5.2723e-06
90.05,1.6675e-06
90.1,-2.0823e-06
90.15,-5.6789e-06
90.2,-8.8355e-06
90.25,-1.1299e-05
90.3,-1.2873e-05
90.35,-1.3428e-05
90.4,-1.2918e-05
90.45,-1.138e-05
90.5,-8.9327e-06
90.55,-5.7687e-06
90.6,-2.1366e-06
90.65,1.6768e-06
90.7,5.3696e-06
90.75,8.649e-06
90.8,1.1254e-05
90.85,1.2976e-05
90.9,1.3677e-05
90.95,1.3298e-05
91,1.1866e-05
91.05,9.4918e-06
91.1,6.3601e-06
91.15,2.7161e-06
91.2,-1.1539e-06
91.25,-4.945e-06
91.3,-8.3579e-06
91.35,-1.1123e-05
91.4,-1.3019e-05
91.45,-1.3896e-05
91.5,-1.3681e-05
91.55,-1.2389e-05
91.6,-1.0118e-05
91.65,-7.044e-06
91.7,-3.407e-06
91.75,5.0897e-07
91.8,4.3969e-06
91.85,7.9513e-06
91.9,1.0892e-05
91.95,1.2988e-05
92,1.4071e-05
92.05,1.4055e-05
92.1,1.2937e-05
92.15,1.0802e-05
92.2,7.8157e-06
92.25,4.2085e-06
92.3,2.6147e-07
92.35,-3.7177e-06
92.4,-7.4179e-06
92.45,-1.0549e-05
92.5,-1.2866e-05
92.55,-1.4185e-05
92.6,-1.4401e-05
92.65,-1.3495e-05
92.7,-1.1533e-05
92.75,-8.667e-06
92.8,-5.1174e-06
92.85,-1.1591e-06
92.9,2.9007e-06
92.95,6.7464e-06
93,1.0078e-05
93.05,1.2636e-05
93.1,1.4219e-05
93.15,1.4702e-05
93.2,1.4044e-05
93.25,1.2295e-05
93.3,9.5866e-06
93.35,6.1272e-06
93.4,2.1832e-06
93.45,-1.9409e-06
93.5,-5.9261e-06
93.55,-9.4633e-06
93.6,-1.2278e-05
93.65,-1.415e-05
93.7,-1.4933e-05
93.75,-1.4564e-05
93.8,-1.3068e-05
93.85,-1.0559e-05
93.9,-7.2278e-06
93.95,-3.3297e-06
94,8.3573e-07
94.05,4.9479e-06
94.1,8.6895e-06
94.15,1.1772e-05
94.2,1.3955e-05
94.25,1.507e-05
94.3,1.5028e-05
94.35,1.3829e-05
94.4,1.1564e-05
94.45,8.4046e-06
94.5,4.5906e-06
94.55,4.1411e-07
94.6,-3.805e-06
94.65,-7.743e-06
94.7,-1.1097e-05
94.75,-1.3609e-05
94.8,-1.5084e-05
94.85,-1.5407e-05
94.9,-1.4551e-05
94.95,-1.2578e-05
95,-9.6378e-06
95.05,-5.9529e-06
95.1,-1.8034e-06
95.15,2.4943e-06
95.2,6.6123e-06
95.25,1.0235e-05
95.3,1.3086e-05
95.35,1.4945e-05
95.4,1.5669e-05
95.45,1.5199e-05
95.5,1.357e-05
95.55,1.0902e-05
95.6,7.398e-06
95.65,3.3217e-06
95.7,-1.0173e-06
95.75,-5.2894e-06
95.8,-9.1696e-06
95.85,-1.2362e-05
95.9,-1.4623e-05
95.95,-1.5779e-05
96,-1.5739e-05
96.05,-1.4504e-05
96.1,-1.2167e-05
96.15,-8.9006e-06
96.2,-4.952e-06
96.25,-6.1882e-07
96.3,3.7715e-06
96.35,7.8865e-06
96.4,1.1414e-05
96.45,1.4087e-05
96.5,1.57e-05
96.55,1.613e-05
96.6,1.5342e-05
96.65,1.3393e-05
96.7,1.0428e-05
96.75,6.6698e-06
96.8,2.3993e-06
96.85,-2.0619e-06
96.9,-6.3779e-06
96.95,-1.0223e-05
97,-1.3307e-05
97.05,-1.5395e-05
97.1,-1.6329e-05
97.15,-1.6037e-05
97.2,-1.4538e-05
97.25,-1.1942e-05
97.3,-8.4427e-06
97.35,-4.3014e-06
97.4,1.722e-07
97.45,4.6427e-06
97.5,8.7747e-06
97.55,1.2258e-05
97.6,1.4829e-05
97.65,1.6294e-05
97.7,1.6542e-05
97.75,1.5551e-05
97.8,1.3394e-05
97.85,1.0229e-05
97.9,6.2925e-06
97.95,1.8769e-06
98,-2.6886e-06
98.05,-7.0629e-06
98.1,-1.0919e-05
98.15,-1.3968e-05
98.2,-1.5981e-05
98.25,-1.6805e-05
98.3,-1.6378e-05
98.35,-1.4729e-05
98.4,-1.1979e-05
98.45,-8.3302e-06
98.5,-4.0537e-06
98.55,5.3353e-07
98.6,5.0906e-06
98.65,9.2784e-06
98.7,1.2785e-05
98.75,1.5348e-05
98.8,1.6777e-05
98.85,1.6962e-05
98.9,1.5888e-05
98.95,1.3633e-05
99,1.0361e-05
99.05,6.315e-06
99.1,1.7923e-06
99.15,-2.8723e-06
99.2,-7.3335e-06
99.25,-1.1261e-05
99.3,-1.4362e-05
99.35,-1.6407e-05
99.4,-1.7242e-05
99.45,-1.6804e-05
99.5,-1.5124e-05
99.55,-1.2322e-05
99.6,-8.6049e-06
99.65,-4.2452e-06
99.7,4.3629e-07
99.75,5.0948e-06
99.8,9.3866e-06
99.85,1.2995e-05
99.9,1.5652e-05
99.95,1.7162e-05
100,1.7411e-05
100.05,1.6379e-05
100.1,1.4139e-05
100.15,1.0855e-05
100.2,6.7674e-06
100.25,2.1741e-06
100.3,-2.5876e-06
100.35,-7.1683e-06
100.4,-1.1231e-05
100.45,-1.4478e-05
100.5,-1.6668e-05
100.55,-1.764e-05
100.6,-1.7321e-05
100.65,-1.5732e-05
100.7,-1.2987e-05
100.75,-9.2863e-06
100.8,-4.899e-06
100.85,-1.4518e-07
100.9,4.628e-06
100.95,9.0715e-06
101,1.286e-05
101.05,1.5716e-05
101.1,1.7429e-05
101.15,1.7873e-05
101.2,1.7012e-05
101.25,1.491e-05
101.3,1.1716e-05
101.35,7.6619e-06
101.4,3.0424e-06
101.45,-1.807e-06
101.5,-6.5334e-06
101.55,-1.0792e-05
101.6,-1.4274e-05
101.65,-1.6723e-05
101.7,-1.796e-05
101.75,-1.7894e-05
101.8,-1.6527e-05
101.85,-1.3958e-05
101.9,-1.037e-05
101.95,-6.0234e-06
102,-1.2323e-06
102.05,3.6565e-06
102.1,8.2886e-06
102.15,1.2328e-05
102.2,1.5481e-05
102.25,1.7518e-05
102.3,1.829e-05
102.35,1.7739e-05
102.4,1.5904e-05
102.45,1.2916e-05
102.5,8.9888e-06
102.55,4.4053e-06
102.6,-5.0408e-07
102.65,-5.3853e-06
102.7,-9.8858e-06
102.75,-1.368e-05
102.8,-1.6494e-05
102.85,-1.8123e-05
102.9,-1.8448e-05
102.95,-1.7444e-05
103,-1.5182e-05
103.05,-1.1822e-05
103.1,-7.6061e-06
103.15,-2.8358e-06
103.2,2.1462e-06
103.25,6.982e-06
103.3,1.1324e-05
103.35,1.4858e-05
103.4,1.7331e-05
103.45,1.8564e-05
103.5,1.8465e-05
103.55,1.7042e-05
103.6,1.4393e-05
103.65,1.0709e-05
103.7,6.2502e-06
103.75,1.337e-06
103.8,-3.6797e-06
103.85,-8.4408e-06
103.9,-1.2605e-05
103.95,-1.5874e-05
104,-1.8012e-05
104.05,-1.8866e-05
104.1,-1.8372e-05
104.15,-1.6564e-05
104.2,-1.3571e-05
104.25,-9.6035e-06
104.3,-4.9446e-06
104.35,7.4204e-08
104.4,5.0954e-06
104.45,9.7608e-06
104.5,1.3737e-05
104.55,1.6741e-05
104.6,1.8557e-05
104.65,1.9054e-05
104.7,1.8195e-05
104.75,1.604e-05
104.8,1.2741e-05
104.85,8.5307e-06
104.9,3.7079e-06
104.95,-1.3855e-06
105,-6.388e-06
105.05,-1.0944e-05
105.1,-1.473e-05
105.15,-1.7476e-05
105.2,-1.8986e-05
105.25,-1.9152e-05
105.3,-1.7961e-05
105.35,-1.5495e-05
105.4,-1.1927e-05
105.45,-7.5099e-06
105.5,-2.5546e-06
105.55,2.5886e-06
105.6,7.556e-06
105.65,1.1996e-05
105.7,1.5594e-05
105.75,1.8096e-05
105.8,1.9322e-05
105.85,1.9185e-05
105.9,1.7694e-05
105.95,1.4951e-05
106,1.115e-05
106.05,6.5573e-06
106.1,1.4958e-06
106.15,-3.6782e-06
106.2,-8.6002e-06
106.25,-1.2923e-05
106.3,-1.6342e-05
106.35,-1.8616e-05
106.4,-1.9582e-05
106.45,-1.9173e-05
106.5,-1.7414e-05
106.55,-1.4429e-05
106.6,-1.0427e-05
106.65,-5.686e-06
106.7,-5.3969e-07
106.75,4.6514e-06
106.8,9.5231e-06
106.85,1.3733e-05
106.9,1.6986e-05
106.95,1.9052e-05
107,1.9785e-05
107.05,1.9134e-05
107.1,1.7141e-05
107.15,1.3946e-05
107.2,9.7707e-06
107.25,4.9061e-06
107.3,-3.0791e-07
107.35,-5.5072e-06
107.4,-1.0328e-05
107.45,-1.4434e-05
107.5,-1.7537e-05
107.55,-1.9419e-05
107.6,-1.9948e-05
107.65,-1.9086e-05
107.7,-1.6891e-05
107.75,-1.3516e-05
107.8,-9.1938e-06
107.85,-4.2257e-06
107.9,1.043e-06
107.95,6.2457e-06
108,1.102e-05
108.05,1.5034e-05
108.1,1.8006e-05
108.15,1.973e-05
108.2,2.0084e-05
108.25,1.9043e-05
108.3,1.6677e-05
108.35,1.315e-05
108.4,8.7052e-06
108.45,3.651e-06
108.5,-1.6628e-06
108.55,-6.8678e-06
108.6,-1.1603e-05
108.65,-1.5539e-05
108.7,-1.8403e-05
108.75,-1.9996e-05
108.8,-2.0206e-05
108.85,-1.9017e-05
108.9,-1.651e-05
108.95,-1.2858e-05
109,-8.3124e-06
109.05,-3.1866e-06
109.1,2.1656e-06
109.15,7.3745e-06
109.2,1.208e-05
109.25,1.5957e-05
109.3,1.8737e-05
109.35,2.0227e-05
109.4,2.0323e-05
109.45,1.9018e-05
109.5,1.64e-05
109.55,1.2648e-05
109.6,8.0212e-06
109.65,2.8361e-06
109.7,-2.5501e-06
109.75,-7.767e-06
109.8,-1.2455e-05
109.85,-1.6292e-05
109.9,-1.9013e-05
109.95,-2.043e-05
110,-2.0444e-05
110.05,-1.9054e-05
110.1,-1.6353e-05
110.15,-1.2527e-05
110.2,-7.8359e-06
110.25,-2.6025e-06
110.3,2.8154e-06
110.35,8.0461e-06
110.4,1.2731e-05
110.45,1.6549e-05
110.5,1.9237e-05
110.55,2.061e-05
110.6,2.0574e-05
110.65,1.913e-05
110.7,1.6375e-05
110.75,1.2497e-05
110.8,7.7599e-06
110.85,2.4876e-06
110.9,-2.9604e-06
110.95,-8.212e-06
111,-1.2908e-05
111.05,-1.6728e-05
111.1,-1.9411e-05
111.15,-2.0771e-05
111.2,-2.0717e-05
111.25,-1.9249e-05
111.3,-1.6468e-05
111.35,-1.2562e-05
111.4,-7.7954e-06
111.45,-2.4932e-06
111.5,2.9842e-06
111.55,8.2642e-06
111.6,1.2987e-05
111.65,1.6832e-05
111.7,1.9536e-05
111.75,2.0915e-05
111.8,2.0873e-05
111.85,1.9414e-05
111.9,1.6634e-05
111.95,1.2723e-05
112,7.9435e-06
112.05,2.6204e-06
112.1,-2.8858e-06
112.15,-8.2018e-06
112.2,-1.2967e-05
112.25,-1.6858e-05
112.3,-1.9611e-05
112.35,-2.1039e-05
112.4,-2.1043e-05
112.45,-1.9623e-05
112.5,-1.6873e-05
112.55,-1.298e-05
112.6,-8.2046e-06
112.65,-2.87e-06
112.7,2.6638e-06
112.75,8.023e-06
112.8,1.2845e-05
112.85,1.6805e-05
112.9,1.9634e-05
112.95,2.1141e-05
113,2.1223e-05
113.05,1.9874e-05
113.1,1.7183e-05
113.15,1.3331e-05
113.2,8.578e-06
113.25,3.2422e-06
113.3,-2.317e-06
113.35,-7.7254e-06
113.4,-1.2619e-05
113.45,-1.6668e-05
113.5,-1.96e-05
113.55,-2.1216e-05
113.6,-2.1408e-05
113.65,-2.0161e-05
113.7,-1.7559e-05
113.75,-1.3774e-05
113.8,-9.0619e-06
113.85,-3.7368e-06
113.9,1.844e-06
113.95,7.3062e-06
114,1.2283e-05
114.05,1.6441e-05
114.1,1.9501e-05
114.15,2.1257e-05
114.2,2.1591e-05
114.25,2.0479e-05
114.3,1.7995e-05
114.35,1.4304e-05
114.4,9.6534e-06
114.45,4.3527e-06
114.5,-1.2437e-06
114.55,-6.762e-06
114.6,-1.1833e-05
114.65,-1.6118e-05
114.7,-1.9331e-05
114.75,-2.1255e-05
114.8,-2.1762e-05
114.85,-2.0818e-05
114.9,-1.8483e-05
114.95,-1.4915e-05
115,-1.0348e-05
115.05,-5.0881e-06
115.1,5.1553e-07
115.15,6.0896e-06
115.2,1.1263e-05
115.25,1.5691e-05
115.3,1.9078e-05
115.35,2.1198e-05
115.4,2.1911e-05
115.45,2.1166e-05
115.5,1.9014e-05
115.55,1.5597e-05
115.6,1.114e-05
115.65,5.9397e-06
115.7,3.4056e-07
115.75,-5.2858e-06
115.8,-1.0566e-05
115.85,-1.515e-05
115.9,-1.8732e-05
115.95,-2.1075e-05
116,-2.2023e-05
116.05,-2.1512e-05
116.1,-1.9576e-05
116.15,-1.6341e-05
116.2,-1.2022e-05
116.25,-6.903e-06
116.3,-1.3234e-06
116.35,4.3482e-06
116.4,9.7367e-06
116.45,1.4486e-05
116.5,1.8281e-05
116.55,2.0871e-05
116.6,2.2084e-05
116.65,2.184e-05
116.7,2.0153e-05
116.75,1.7134e-05
116.8,1.2983e-05
116.85,7.9716e-06
116.9,2.4306e-06
116.95,-3.2749e-06
117,-8.769e-06
117.05,-1.3689e-05
117.1,-1.7712e-05
117.15,-2.057e-05
117.2,-2.2077e-05
117.25,-2.2131e-05
117.3,-2.0729e-05
117.35,-1.7962e-05
117.4,-1.4012e-05
117.45,-9.1369e-06
117.5,-3.6578e-06
117.55,2.0658e-06
117.6,7.6578e-06
117.65,1.2751e-05
117.7,1.7011e-05
117.75,2.0157e-05
117.8,2.1983e-05
117.85,2.2367e-05
117.9,2.1285e-05
117.95,1.8806e-05
118,1.5093e-05
118.05,1.0388e-05
118.1,4.9984e-06
118.15,-7.222e-07
118.2,-6.3996e-06
118.25,-1.1662e-05
118.3,-1.6165e-05
118.35,-1.9614e-05
118.4,-2.1782e-05
118.45,-2.2527e-05
118.5,-2.18e-05
118.55,-1.9647e-05
118.6,-1.6209e-05
118.65,-1.171e-05
118.7,-6.4433e-06
118.75,-7.5189e-07
118.8,4.9925e-06
118.85,1.0415e-05
118.9,1.5162e-05
118.95,1.8923e-05
119,2.1454e-05
119.05,2.2587e-05
119.1,2.2249e-05
119.15,2.0462e-05
119.2,1.734e-05
119.25,1.3088e-05
119.3,7.9801e-06
119.35,2.3498e-06
119.4,-3.4372e-06
119.45,-9.0045e-06
119.5,-1.399e-05
119.55,-1.8069e-05
119.6,-2.0977e-05
119.65,-2.2523e-05
119.7,-2.2608e-05
119.75,-2.1224e-05
119.8,-1.8462e-05
119.85,-1.4499e-05
119.9,-9.5931e-06
119.95,-4.0615e-06
120,1.7372e-06
120.05,7.4269e-06
120.1,1.2639e-05
120.15,1.7035e-05
120.2,2.0331e-05
120.25,2.2311e-05
120.3,2.2849e-05
120.35,2.1907e-05
120.4,1.9547e-05
120.45,1.5921e-05
120.5,1.1263e-05
120.55,5.8729e-06
120.6,1.0011e-07
120.65,-5.6827e-06
120.7,-1.1102e-05
120.75,-1.5807e-05
120.8,-1.9495e-05
120.85,-2.1926e-05
120.9,-2.2943e-05
120.95,-2.248e-05
121,-2.0566e-05
121.05,-1.7325e-05
121.1,-1.2965e-05
121.15,-7.7657e-06
121.2,-2.0631e-06
121.25,3.7759e-06
121.3,9.3752e-06
121.35,1.4374e-05
121.4,1.845e-05
121.45,2.1342e-05
121.5,2.2861e-05
121.55,2.2911e-05
121.6,2.1487e-05
121.65,1.868e-05
121.7,1.4671e-05
121.75,9.717e-06
121.8,4.1354e-06
121.85,-1.7151e-06
121.9,-7.4588e-06
121.95,-1.2727e-05
122,-1.7181e-05
122.05,-2.0536e-05
122.1,-2.2574e-05
122.15,-2.3166e-05
122.2,-2.2273e-05
122.25,-1.9952e-05
122.3,-1.635e-05
122.35,-1.1699e-05
122.4,-6.2952e-06
122.45,-4.8566e-07
122.5,5.3583e-06
122.55,1.0863e-05
122.6,1.5675e-05
122.65,1.9487e-05
122.7,2.2054e-05
122.75,2.3213e-05
122.8,2.2889e-05
122.85,2.1101e-05
122.9,1.7964e-05
122.95,1.3677e-05
123,8.5152e-06
123.05,2.8064e-06
123.1,-3.0846e-06
123.15,-8.7819e-06
123.2,-1.3922e-05
123.25,-1.8177e-05
123.3,-2.1275e-05
123.35,-2.3018e-05
123.4,-2.3295e-05
123.45,-2.2087e-05
123.5,-1.9472e-05
123.55,-1.5615e-05
123.6,-1.0762e-05
123.65,-5.2208e-06
123.7,6.5535e-07
123.75,6.4929e-06
123.8,1.192e-05
123.85,1.6593e-05
123.9,2.0212e-05
123.95,2.2549e-05
124,2.3453e-05
124.05,2.2868e-05
124.1,2.083e-05
124.15,1.7468e-05
124.2,1.2996e-05
124.25,7.6956e-06
124.3,1.9046e-06
124.35,-4.0101e-06
124.4,-9.6735e-06
124.45,-1.4726e-05
124.5,-1.8848e-05
124.55,-2.1777e-05
124.6,-2.3327e-05
124.65,-2.3401e-05
124.7,-2.1992e-05
124.75,-1.919e-05
124.8,-1.5171e-05
124.85,-1.0191e-05
124.9,-4.5628e-06
124.95,1.3564e-06
125,7.1928e-06
125.05,1.2577e-05
125.1,1.7169e-05
125.15,2.0678e-05
125.2,2.2882e-05
125.25,2.3641e-05
125.3,2.2908e-05
125.35,2.0728e-05
125.4,1.7238e-05
125.45,1.2659e-05
125.5,7.2788e-06
125.55,1.437e-06
125.6,-4.4982e-06
125.65,-1.0153e-05
125.7,-1.5169e-05
125.75,-1.9233e-05
125.8,-2.2086e-05
125.85,-2.3549e-05
125.9,-2.353e-05
125.95,-2.2029e-05
126,-1.9141e-05
126.05,-1.5047e-05
126.1,-1.0004e-05
126.15,-4.3298e-06
126.2,1.6194e-06
126.25,7.4694e-06
126.3,1.2853e-05
126.35,1.743e-05
126.4,2.0915e-05
126.45,2.3087e-05
126.5,2.381e-05
126.55,2.3039e-05
126.6,2.0821e-05
126.65,1.7295e-05
126.7,1.2683e-05
126.75,7.2727e-06
126.8,1.4042e-06
126.85,-4.5549e-06
126.9,-1.0231e-05
126.95,-1.5268e-05
127,-1.9351e-05
127.05,-2.2224e-05
127.1,-2.3705e-05
127.15,-2.3703e-05
127.2,-2.2217e-05
127.25,-1.934e-05
127.3,-1.5252e-05
127.35,-1.0207e-05
127.4,-4.5226e-06
127.45,1.4473e-06
127.5,7.3293e-06
127.55,1.2756e-05
127.6,1.7387e-05
127.65,2.0934e-05
127.7,2.3175e-05
127.75,2.397e-05
127.8,2.3268e-05
127.85,2.1114e-05
127.9,1.7642e-05
127.95,1.3067e-05
128,7.6759e-06
128.05,1.8036e-06
128.1,-4.1835e-06
128.15,-9.9122e-06
128.2,-1.5025e-05
128.25,-1.9205e-05
128.3,-2.2189e-05
128.35,-2.3793e-05
128.4,-2.3916e-05
128.45,-2.255e-05
128.5,-1.978e-05
128.55,-1.5779e-05
128.6,-1.0794e-05
128.65,-5.1362e-06
128.7,8.4318e-07
128.75,6.7725e-06
128.8,1.2283e-05
128.85,1.7032e-05
128.9,2.0726e-05
128.95,2.3133e-05
129,2.4104e-05
129.05,2.358e-05
129.1,2.1591e-05
129.15,1.8262e-05
129.2,1.3799e-05
129.25,8.4781e-06
129.3,2.6294e-06
129.35,-3.3844e-06
129.4,-9.1906e-06
129.45,-1.4429e-05
129.5,-1.8776e-05
129.55,-2.1961e-05
129.6,-2.3787e-05
129.65,-2.4141e-05
129.7,-2.3e-05
129.75,-2.0435e-05
129.8,-1.6605e-05
129.85,-1.1746e-05
129.9,-6.1593e-06
129.95,-1.8934e-07
130,5.7944e-06
130.05,1.1422e-05
130.1,1.6346e-05
130.15,2.0261e-05
130.2,2.2926e-05
130.25,2.4177e-05
130.3,2.3934e-05
130.35,2.2214e-05
130.4,1.9123e-05
130.45,1.485e-05
130.5,9.6596e-06
130.55,3.8717e-06
130.6,-2.157e-06
130.65,-8.0547e-06
130.7,-1.3458e-05
130.75,-1.8033e-05
130.8,-2.1499e-05
130.85,-2.3642e-05
130.9,-2.4329e-05
130.95,-2.3518e-05
131,-2.126e-05
131.05,-1.7692e-05
131.1,-1.3034e-05
131.15,-7.5722e-06
131.2,-1.6432e-06
131.25,4.3887e-06
131.3,1.0153e-05
131.35,1.5294e-05
131.4,1.9498e-05
131.45,2.2504e-05
131.5,2.4129e-05
131.55,2.4273e-05
131.6,2.2926e-05
131.65,2.0171e-05
131.7,1.6177e-05
131.75,1.1188e-05
131.8,5.5124e-06
131.85,-5.0367e-07
131.9,-6.4907e-06
131.95,-1.2081e-05
132,-1.6933e-05
132.05,-2.0749e-05
132.1,-2.3294e-05
132.15,-2.4412e-05
132.2,-2.4036e-05
132.25,-2.2187e-05
132.3,-1.898e-05
132.35,-1.4609e-05
132.4,-9.343e-06
132.45,-3.5037e-06
132.5,2.5517e-06
132.55,8.4528e-06
132.6,1.3839e-05
132.65,1.838e-05
132.7,2.1799e-05
132.75,2.3887e-05
132.8,2.4515e-05
132.85,2.3647e-05
132.9,2.1333e-05
132.95,1.7716e-05
133,1.3017e-05
133.05,7.5212e-06
133.1,1.5651e-06
133.15,-4.4882e-06
133.2,-1.0269e-05
133.25,-1.5426e-05
133.3,-1.9643e-05
133.35,-2.2664e-05
133.4,-2.4304e-05
133.45,-2.4463e-05
133.5,-2.3132e-05
133.55,-2.0391e-05
133.6,-1.6407e-05
133.65,-1.1423e-05
133.7,-5.7429e-06
133.75,2.8882e-07
133.8,6.3046e-06
133.85,1.1938e-05
133.9,1.6847e-05
133.95,2.0733e-05
134,2.3359e-05
134.05,2.4565e-05
134.1,2.4278e-05
134.15,2.2516e-05
134.2,1.9385e-05
134.25,1.5076e-05
134.3,9.8499e-06
134.35,4.0244e-06
134.4,-2.047e-06
134.45,-7.9957e-06
134.5,-1.3461e-05
134.55,-1.811e-05
134.6,-2.1662e-05
134.65,-2.3901e-05
134.7,-2.4691e-05
134.75,-2.3985e-05
134.8,-2.1824e-05
134.85,-1.834e-05
134.9,-1.3743e-05
134.95,-8.3133e-06
135,-2.3784e-06
135.05,3.7019e-06
135.1,9.5596e-06
135.15,1.484e-05
135.2,1.9223e-05
135.25,2.2445e-05
135.3,2.4309e-05
135.35,2.4703e-05
135.4,2.3603e-05
135.45,2.1076e-05
135.5,1.7274e-05
135.55,1.2427e-05
135.6,6.8278e-06
135.65,8.1488e-07
135.7,-5.2486e-06
135.75,-1.0997e-05
135.8,-1.6082e-05
135.85,-2.0197e-05
135.9,-2.3094e-05
135.95,-2.4599e-05
136,-2.4619e-05
136.05,-2.3154e-05
136.1,-2.0292e-05
136.15,-1.6206e-05
136.2,-1.1142e-05
136.25,-5.4047e-06
136.3,6.592e-07
136.35,6.6847e-06
136.4,1.2309e-05
136.45,1.7193e-05
136.5,2.1042e-05
136.55,2.3626e-05
136.6,2.4787e-05
136.65,2.4457e-05
136.7,2.2655e-05
136.75,1.949e-05
136.8,1.5151e-05
136.85,9.9003e-06
136.9,4.0531e-06
136.95,-2.039e-06
137,-8.0098e-06
137.05,-1.35e-05
137.1,-1.8181e-05
137.15,-2.177e-05
137.2,-2.4052e-05
137.25,-2.4891e-05
137.3,-2.4235e-05
137.35,-2.2124e-05
137.4,-1.8684e-05
137.45,-1.4123e-05
137.5,-8.7132e-06
137.55,-2.7798e-06
137.6,3.3215e-06
137.65,9.2248e-06
137.7,1.4576e-05
137.75,1.9055e-05
137.8,2.2392e-05
137.85,2.4389e-05
137.9,2.4924e-05
137.95,2.3967e-05
138,2.1574e-05
138.05,1.7889e-05
138.1,1.3132e-05
138.15,7.5885e-06
138.2,1.5896e-06
138.25,-4.5055e-06
138.3,-1.0332e-05
138.35,-1.5542e-05
138.4,-1.9823e-05
138.45,-2.292e-05
138.5,-2.4647e-05
138.55,-2.4902e-05
138.6,-2.3668e-05
138.65,-2.102e-05
138.7,-1.7116e-05
138.75,-1.2189e-05
138.8,-6.533e-06
138.85,-4.8605e-07
138.9,5.5909e-06
138.95,1.1335e-05
139,1.6404e-05
139.05,2.0495e-05
139.1,2.3365e-05
139.15,2.4841e-05
139.2,2.4836e-05
139.25,2.3351e-05
139.3,2.0473e-05
139.35,1.6375e-05
139.4,1.13e-05
139.45,5.5515e-06
139.5,-5.2889e-07
139.55,-6.5788e-06
139.6,-1.2238e-05
139.65,-1.7169e-05
139.7,-2.108e-05
139.75,-2.3736e-05
139.8,-2.4981e-05
139.85,-2.4739e-05
139.9,-2.3026e-05
139.95,-1.9943e-05
140,-1.5674e-05
140.05,-1.0473e-05
140.1,-4.6479e-06
140.15,1.4542e-06
140.2,7.4707e-06
140.25,1.3044e-05
140.3,1.7844e-05
140.35,2.1585e-05
140.4,2.4044e-05
140.45,2.5077e-05
140.5,2.4621e-05
140.55,2.2704e-05
140.6,1.944e-05
140.65,1.5021e-05
140.7,9.7114e-06
140.75,3.8247e-06
140.8,-2.2896e-06
140.85,-8.2691e-06
140.9,-1.3759e-05
140.95,-1.8435e-05
141,-2.2019e-05
141.05,-2.4298e-05
141.1,-2.5139e-05
141.15,-2.4492e-05
141.2,-2.2393e-05
141.25,-1.8969e-05
141.3,-1.4422e-05
141.35,-9.02e-06
141.4,-3.0838e-06
141.45,3.0357e-06
141.5,8.9764e-06
141.55,1.4387e-05
141.6,1.8948e-05
141.65,2.2389e-05
141.7,2.4507e-05
141.75,2.5176e-05
141.8,2.4359e-05
141.85,2.2101e-05
141.9,1.8539e-05
141.95,1.388e-05
142,8.4015e-06
142.05,2.4261e-06
142.1,-3.6932e-06
142.15,-9.5954e-06
142.2,-1.4932e-05
142.25,-1.9388e-05
142.3,-2.2701e-05
142.35,-2.4676e-05
142.4,-2.5195e-05
142.45,-2.4229e-05
142.5,-2.1835e-05
142.55,-1.8153e-05
142.6,-1.3401e-05
142.65,-7.8582e-06
142.7,-1.8522e-06
142.75,4.2636e-06
142.8,1.0129e-05
142.85,1.5399e-05
142.9,1.9762e-05
142.95,2.2963e-05
143,2.4813e-05
143.05,2.5203e-05
143.1,2.411e-05
143.15,2.1598e-05
143.2,1.7816e-05
143.25,1.2986e-05
143.3,7.3915e-06
143.35,1.3621e-06
143.4,-4.7481e-06
143.45,-1.058e-05
143.5,-1.5791e-05
143.55,-2.0074e-05
143.6,-2.3179e-05
143.65,-2.4923e-05
143.7,-2.5204e-05
143.75,-2.4004e-05
143.8,-2.1396e-05
143.85,-1.7532e-05
143.9,-1.2638e-05
143.95,-7.0024e-06
144,-9.5537e-07
144.05,5.1483e-06
144.1,1.0951e-05
144.15,1.6111e-05
144.2,2.0328e-05
144.25,2.3354e-05
144.3,2.5011e-05
144.35,2.5203e-05
144.4,2.3918e-05
144.45,2.1232e-05
144.5,1.7302e-05
144.55,1.2359e-05
144.6,6.6913e-06
144.65,6.3158e-07
144.7,-5.4657e-06
144.75,-1.1244e-05
144.8,-1.6364e-05
144.85,-2.0528e-05
144.9,-2.3491e-05
144.95,-2.5081e-05
145,-2.5204e-05
145.05,-2.3854e-05
145.1,-2.1109e-05
145.15,-1.713e-05
145.2,-1.2149e-05
145.25,-6.4585e-06
145.3,-3.9e-07
145.35,5.7018e-06
145.4,1.1461e-05
145.45,1.6552e-05
145.5,2.0676e-05
145.55,2.3594e-05
145.6,2.5135e-05
145.65,2.521e-05
145.7,2.3813e-05
145.75,2.1027e-05
145.8,1.7015e-05
145.85,1.201e-05
145.9,6.3037e-06
145.95,2.2982e-07
146,-5.8579e-06
146.05,-1.1605e-05
146.1,-1.6676e-05
146.15,-2.0775e-05
146.2,-2.3665e-05
146.25,-2.5176e-05
146.3,-2.5222e-05
146.35,-2.3798e-05
146.4,-2.0989e-05
146.45,-1.6958e-05
146.5,-1.194e-05
146.55,-6.2264e-06
146.6,-1.5018e-07
146.65,5.9352e-06
146.7,1.1676e-05
146.75,1.6738e-05
146.8,2.0827e-05
146.85,2.3705e-05
146.9,2.5205e-05
146.95,2.5241e-05
147,2.381e-05
147.05,2.0995e-05
147.1,1.696e-05
147.15,1.194e-05
147.2,6.226e-06
147.25,1.5017e-07
147.3,-5.9348e-06
147.35,-1.1676e-05
147.4,-1.6739e-05
147.45,-2.0831e-05
147.5,-2.3715e-05
147.55,-2.5223e-05
147.6,-2.5268e-05
147.65,-2.3848e-05
147.7,-2.1044e-05
147.75,-1.702e-05
147.8,-1.2009e-05
147.85,-6.3017e-06
147.9,-2.2887e-07
147.95,5.8576e-06
148,1.1605e-05
148.05,1.668e-05
148.1,2.079e-05
148.15,2.3696e-05
148.2,2.5229e-05
148.25,2.5302e-05
148.3,2.3911e-05
148.35,2.1135e-05
148.4,1.7136e-05
148.45,1.2146e-05
148.5,6.4524e-06
148.55,3.8534e-07
148.6,-5.7043e-06
148.65,-1.1464e-05
148.7,-1.6562e-05
148.75,-2.0702e-05
148.8,-2.3646e-05
148.85,-2.5223e-05
148.9,-2.5343e-05
148.95,-2.3998e-05
149,-2.1268e-05
149.05,-1.7308e-05
149.1,-1.2349e-05
149.15,-6.6767e-06
149.2,-6.1862e-07
149.25,5.4755e-06
149.3,1.1254e-05
149.35,1.6383e-05
149.4,2.0567e-05
149.45,2.3564e-05
149.5,2.5203e-05
149.55,2.5387e-05
149.6,2.4108e-05
149.65,2.1439e-05
149.7,1.7533e-05
149.75,1.2617e-05
149.8,6.9734e-06
149.85,9.2769e-07
149.9,-5.1716e-06
149.95,-1.0973e-05
150,-1.6143e-05
150.05,-2.0383e-05
150.1,-2.345e-05
150.15,-2.5166e-05
150.2,-2.5434e-05
150.25,-2.4237e-05
150.3,-2.1646e-05
150.35,-1.7809e-05
150.4,-1.2947e-05
150.45,-7.3406e-06
150.5,-1.3115e-06
150.55,4.7933e-06
150.6,1.0623e-05
150.65,1.5841e-05
150.7,2.0149e-05
150.75,2.3299e-05
150.8,2.511e-05
150.85,2.5479e-05
150.9,2.4383e-05
150.95,2.1886e-05
151,1.8133e-05
151.05,1.3338e-05
151.1,7.7765e-06
151.15,1.7687e-06
151.2,-4.3407e-06
151.25,-1.0201e-05
151.3,-1.5476e-05
151.35,-1.9863e-05
151.4,-2.3111e-05
151.45,-2.5032e-05
151.5,-2.5518e-05
151.55,-2.4541e-05
151.6,-2.2156e-05
151.65,-1.8501e-05
151.7,-1.3785e-05
151.75,-8.2788e-06
151.8,-2.2981e-06
151.85,3.8143e-06
151.9,9.7083e-06
151.95,1.5046e-05
152,1.9522e-05
152.05,2.288e-05
152.1,2.4928e-05
152.15,2.5549e-05
152.2,2.4707e-05
152.25,2.245e-05
152.3,1.8909e-05
152.35,1.4286e-05
152.4,8.845e-06
152.45,2.8981e-06
152.5,-3.2146e-06
152.55,-9.1435e-06
152.6,-1.455e-05
152.65,-1.9124e-05
152.7,-2.2605e-05
152.75,-2.4793e-05
152.8,-2.5565e-05
152.85,-2.4876e-05
152.9,-2.2765e-05
152.95,-1.9354e-05
153,-1.4837e-05
153.05,-9.4723e-06
153.1,-3.5669e-06
153.15,2.5422e-06
153.2,8.5061e-06
153.25,1.3985e-05
153.3,1.8665e-05
153.35,2.228e-05
153.4,2.4623e-05
153.45,2.5562e-05
153.5,2.5042e-05
153.55,2.3094e-05
153.6,1.9829e-05
153.65,1.5433e-05
153.7,1.0157e-05
153.75,4.3023e-06
153.8,-1.7979e-06
153.85,-7.7956e-06
153.9,-1.3349e-05
153.95,-1.8142e-05
154,-2.1901e-05
154.05,-2.4412e-05
154.1,-2.5534e-05
154.15,-2.52e-05
154.2,-2.3432e-05
154.25,-2.033e-05
154.3,-1.607e-05
154.35,-1.0896e-05
154.4,-5.1018e-06
154.45,9.829e-07
154.5,7.0116e-06
154.55,1.2641e-05
154.6,1.7552e-05
154.65,2.1464e-05
154.7,2.4156e-05
154.75,2.5474e-05
154.8,2.5343e-05
154.85,2.3772e-05
154.9,2.085e-05
154.95,1.6743e-05
155,1.1685e-05
155.05,5.9624e-06
155.1,-9.859e-08
155.15,-6.1539e-06
155.2,-1.186e-05
155.25,-1.6892e-05
155.3,-2.0965e-05
155.35,-2.3847e-05
155.4,-2.5376e-05
155.45,-2.5464e-05
155.5,-2.4108e-05
155.55,-2.1383e-05
155.6,-1.7445e-05
155.65,-1.2518e-05
155.7,-6.8806e-06
155.75,-8.5311e-07
155.8,5.2227e-06
155.85,1.1002e-05
155.9,1.6158e-05
155.95,2.0397e-05
156,2.3481e-05
156.05,2.5233e-05
156.1,2.5556e-05
156.15,2.4431e-05
156.2,2.1922e-05
156.25,1.8171e-05
156.3,1.3391e-05
156.35,7.8525e-06
156.4,1.8698e-06
156.45,-4.2186e-06
156.5,-1.0068e-05
156.55,-1.5347e-05
156.6,-1.9758e-05
156.65,-2.3051e-05
156.7,-2.5039e-05
156.75,-2.5611e-05
156.8,-2.4734e-05
156.85,-2.2458e-05
156.9,-1.8912e-05
156.95,-1.4297e-05
157,-8.8732e-06
157.05,-2.9484e-06
157.1,3.1428e-06
157.15,9.0563e-06
157.2,1.4458e-05
157.25,1.9042e-05
157.3,2.2551e-05
157.35,2.4785e-05
157.4,2.562e-05
157.45,2.5007e-05
157.5,2.2983e-05
157.55,1.9661e-05
157.6,1.5229e-05
157.65,9.9374e-06
157.7,4.0854e-06
157.75,-1.9971e-06
157.8,-7.9666e-06
157.85,-1.3486e-05
157.9,-1.8245e-05
157.95,-2.1975e-05
158,-2.4465e-05
158.05,-2.5575e-05
158.1,-2.5243e-05
158.15,-2.3488e-05
158.2,-2.0409e-05
158.25,-1.618e-05
158.3,-1.1039e-05
158.35,-5.2762e-06
158.4,7.8378e-07
158.45,6.7993e-06
158.5,1.2432e-05
158.55,1.7363e-05
158.6,2.1317e-05
158.65,2.407e-05
158.7,2.5468e-05
158.75,2.5432e-05
158.8,2.3965e-05
158.85,2.1148e-05
158.9,1.7142e-05
158.95,1.2171e-05
159,6.5156e-06
159.05,4.9384e-07
159.1,-5.5554e-06
159.15,-1.1292e-05
159.2,-1.6393e-05
159.25,-2.0572e-05
159.3,-2.3595e-05
159.35,-2.5291e-05
159.4,-2.5565e-05
159.45,-2.4402e-05
159.5,-2.1868e-05
159.55,-1.8105e-05
159.6,-1.3326e-05
159.65,-7.7975e-06
159.7,-1.8317e-06
159.75,4.2367e-06
159.8,1.0067e-05
159.85,1.5332e-05
159.9,1.9735e-05
159.95,2.3031e-05
160,2.5033e-05
160.05,2.5631e-05
160.1,2.479e-05
160.15,2.2558e-05
160.2,1.9061e-05
160.25,1.4494e-05
160.3,9.1148e-06
160.35,3.2247e-06
160.4,-2.846e-06
160.45,-8.7568e-06
160.5,-1.4176e-05
160.55,-1.8801e-05
160.6,-2.2371e-05
160.65,-2.4688e-05
160.7,-2.562e-05
160.75,-2.5117e-05
160.8,-2.3207e-05
160.85,-1.9997e-05
160.9,-1.5667e-05
160.95,-1.046e-05
161,-4.6667e-06
161.05,1.3871e-06
161.1,7.3629e-06
161.15,1.2926e-05
161.2,1.7766e-05
161.25,2.161e-05
161.3,2.4245e-05
161.35,2.5524e-05
161.4,2.5374e-05
161.45,2.3804e-05
161.5,2.0904e-05
161.55,1.6834e-05
161.6,1.1823e-05
161.65,6.1507e-06
161.7,1.3522e-07
161.75,-5.8874e-06
161.8,-1.1581e-05
161.85,-1.6626e-05
161.9,-2.0742e-05
161.95,-2.3699e-05
162,-2.5331e-05
162.05,-2.5548e-05
162.1,-2.4338e-05
162.15,-2.1768e-05
162.2,-1.7983e-05
162.25,-1.3194e-05
162.3,-7.6682e-06
162.35,-1.7148e-06
162.4,4.3339e-06
162.45,1.014e-05
162.5,1.538e-05
162.55,1.9762e-05
162.6,2.304e-05
162.65,2.5033e-05
162.7,2.5629e-05
162.75,2.4795e-05
162.8,2.2578e-05
162.85,1.9103e-05
162.9,1.4562e-05
162.95,9.2098e-06
163,3.3444e-06
163.05,-2.7071e-06
163.1,-8.6072e-06
163.15,-1.4027e-05
163.2,-1.8665e-05
163.25,-2.2263e-05
163.3,-2.462e-05
163.35,-2.5605e-05
163.4,-2.5164e-05
163.45,-2.3321e-05
163.5,-2.018e-05
163.55,-1.5915e-05
163.6,-1.0765e-05
163.65,-5.0152e-06
163.7,1.0131e-06
163.75,6.9845e-06
163.8,1.2567e-05
163.85,1.7449e-05
163.9,2.1361e-05
163.95,2.4083e-05
164,2.5466e-05
164.05,2.5432e-05
164.1,2.3983e-05
164.15,2.1201e-05
164.2,1.724e-05
164.25,1.2321e-05
164.3,6.7173e-06
164.35,7.4057e-07
164.4,-5.2769e-06
164.45,-1.1001e-05
164.5,-1.6112e-05
164.55,-2.0329e-05
164.6,-2.3415e-05
164.65,-2.5201e-05
164.7,-2.5586e-05
164.75,-2.4551e-05
164.8,-2.2152e-05
164.85,-1.8523e-05
164.9,-1.3866e-05
164.95,-8.4392e-06
165,-2.5447e-06
165.05,3.4905e-06
165.1,9.3316e-06
165.15,1.4654e-05
165.2,1.9163e-05
165.25,2.2609e-05
165.3,2.48e-05
165.35,2.5615e-05
165.4,2.5009e-05
165.45,2.3017e-05
165.5,1.9748e-05
165.55,1.5384e-05
165.6,1.0168e-05
165.65,4.3888e-06
165.7,-1.6334e-06
165.75,-7.5646e-06
165.8,-1.3076e-05
165.85,-1.7862e-05
165.9,-2.1659e-05
165.95,-2.4255e-05
166,-2.5507e-05
166.05,-2.5346e-05
166.1,-2.3782e-05
166.15,-2.09e-05
166.2,-1.6862e-05
166.25,-1.189e-05
166.3,-6.2605e-06
166.35,-2.8491e-07
166.4,5.7059e-06
166.45,1.138e-05
166.5,1.6425e-05
166.55,2.056e-05
166.6,2.3557e-05
166.65,2.525e-05
166.7,2.5547e-05
166.75,2.4431e-05
166.8,2.1963e-05
166.85,1.8282e-05
166.9,1.3589e-05
166.95,8.1461e-06
167,2.2531e-06
167.05,-3.764e-06
167.1,-9.5724e-06
167.15,-1.4851e-05
167.2,-1.9309e-05
167.25,-2.2699e-05
167.3,-2.4835e-05
167.35,-2.5599e-05
167.4,-2.4949e-05
167.45,-2.2921e-05
167.5,-1.9627e-05
167.55,-1.5249e-05
167.6,-1.003e-05
167.65,-4.2579e-06
167.7,1.7489e-06
167.75,7.6586e-06
167.8,1.3145e-05
167.85,1.7906e-05
167.9,2.1678e-05
167.95,2.4253e-05
168,2.549e-05
168.05,2.5321e-05
168.1,2.3755e-05
168.15,2.0879e-05
168.2,1.6852e-05
168.25,1.1896e-05
168.3,6.2845e-06
168.35,3.2704e-07
168.4,-5.6479e-06
168.45,-1.1311e-05
168.5,-1.635e-05
168.55,-2.0487e-05
168.6,-2.3495e-05
168.65,-2.5209e-05
168.7,-2.5533e-05
168.75,-2.445e-05
168.8,-2.2021e-05
168.85,-1.8379e-05
168.9,-1.3725e-05
168.95,-8.3162e-06
169,-2.4497e-06
169.05,3.5511e-06
169.1,9.3558e-06
169.15,1.4645e-05
169.2,1.9127e-05
169.25,2.2557e-05
169.3,2.4744e-05
169.35,2.557e-05
169.4,2.4989e-05
169.45,2.3033e-05
169.5,1.9811e-05
169.55,1.5499e-05
169.6,1.0335e-05
169.65,4.6028e-06
169.7,-1.3815e-06
169.75,-7.2893e-06
169.8,-1.2796e-05
169.85,-1.7598e-05
169.9,-2.1433e-05
169.95,-2.4089e-05
170,-2.5421e-05
170.05,-2.5356e-05
170.1,-2.3898e-05
170.15,-2.1127e-05
170.2,-1.7195e-05
170.25,-1.232e-05
170.3,-6.7683e-06
170.35,-8.4549e-07
170.4,5.1231e-06
170.45,1.081e-05
170.5,1.5902e-05
170.55,2.0121e-05
170.6,2.3235e-05
170.65,2.5073e-05
170.7,2.5535e-05
170.75,2.4596e-05
170.8,2.2307e-05
170.85,1.8794e-05
170.9,1.4251e-05
170.95,8.9261e-06
171,3.1123e-06
171.05,-2.8716e-06
171.1,-8.6973e-06
171.15,-1.4045e-05
171.2,-1.8623e-05
171.25,-2.2179e-05
171.3,-2.4518e-05
171.35,-2.5514e-05
171.4,-2.511e-05
171.45,-2.3331e-05
171.5,-2.0273e-05
171.55,-1.6105e-05
171.6,-1.1054e-05
171.65,-5.3991e-06
171.7,5.5142e-07
171.75,6.4711e-06
171.8,1.2036e-05
171.85,1.694e-05
171.9,2.0917e-05
171.95,2.3748e-05
172,2.5278e-05
172.05,2.5424e-05
172.1,2.4179e-05
172.15,2.161e-05
172.2,1.7858e-05
172.25,1.313e-05
172.3,7.6841e-06
172.35,1.8181e-06
172.4,-4.1467e-06
172.45,-9.8839e-06
172.5,-1.508e-05
172.55,-1.945e-05
172.6,-2.2757e-05
172.65,-2.4818e-05
172.7,-2.5522e-05
172.75,-2.4831e-05
172.8,-2.2782e-05
172.85,-1.9488e-05
172.9,-1.5129e-05
172.95,-9.9436e-06
173,-4.2155e-06
173.05,1.7423e-06
173.1,7.6042e-06
173.15,1.305e-05
173.2,1.7782e-05
173.25,2.1542e-05
173.3,2.4126e-05
173.35,2.5391e-05
173.4,2.5269e-05
173.45,2.3767e-05
173.5,2.0968e-05
173.55,1.7025e-05
173.6,1.2152e-05
173.65,6.6169e-06
173.7,7.2106e-07
173.75,-5.2134e-06
173.8,-1.0863e-05
173.85,-1.5919e-05
173.9,-2.0105e-05
173.95,-2.3194e-05
174,-2.5018e-05
174.05,-2.5477e-05
174.1,-2.4546e-05
174.15,-2.2276e-05
174.2,-1.8792e-05
174.25,-1.4283e-05
174.3,-8.9965e-06
174.35,-3.2199e-06
174.4,2.7315e-06
174.45,8.5332e-06
174.5,1.3869e-05
174.55,1.8449e-05
174.6,2.2022e-05
174.65,2.4395e-05
174.7,2.5439e-05
174.75,2.5096e-05
174.8,2.3386e-05
174.85,2.0403e-05
174.9,1.6309e-05
174.95,1.1327e-05
175,5.7283e-06
175.05,-1.8115e-07
175.1,-6.0801e-06
175.15,-1.1647e-05
175.2,-1.658e-05
175.25,-2.0609e-05
175.3,-2.3516e-05
175.35,-2.5143e-05
175.4,-2.5401e-05
175.45,-2.4277e-05
175.5,-2.1832e-05
175.55,-1.82e-05
175.6,-1.3578e-05
175.65,-8.2181e-06
175.7,-2.4118e-06
175.75,3.5249e-06
175.8,9.2692e-06
175.85,1.4509e-05
175.9,1.8959e-05
175.95,2.2377e-05
176,2.4579e-05
176.05,2.5444e-05
176.1,2.4926e-05
176.15,2.3054e-05
176.2,1.9928e-05
176.25,1.5721e-05
176.3,1.0659e-05
176.35,5.0192e-06
176.4,-8.9268e-07
176.45,-6.7553e-06
176.5,-1.225e-05
176.55,-1.7079e-05
176.6,-2.098e-05
176.65,-2.3741e-05
176.7,-2.5212e-05
176.75,-2.5314e-05
176.8,-2.4042e-05
176.85,-2.1465e-05
176.9,-1.7723e-05
176.95,-1.302e-05
177,-7.6103e-06
177.05,-1.7886e-06
177.1,4.1294e-06
177.15,9.8226e-06
177.2,1.4982e-05
177.25,1.9328e-05
177.3,2.2625e-05
177.35,2.4695e-05
177.4,2.5424e-05
177.45,2.4775e-05
177.5,2.2782e-05
177.55,1.9555e-05
177.6,1.5267e-05
177.65,1.0153e-05
177.7,4.4882e-06
177.75,-1.4187e-06
177.8,-7.2479e-06
177.85,-1.2684e-05
177.9,-1.7431e-05
177.95,-2.1233e-05
178,-2.3885e-05
178.05,-2.5242e-05
178.1,-2.5231e-05
178.15,-2.3854e-05
178.2,-2.1184e-05
178.25,-1.7368e-05
178.3,-1.2611e-05
178.35,-7.1727e-06
178.4,-1.3463e-06
178.45,4.5522e-06
178.5,1.0203e-05
178.55,1.5302e-05
178.6,1.9571e-05
178.65,2.278e-05
178.7,2.4756e-05
178.75,2.5392e-05
178.8,2.4654e-05
178.85,2.2582e-05
178.9,1.9288e-05
178.95,1.4952e-05
179,9.8068e-06
179.05,4.1323e-06
179.1,-1.765e-06
179.15,-7.566e-06
179.2,-1.2957e-05
179.25,-1.7647e-05
179.3,-2.1382e-05
179.35,-2.396e-05
179.4,-2.5243e-05
179.45,-2.5161e-05
179.5,-2.3719e-05
179.55,-2.0995e-05
179.6,-1.7137e-05
179.65,-1.2353e-05
179.7,-6.903e-06
179.75,-1.0804e-06
179.8,4.7998e-06
179.85,1.042e-05
179.9,1.5476e-05
179.95,1.9696e-05
180,2.2851e-05
180.05,2.4772e-05
180.1,2.5355e-05
180.15,2.4569e-05
180.2,2.2456e-05
180.25,1.9131e-05
180.3,1.4774e-05
180.35,9.6202e-06
180.4,3.9477e-06
180.45,-1.9371e-06
180.5,-7.7165e-06
180.55,-1.3079e-05
180.6,-1.7734e-05
180.65,-2.1433e-05
180.7,-2.3974e-05
180.75,-2.5222e-05
180.8,-2.5109e-05
180.85,-2.3642e-05
180.9,-2.0899e-05
180.95,-1.7031e-05
181,-1.2244e-05
181.05,-6.7978e-06
181.1,-9.8589e-07
181.15,4.8784e-06
181.2,1.0479e-05
181.25,1.5514e-05
181.3,1.9711e-05
181.35,2.2846e-05
181.4,2.475e-05
181.45,2.5319e-05
181.5,2.4524e-05
181.55,2.2407e-05
181.6,1.9084e-05
181.65,1.4733e-05
181.7,9.5895e-06
181.75,3.9299e-06
181.8,-1.9405e-06
181.85,-7.7056e-06
181.9,-1.3055e-05
181.95,-1.7701e-05
182,-2.1392e-05
182.05,-2.3932e-05
182.1,-2.5183e-05
182.15,-2.5078e-05
182.2,-2.3623e-05
182.25,-2.0897e-05
182.3,-1.7047e-05
182.35,-1.228e-05
182.4,-6.8528e-06
182.45,-1.0577e-06
182.5,4.7934e-06
182.55,1.0386e-05
182.6,1.5419e-05
182.65,1.9621e-05
182.7,2.2768e-05
182.75,2.469e-05
182.8,2.5284e-05
182.85,2.4518e-05
182.9,2.2434e-05
182.95,1.9144e-05
183,1.4825e-05
183.05,9.7101e-06
183.1,4.074e-06
183.15,-1.7804e-06
183.2,-7.5382e-06
183.25,-1.289e-05
183.3,-1.7548e-05
183.35,-2.1263e-05
183.4,-2.3835e-05
183.45,-2.5126e-05
183.5,-2.5066e-05
183.55,-2.3661e-05
183.6,-2.0984e-05
183.65,-1.7181e-05
183.7,-1.2456e-05
183.75,-7.0627e-06
183.8,-1.2909e-06
183.85,4.5494e-06
183.9,1.0145e-05
183.95,1.5194e-05
184,1.9428e-05
184.05,2.2617e-05
184.1,2.4593e-05
184.15,2.5248e-05
184.2,2.4548e-05
184.25,2.2531e-05
184.3,1.9305e-05
184.35,1.5044e-05
184.4,9.9764e-06
184.45,4.3744e-06
184.5,-1.4614e-06
184.55,-7.218e-06
184.6,-1.2587e-05
184.65,-1.7279e-05
184.7,-2.1045e-05
184.75,-2.3681e-05
184.8,-2.5047e-05
184.85,-2.507e-05
184.9,-2.3749e-05
184.95,-2.1155e-05
185,-1.7427e-05
185.05,-1.2766e-05
185.1,-7.4216e-06
185.15,-1.68e-06
185.2,4.1507e-06
185.25,9.7581e-06
185.3,1.4842e-05
185.35,1.913e-05
185.4,2.2392e-05
185.45,2.4454e-05
185.5,2.5206e-05
185.55,2.4608e-05
185.6,2.2692e-05
185.65,1.9561e-05
185.7,1.5383e-05
185.75,1.0382e-05
185.8,4.8255e-06
185.85,-9.8821e-07
185.9,-6.7481e-06
185.95,-1.2146e-05
186,-1.6893e-05
186.05,-2.0734e-05
186.1,-2.3466e-05
186.15,-2.4941e-05
186.2,-2.5082e-05
186.25,-2.388e-05
186.3,-2.1401e-05
186.35,-1.7777e-05
186.4,-1.3203e-05
186.45,-7.9228e-06
186.5,-2.2199e-06
186.55,3.6007e-06
186.6,9.2279e-06
186.65,1.4361e-05
186.7,1.8725e-05
186.75,2.2087e-05
186.8,2.4268e-05
186.85,2.515e-05
186.9,2.4689e-05
186.95,2.2907e-05
187,1.9901e-05
187.05,1.5832e-05
187.1,1.0918e-05
187.15,5.4207e-06
187.2,-3.6533e-07
187.25,-6.1309e-06
187.3,-1.1568e-05
187.35,-1.6386e-05
187.4,-2.0328e-05
187.45,-2.3184e-05
187.5,-2.48e-05
187.55,-2.5092e-05
187.6,-2.4044e-05
187.65,-2.1711e-05
187.7,-1.822e-05
187.75,-1.3756e-05
187.8,-8.5585e-06
187.85,-2.9048e-06
187.9,2.903e-06
187.95,8.555e-06
188,1.3749e-05
188.05,1.8209e-05
188.1,2.1696e-05
188.15,2.4025e-05
188.2,2.5071e-05
188.25,2.4779e-05
188.3,2.3165e-05
188.35,2.0316e-05
188.4,1.6382e-05
188.45,1.1576e-05
188.5,6.1529e-06
188.55,4.0246e-07
188.6,-5.3686e-06
188.65,-1.0852e-05
188.7,-1.5756e-05
188.75,-1.982e-05
188.8,-2.2825e-05
188.85,-2.4613e-05
188.9,-2.5089e-05
188.95,-2.4227e-05
189,-2.2074e-05
189.05,-1.8744e-05
189.1,-1.4416e-05
189.15,-9.32e-06
189.2,-3.7283e-06
189.25,2.0612e-06
189.3,7.7399e-06
189.35,1.3005e-05
189.4,1.7577e-05
189.45,2.1211e-05
189.5,2.3715e-05
189.55,2.4955e-05
189.6,2.4866e-05
189.65,2.3452e-05
189.7,2.079e-05
189.75,1.7021e-05
189.8,1.2346e-05
189.85,7.014e-06
189.9,1.3098e-06
189.95,-4.4632e-06
190,-9.9977e-06
190.05,-1.4999e-05
190.1,-1.9201e-05
190.15,-2.2381e-05
190.2,-2.4368e-05
190.25,-2.5059e-05
190.3,-2.4416e-05
190.35,-2.2473e-05
190.4,-1.9336e-05
190.45,-1.517e-05
190.5,-1.0197e-05
190.55,-4.6831e-06
190.6,1.0792e-06
190.65,6.7832e-06
190.7,1.2125e-05
190.75,1.6822e-05
190.8,2.0623e-05
190.85,2.3327e-05
190.9,2.479e-05
190.95,2.4934e-05
191,2.3753e-05
191.05,2.1309e-05
191.1,1.7733e-05
191.15,1.3215e-05
191.2,7.9946e-06
191.25,2.3506e-06
191.3,-3.4175e-06
191.35,-9.0029e-06
191.4,-1.4109e-05
191.45,-1.8465e-05
191.5,-2.1838e-05
191.55,-2.4051e-05
191.6,-2.4986e-05
191.65,-2.4593e-05
191.7,-2.2894e-05
191.75,-1.9979e-05
191.8,-1.6004e-05
191.85,-1.1179e-05
191.9,-5.7608e-06
191.95,-3.8001e-08
192,5.6859e-06
192.05,1.1107e-05
192.1,1.5937e-05
192.15,1.9921e-05
192.2,2.2846e-05
192.25,2.4558e-05
192.3,2.4966e-05
192.35,2.4049e-05
192.4,2.1856e-05
192.45,1.8503e-05
192.5,1.4169e-05
192.55,9.0838e-06
192.6,3.5173e-06
192.65,-2.2348e-06
192.7,-7.8674e-06
192.75,-1.3082e-05
192.8,-1.7601e-05
192.85,-2.1186e-05
192.9,-2.3647e-05
192.95,-2.4853e-05
193,-2.4741e-05
193.05,-2.3317e-05
193.1,-2.0657e-05
193.15,-1.6901e-05
193.2,-1.2251e-05
193.25,-6.9513e-06
193.3,-1.2842e-06
193.35,4.4499e-06
193.4,9.9473e-06
193.45,1.4916e-05
193.5,1.9094e-05
193.55,2.2259e-05
193.6,2.4244e-05
193.65,2.4944e-05
193.7,2.4322e-05
193.75,2.2411e-05
193.8,1.9314e-05
193.85,1.5193e-05
193.9,1.0269e-05
193.95,4.801e-06
194,-9.2003e-07
194.05,-6.5914e-06
194.1,-1.1913e-05
194.15,-1.6602e-05
194.2,-2.0412e-05
194.25,-2.314e-05
194.3,-2.4642e-05
194.35,-2.4839e-05
194.4,-2.3722e-05
194.45,-2.1348e-05
194.5,-1.7845e-05
194.55,-1.3398e-05
194.6,-8.2425e-06
194.65,-2.6516e-06
194.7,3.0786e-06
194.75,8.645e-06
194.8,1.3753e-05
194.85,1.8132e-05
194.9,2.1551e-05
194.95,2.383e-05
195,2.4847e-05
195.05,2.455e-05
195.1,2.2954e-05
195.15,2.0144e-05
195.2,1.6269e-05
195.25,1.1534e-05
195.3,6.1906e-06
195.35,5.2035e-07
195.4,-5.1765e-06
195.45,-1.0599e-05
195.5,-1.5459e-05
195.55,-1.9502e-05
195.6,-2.2513e-05
195.65,-2.4333e-05
195.7,-2.4867e-05
195.75,-2.4086e-05
195.8,-2.2032e-05
195.85,-1.8815e-05
195.9,-1.4603e-05
195.95,-9.6204e-06
196,-4.1303e-06
196.05,1.5771e-06
196.1,7.2001e-06
196.15,1.2442e-05
196.2,1.7025e-05
196.25,2.0709e-05
196.3,2.3297e-05
196.35,2.4655e-05
196.4,2.4711e-05
196.45,2.3461e-05
196.5,2.0972e-05
196.55,1.7377e-05
196.6,1.2864e-05
196.65,7.6729e-06
196.7,2.0777e-06
196.75,-3.6263e-06
196.8,-9.1379e-06
196.85,-1.4166e-05
196.9,-1.8446e-05
196.95,-2.1751e-05
197,-2.3907e-05
197.05,-2.4802e-05
197.1,-2.4387e-05
197.15,-2.2686e-05
197.2,-1.9787e-05
197.25,-1.5846e-05
197.3,-1.1068e-05
197.35,-5.708e-06
197.4,-4.7402e-08
197.45,5.6147e-06
197.5,1.098e-05
197.55,1.5764e-05
197.6,1.9717e-05
197.65,2.2629e-05
197.7,2.4347e-05
197.75,2.4781e-05
197.8,2.3908e-05
197.85,2.1774e-05
197.9,1.8493e-05
197.95,1.4237e-05
198,9.2319e-06
198.05,3.7406e-06
198.1,-1.9469e-06
198.15,-7.5308e-06
198.2,-1.2717e-05
198.25,-1.7232e-05
198.3,-2.0838e-05
198.35,-2.3345e-05
198.4,-2.4621e-05
198.45,-2.46e-05
198.5,-2.3283e-05
198.55,-2.0739e-05
198.6,-1.7103e-05
198.65,-1.2567e-05
198.7,-7.3694e-06
198.75,-1.7846e-06
198.8,3.8932e-06
198.85,9.365e-06
198.9,1.4343e-05
198.95,1.8564e-05
199,2.1807e-05
199.05,2.3901e-05
199.1,2.4736e-05
199.15,2.4269e-05
199.2,2.2524e-05
199.25,1.9594e-05
199.3,1.5632e-05
199.35,1.0849e-05
199.4,5.4949e-06
199.45,-1.4715e-07
199.5,-5.7805e-06
199.55,-1.1109e-05
199.6,-1.5851e-05
199.65,-1.9759e-05
199.7,-2.2626e-05
199.75,-2.4302e-05
199.8,-2.47e-05
199.85,-2.3797e-05
199.9,-2.1643e-05
199.95,-1.8351e-05
200,-1.4094e-05
200.05,-9.0965e-06
200.1,-3.6214e-06
200.15,2.0432e-06
200.2,7.5993e-06
200.25,1.2755e-05
200.3,1.7239e-05
200.35,2.0815e-05
200.4,2.3297e-05
200.45,2.4553e-05
200.5,2.4518e-05
200.55,2.3194e-05
200.6,2.0652e-05
200.65,1.7024e-05
200.7,1.2502e-05
200.75,7.3232e-06
200.8,1.7608e-06
200.85,-3.8931e-06
200.9,-9.3414e-06
200.95,-1.4298e-05
201,-1.8502e-05
201.05,-2.1734e-05
201.1,-2.3823e-05
201.15,-2.466e-05
201.2,-2.4201e-05
201.25,-2.2471e-05
201.3,-1.9561e-05
201.35,-1.5624e-05
201.4,-1.0868e-05
201.45,-5.541e-06
201.5,7.5761e-08
201.55,5.6875e-06
201.6,1.1e-05
201.65,1.5733e-05
201.7,1.964e-05
201.75,2.2515e-05
201.8,2.4207e-05
201.85,2.4628e-05
201.9,2.3756e-05
201.95,2.1638e-05
202,1.8384e-05
202.05,1.4165e-05
202.1,9.2043e-06
202.15,3.7611e-06
202.2,-1.8784e-06
202.25,-7.4184e-06
202.3,-1.2568e-05
202.35,-1.7057e-05
202.4,-2.0651e-05
202.45,-2.316e-05
202.5,-2.4454e-05
202.55,-2.4465e-05
202.6,-2.3193e-05
202.65,-2.0704e-05
202.7,-1.713e-05
202.75,-1.2658e-05
202.8,-7.5228e-06
202.85,-1.9942e-06
202.9,3.6381e-06
202.95,9.0786e-06
203,1.4042e-05
203.05,1.8268e-05
203.1,2.1536e-05
203.15,2.3674e-05
203.2,2.4571e-05
203.25,2.4179e-05
203.3,2.2521e-05
203.35,1.9682e-05
203.4,1.5812e-05
203.45,1.1114e-05
203.5,5.8339e-06
203.55,2.4956e-07
203.6,-5.3469e-06
203.65,-1.0662e-05
203.7,-1.5418e-05
203.75,-1.9365e-05
203.8,-2.2296e-05
203.85,-2.406e-05
203.9,-2.4562e-05
203.95,-2.3778e-05
204,-2.1748e-05
204.05,-1.858e-05
204.1,-1.4439e-05
204.15,-9.5426e-06
204.2,-4.1474e-06
204.25,1.464e-06
204.3,6.9977e-06
204.35,1.2164e-05
204.4,1.6693e-05
204.45,2.0346e-05
204.5,2.2934e-05
204.55,2.4321e-05
204.6,2.4434e-05
204.65,2.3269e-05
204.7,2.0885e-05
204.75,1.7409e-05
