0,0
0.05,0
0.1,0
0.15,0
0.2,0
0.25,0
0.3,0
0.35,0
0.4,0
0.45,0
0.5,0
0.55,0
0.6,0
0.65,0
0.7,0
0.75,0
0.8,0
0.85,0
0.9,0
0.95,0
1,0
1.05,0
1.1,0
1.15,0
1.2,0
1.25,0
1.3,0
1.35,0
1.4,0
1.45,0
1.5,0
1.55,0
1.6,0
1.65,0
1.7,0
1.75,0
1.8,0
1.85,0
1.9,0
1.95,0
2,0
2.05,0
2.1,0
2.15,0
2.2,0
2.25,0
2.3,0
2.35,0
2.4,0
2.45,0
2.5,0
2.55,0
2.6,0
2.65,0
2.7,0
2.75,0
2.8,0
2.85,0
2.9,0
2.95,0
3,0
3.05,0
3.1,0
3.15,0
3.2,0
3.25,0
3.3,0
3.35,0
3.4,0
3.45,0
3.5,0
3.55,0
3.6,0
3.65,0
3.7,0
3.75,0
3.8,0
3.85,0
3.9,0
3.95,0
4,0
4.05,0
4.1,0
4.15,0
4.2,0
4.25,0
4.3,0
4.35,0
4.4,0
4.45,0
4.5,0
4.55,0
4.6,0
4.65,0
4.7,0
4.75,0
4.8,0
4.85,0
4.9,0
4.95,0
5,0
5.05,0
5.1,0
5.15,0
5.2,0
5.25,0
5.3,0
5.35,0
5.4,0
5.45,0
5.5,0
5.55,0
5.6,0
5.65,0
5.7,0
5.75,0
5.8,0
5.85,0
5.9,0
5.95,0
6,0
6.05,0
6.1,0
6.15,0
6.2,0
6.25,0
6.3,0
6.35,0
6.4,0
6.45,0
6.5,0
6.55,0
6.6,0
6.65,0
6.7,0
6.75,0
6.8,0
6.85,0
6.9,0
6.95,0
7,0
7.05,0
7.1,0
7.15,0
7.2,0
7.25,0
7.3,0
7.35,0
7.4,0
7.45,0
7.5,0
7.55,0
7.6,0
7.65,0
7.7,0
7.75,0
7.8,0
7.85,0
7.9,0
7.95,0
8,0
8.05,0
8.1,0
8.15,0
8.2,0
8.25,0
8.3,0
8.35,0
8.4,0
8.45,0
8.5,0
8.55,0
8.6,0
8.65,0
8.7,0
8.75,0
8.8,0
8.85,0
8.9,0
8.95,0
9,0
9.05,0
9.1,0
9.15,0
9.2,0
9.25,0
9.3,0
9.35,0
9.4,0
9.45,0
9.5,0
9.55,0
9.6,0
9.65,0
9.7,0
9.75,0
9.8,0
9.85,0
9.9,0
9.95,0
10,0
10.05,0
10.1,0
10.15,0
10.2,0
10.25,0
10.3,0
10.35,0
10.4,0
10.45,0
10.5,0
10.55,0
10.6,0
10.65,0
10.7,0
10.75,0
10.8,0
10.85,0
10.9,0
10.95,0
11,0
11.05,0
11.1,0
11.15,0
11.2,0
11.25,0
11.3,0
11.35,0
11.4,0
11.45,0
11.5,0
11.55,0
11.6,0
11.65,0
11.7,0
11.75,0
11.8,0
11.85,0
11.9,0
11.95,0
12,0
12.05,0
12.1,0
12.15,0
12.2,0
12.25,0
12.3,0
12.35,0
12.4,0
12.45,0
12.5,0
12.55,0
12.6,0
12.65,0
12.7,0
12.75,0
12.8,0
12.85,0
12.9,0
12.95,0
13,0
13.05,0
13.1,0
13.15,0
13.2,0
13.25,0
13.3,0
13.35,0
13.4,0
13.45,0
13.5,0
13.55,0
13.6,0
13.65,0
13.7,0
13.75,0
13.8,0
13.85,0
13.9,0
13.95,0
14,0
14.05,0
14.1,0
14.15,0
14.2,0
14.25,0
14.3,0
14.35,0
14.4,0
14.45,0
14.5,0
14.55,0
14.6,0
14.65,0
14.7,0
14.75,0
14.8,0
14.85,0
14.9,0
14.95,0
15,0
15.05,0
15.1,0
15.15,0
15.2,0
15.25,0
15.3,0
15.35,0
15.4,0
15.45,0
15.5,0
15.55,0
15.6,0
15.65,0
15.7,0
15.75,0
15.8,0
15.85,0
15.9,0
15.95,0
16,0
16.05,0
16.1,0
16.15,0
16.2,0
16.25,0
16.3,0
16.35,0
16.4,0
16.45,0
16.5,0
16.55,0
16.6,0
16.65,0
16.7,0
16.75,0
16.8,0
16.85,0
16.9,0
16.95,0
17,0
17.05,0
17.1,0
17.15,0
17.2,0
17.25,0
17.3,0
17.35,0
17.4,0
17.45,0
17.5,0
17.55,0
17.6,0
17.65,0
17.7,0
17.75,0
17.8,0
17.85,0
17.9,0
17.95,0
18,0
18.05,0
18.1,0
18.15,0
18.2,0
18.25,0
18.3,0
18.35,0
18.4,0
18.45,0
18.5,0
18.55,0
18.6,0
18.65,0
18.7,0
18.75,0
18.8,0
18.85,0
18.9,0
18.95,0
19,0
19.05,0
19.1,0
19.15,0
19.2,0
19.25,0
19.3,0
19.35,0
19.4,0
19.45,0
19.5,0
19.55,0
19.6,0
19.65,0
19.7,0
19.75,0
19.8,0
19.85,0
19.9,0
19.95,0
20,0
20.05,0
20.1,0
20.15,0
20.2,0
20.25,0
20.3,0
20.35,0
20.4,0
20.45,0
20.5,0
20.55,0
20.6,0
20.65,0
20.7,0
20.75,0
20.8,0
20.85,0
20.9,0
20.95,0
21,0
21.05,0
21.1,0
21.15,0
21.2,0
21.25,0
21.3,0
21.35,0
21.4,0
21.45,0
21.5,0
21.55,0
21.6,0
21.65,0
21.7,0
21.75,0
21.8,0
21.85,0
21.9,0
21.95,0
22,0
22.05,0
22.1,0
22.15,0
22.2,0
22.25,0
22.3,0
22.35,0
22.4,0
22.45,0
22.5,0
22.55,0
22.6,0
22.65,0
22.7,0
22.75,0
22.8,0
22.85,0
22.9,0
22.95,0
23,0
23.05,0
23.1,0
23.15,0
23.2,0
23.25,0
23.3,0
23.35,0
23.4,0
23.45,0
23.5,0
23.55,0
23.6,0
23.65,0
23.7,0
23.75,0
23.8,0
23.85,0
23.9,0
23.95,0
24,0
24.05,0
24.1,0
24.15,0
24.2,0
24.25,0
24.3,0
24.35,0
24.4,0
24.45,0
24.5,0
24.55,0
24.6,0
24.65,0
24.7,0
24.75,0
24.8,0
24.85,0
24.9,0
24.95,0
25,0
25.05,0
25.1,0
25.15,0
25.2,0
25.25,0
25.3,0
25.35,0
25.4,0
25.45,0
25.5,0
25.55,0
25.6,0
25.65,0
25.7,0
25.75,0
25.8,0
25.85,0
25.9,0
25.95,0
26,0
26.05,0
26.1,0
26.15,0
26.2,0
26.25,0
26.3,0
26.35,0
26.4,0
26.45,0
26.5,0
26.55,0
26.6,0
26.65,0
26.7,0
26.75,0
26.8,0
26.85,0
26.9,0
26.95,0
27,0
27.05,0
27.1,0
27.15,0
27.2,0
27.25,0
27.3,0
27.35,0
27.4,0
27.45,0
27.5,0
27.55,0
27.6,0
27.65,0
27.7,0
27.75,0
27.8,0
27.85,0
27.9,0
27.95,0
28,0
28.05,0
28.1,0
28.15,0
28.2,0
28.25,0
28.3,0
28.35,0
28.4,0
28.45,0
28.5,0
28.55,0
28.6,0
28.65,0
28.7,0
28.75,0
28.8,0
28.85,0
28.9,0
28.95,0
29,0
29.05,0
29.1,0
29.15,0
29.2,0
29.25,0
29.3,0
29.35,0
29.4,0
29.45,0
29.5,0
29.55,0
29.6,0
29.65,0
29.7,0
29.75,0
29.8,0
29.85,0
29.9,0
29.95,0
30,0
30.05,0
30.1,0
30.15,0
30.2,0
30.25,0
30.3,0
30.35,0
30.4,0
30.45,0
30.5,0
30.55,0
30.6,0
30.65,0
30.7,0
30.75,0
30.8,0
30.85,0
30.9,0
30.95,0
31,0
31.05,0
31.1,0
31.15,0
31.2,0
31.25,0
31.3,0
31.35,0
31.4,0
31.45,0
31.5,0
31.55,0
31.6,0
31.65,0
31.7,0
31.75,0
31.8,0
31.85,0
31.9,0
31.95,0
32,0
32.05,0
32.1,0
32.15,0
32.2,0
32.25,0
32.3,0
32.35,0
32.4,0
32.45,0
32.5,0
32.55,0
32.6,0
32.65,0
32.7,0
32.75,0
32.8,0
32.85,0
32.9,0
32.95,0
33,0
33.05,0
33.1,0
33.15,0
33.2,0
33.25,0
33.3,0
33.35,-2.3589e-06
33.4,-1.5135e-05
33.45,-1.5818e-05
33.5,6.0294e-07
33.55,3.6956e-05
33.6,-2.055e-06
33.65,-4.0706e-05
33.7,-7.213e-05
33.75,-9.0434e-05
33.8,-9.1909e-05
33.85,-7.6335e-05
33.9,-4.6772e-05
33.95,-8.6889e-06
34,3.0734e-05
34.05,6.394e-05
34.1,8.4729e-05
34.15,8.927e-05
34.2,7.6665e-05
34.25,4.9342e-05
34.3,1.2583e-05
34.35,-2.6681e-05
34.4,-6.1051e-05
34.45,-8.3968e-05
34.5,-9.1121e-05
34.55,-8.1233e-05
34.6,-5.6153e-05
34.65,-2.0608e-05
34.7,1.8633e-05
34.75,5.4182e-05
34.8,7.939e-05
34.85,8.9495e-05
34.9,8.2611e-05
34.95,6.0109e-05
35,2.6244e-05
35.05,-1.2618e-05
35.1,-4.9121e-05
35.15,-7.6396e-05
35.2,-8.9363e-05
35.25,-8.5592e-05
35.3,-6.5797e-05
35.35,-3.3752e-05
35.4,4.5078e-06
35.45,4.1819e-05
35.5,7.1167e-05
35.55,8.7053e-05
35.6,8.6548e-05
35.65,6.9774e-05
35.7,3.9885e-05
35.75,2.5244e-06
35.8,-3.5293e-05
35.85,-6.6506e-05
35.9,-8.5279e-05
35.95,-8.8106e-05
36,-7.4505e-05
36.05,-4.7048e-05
36.1,-1.0875e-05
36.15,2.7234e-05
36.2,6.015e-05
36.25,8.1755e-05
36.3,8.8039e-05
36.35,7.7845e-05
36.4,5.3116e-05
36.45,1.8498e-05
36.5,-1.9557e-05
36.55,-5.3944e-05
36.6,-7.8258e-05
36.65,-8.8003e-05
36.7,-8.1392e-05
36.75,-5.9675e-05
36.8,-2.6926e-05
36.85,1.0741e-05
36.9,4.633e-05
36.95,7.3229e-05
37,8.6454e-05
37.05,8.3585e-05
37.1,6.5187e-05
37.15,3.4694e-05
37.2,-2.2089e-06
37.25,-3.8664e-05
37.3,-6.7924e-05
37.35,-8.4581e-05
37.4,-8.5567e-05
37.45,-7.0737e-05
37.5,-4.2868e-05
37.55,-7.1322e-06
37.6,2.9843e-05
37.65,6.1215e-05
37.7,8.1206e-05
37.75,8.6145e-05
37.8,7.5144e-05
37.85,5.0271e-05
37.9,1.6147e-05
37.95,-2.0925e-05
38,-5.4095e-05
38.05,-7.7255e-05
38.1,-8.6163e-05
38.15,-7.9205e-05
38.2,-5.7689e-05
38.25,-2.5611e-05
38.3,1.1107e-05
38.35,4.5707e-05
38.4,7.1827e-05
38.45,8.4682e-05
38.5,8.1943e-05
38.55,6.4142e-05
38.6,3.4576e-05
38.65,-1.2991e-06
38.7,-3.689e-05
38.75,-6.5673e-05
38.8,-8.2381e-05
38.85,-8.3975e-05
38.9,-7.0201e-05
38.95,-4.3608e-05
39,-9.0897e-06
39.05,2.7016e-05
39.1,5.8103e-05
39.15,7.85e-05
39.2,8.4496e-05
39.25,7.5028e-05
39.3,5.1861e-05
39.35,1.925e-05
39.4,-1.6833e-05
39.45,-4.979e-05
39.5,-7.3622e-05
39.55,-8.4004e-05
39.6,-7.9067e-05
39.65,-5.9745e-05
39.7,-2.9592e-05
39.75,5.8862e-06
39.8,4.0219e-05
39.85,6.7159e-05
39.9,8.1828e-05
39.95,8.1587e-05
40,6.6505e-05
40.05,3.936e-05
40.1,5.1094e-06
40.15,-3.0022e-05
40.2,-5.9653e-05
40.25,-7.8418e-05
40.3,-8.2946e-05
40.35,-7.2443e-05
40.4,-4.8841e-05
40.45,-1.645e-05
40.5,1.8848e-05
40.55,5.0665e-05
40.6,7.3246e-05
40.65,8.2529e-05
40.7,7.6872e-05
40.75,5.7324e-05
40.8,2.7446e-05
40.85,-7.3376e-06
40.9,-4.0741e-05
40.95,-6.6745e-05
41,-8.0671e-05
41.05,-8.0034e-05
41.1,-6.4989e-05
41.15,-3.8273e-05
41.2,-4.7211e-06
41.25,2.9605e-05
41.3,5.8531e-05
41.35,7.687e-05
41.4,8.1342e-05
41.45,7.1178e-05
41.5,4.8242e-05
41.55,1.6676e-05
41.6,-1.7834e-05
41.65,-4.9081e-05
41.7,-7.1474e-05
41.75,-8.102e-05
41.8,-7.6029e-05
41.85,-5.7435e-05
41.9,-2.8603e-05
41.95,5.2912e-06
42,3.8165e-05
42.05,6.4135e-05
42.1,7.8585e-05
42.15,7.8952e-05
42.2,6.5201e-05
42.25,3.9829e-05
42.3,7.3901e-06
42.35,-2.6316e-05
42.4,-5.5265e-05
42.45,-7.4306e-05
42.5,-8.0078e-05
42.55,-7.1574e-05
42.6,-5.0344e-05
42.65,-2.0205e-05
42.7,1.3465e-05
42.75,4.4669e-05
42.8,6.7856e-05
42.85,7.8929e-05
42.9,7.5954e-05
42.95,5.9484e-05
43,3.248e-05
43.05,-2.3449e-07
43.1,-3.2852e-05
43.15,-5.9584e-05
43.2,-7.5702e-05
43.25,-7.8384e-05
43.3,-6.7186e-05
43.35,-4.4117e-05
43.4,-1.3298e-05
43.45,1.9802e-05
43.5,4.9332e-05
43.55,7.0073e-05
43.6,7.8382e-05
43.65,7.2831e-05
43.7,5.4427e-05
43.75,2.6448e-05
43.8,-6.139e-06
43.85,-3.7582e-05
43.9,-6.2344e-05
43.95,-7.6073e-05
44,-7.6381e-05
44.05,-6.3254e-05
44.1,-3.9025e-05
44.15,-7.9893e-06
44.2,2.4376e-05
44.25,5.2387e-05
44.3,7.1132e-05
44.35,7.7337e-05
44.4,6.9953e-05
44.45,5.0307e-05
44.5,2.1872e-05
44.55,-1.0339e-05
44.6,-4.0672e-05
44.65,-6.3825e-05
44.7,-7.5756e-05
44.75,-7.4405e-05
44.8,-6.0051e-05
44.85,-3.523e-05
44.9,-4.3068e-06
44.95,2.7291e-05
45,5.4052e-05
45.05,7.1316e-05
45.1,7.6088e-05
45.15,6.7575e-05
45.2,4.7298e-05
45.25,1.8813e-05
45.3,-1.2889e-05
45.35,-4.2278e-05
45.4,-6.4252e-05
45.45,-7.5002e-05
45.5,-7.2684e-05
45.55,-5.7746e-05
45.6,-3.2811e-05
45.65,-2.233e-06
45.7,2.8655e-05
45.75,5.4497e-05
45.8,7.0827e-05
45.85,7.4831e-05
45.9,6.5852e-05
45.95,4.5485e-05
46,1.7279e-05
46.05,-1.3857e-05
46.1,-4.2525e-05
46.15,-6.3781e-05
46.2,-7.3967e-05
46.25,-7.1347e-05
46.3,-5.6419e-05
46.35,-3.1787e-05
46.4,-1.7268e-06
46.45,2.8553e-05
46.5,5.3836e-05
46.55,6.9783e-05
46.6,7.3661e-05
46.65,6.4843e-05
46.7,4.4884e-05
46.75,1.7241e-05
46.8,-1.3305e-05
46.85,-4.1492e-05
46.9,-6.2492e-05
46.95,-7.2713e-05
47,-7.0425e-05
47.05,-5.6067e-05
47.1,-3.2128e-05
47.15,-2.737e-06
47.2,2.7044e-05
47.25,5.212e-05
47.3,6.8211e-05
47.35,7.2581e-05
47.4,6.4522e-05
47.45,4.5449e-05
47.5,1.8644e-05
47.55,-1.1282e-05
47.6,-3.921e-05
47.65,-6.0386e-05
47.7,-7.1209e-05
47.75,-6.9861e-05
47.8,-5.6616e-05
47.85,-3.3757e-05
47.9,-5.2053e-06
47.95,2.4154e-05
48,4.9332e-05
48.05,6.6055e-05
48.1,7.1498e-05
48.15,6.4779e-05
48.2,4.707e-05
48.25,2.1405e-05
48.3,-7.8283e-06
48.35,-3.5663e-05
48.4,-5.739e-05
48.45,-6.9335e-05
48.5,-6.9507e-05
48.55,-5.7917e-05
48.6,-3.6552e-05
48.65,-9.0598e-06
48.7,1.9888e-05
48.75,4.5403e-05
48.8,6.3179e-05
48.85,7.0234e-05
48.9,6.5419e-05
48.95,4.9573e-05
49,2.5402e-05
49.05,-2.9869e-06
49.1,-3.0806e-05
49.15,-5.3371e-05
49.2,-6.6891e-05
49.25,-6.9129e-05
49.3,-5.9739e-05
49.35,-4.0329e-05
49.4,-1.4199e-05
49.45,1.4244e-05
49.5,4.0225e-05
49.55,5.9381e-05
49.6,6.8526e-05
49.65,6.6161e-05
49.7,5.2708e-05
49.75,3.0462e-05
49.8,3.1748e-06
49.85,-2.458e-05
49.9,-4.8151e-05
49.95,-6.361e-05
50,-6.8408e-05
50.05,-6.1767e-05
50.1,-4.4832e-05
50.15,-2.047e-05
50.2,7.2433e-06
50.25,3.3673e-05
50.3,5.4414e-05
50.35,6.6039e-05
50.4,6.6636e-05
50.45,5.6137e-05
50.5,3.6331e-05
50.55,1.0535e-05
50.6,-1.6948e-05
50.65,-4.1539e-05
50.7,-5.9173e-05
50.75,-6.6945e-05
50.8,-6.359e-05
50.85,-4.9709e-05
50.9,-2.7633e-05
50.95,-1.0381e-06
51,2.5649e-05
51.05,4.8017e-05
51.1,6.2384e-05
51.15,6.6392e-05
51.2,5.9419e-05
51.25,4.2652e-05
51.3,1.8884e-05
51.35,-7.9338e-06
51.4,-3.3369e-05
51.45,-5.324e-05
51.5,-6.4283e-05
51.55,-6.4712e-05
51.6,-5.4493e-05
51.65,-3.5336e-05
51.7,-1.0426e-05
51.75,1.6123e-05
51.8,3.9951e-05
51.85,5.7147e-05
51.9,6.4911e-05
51.95,6.2007e-05
52,4.8938e-05
52.05,2.7883e-05
52.1,2.3223e-06
52.15,-2.3552e-05
52.2,-4.55e-05
52.25,-5.994e-05
52.3,-6.4547e-05
52.35,-5.8592e-05
52.4,-4.3084e-05
52.45,-2.0594e-05
52.5,5.1936e-06
52.55,3.0057e-05
52.6,4.9944e-05
52.65,6.1636e-05
52.7,6.3254e-05
52.75,5.4565e-05
52.8,3.7026e-05
52.85,1.3512e-05
52.9,-1.2132e-05
52.95,-3.5728e-05
53,-5.3459e-05
53.05,-6.2463e-05
53.1,-6.1305e-05
53.15,-5.0217e-05
53.2,-3.1023e-05
53.25,-6.8611e-06
53.3,1.8334e-05
53.35,4.0489e-05
53.4,5.6027e-05
53.45,6.2456e-05
53.5,5.8775e-05
53.55,4.5609e-05
53.6,2.5116e-05
53.65,6.3377e-07
53.7,-2.3881e-05
53.75,-4.4475e-05
53.8,-5.784e-05
53.85,-6.1856e-05
53.9,-5.5905e-05
53.95,-4.0978e-05
54,-1.9513e-05
54.05,5.0235e-06
54.1,2.8677e-05
54.15,4.7648e-05
54.2,5.8917e-05
54.25,6.0699e-05
54.3,5.2741e-05
54.35,3.6358e-05
54.4,1.4199e-05
54.45,-1.0167e-05
54.5,-3.2829e-05
54.55,-5.0177e-05
54.6,-5.9452e-05
54.65,-5.92e-05
54.7,-4.9502e-05
54.75,-3.1933e-05
54.8,-9.3276e-06
54.85,1.469e-05
54.9,3.6293e-05
54.95,5.2045e-05
55,5.9459e-05
55.05,5.7391e-05
55.1,4.6198e-05
55.15,2.7697e-05
55.2,4.8549e-06
55.25,-1.8691e-05
55.3,-3.9195e-05
55.35,-5.3417e-05
55.4,-5.913e-05
55.45,-5.5453e-05
55.5,-4.3008e-05
55.55,-2.3798e-05
55.6,-8.8242e-07
55.65,2.2094e-05
55.7,4.1504e-05
55.75,5.4294e-05
55.8,5.8466e-05
55.85,5.3397e-05
55.9,3.9922e-05
55.95,2.0192e-05
56,-2.6547e-06
56.05,-2.501e-05
56.1,-4.336e-05
56.15,-5.4825e-05
56.2,-5.7636e-05
56.25,-5.138e-05
56.3,-3.7073e-05
56.35,-1.6997e-05
56.4,5.6804e-06
56.45,2.7391e-05
56.5,4.4732e-05
56.55,5.5007e-05
56.6,5.6632e-05
56.65,4.9384e-05
56.7,3.4436e-05
56.75,1.415e-05
56.8,-8.2813e-06
56.85,-2.9343e-05
56.9,-4.5757e-05
56.95,-5.4976e-05
57,-5.5591e-05
57.05,-4.7543e-05
57.1,-3.2114e-05
57.15,-1.1739e-05
57.2,1.0391e-05
57.25,3.0831e-05
57.3,4.6404e-05
57.35,5.4713e-05
57.4,5.4497e-05
57.45,4.5818e-05
57.5,3.0061e-05
57.55,9.6955e-06
57.6,-1.2106e-05
57.65,-3.1956e-05
57.7,-4.6792e-05
57.75,-5.434e-05
57.8,-5.3456e-05
57.85,-4.4316e-05
57.9,-2.8362e-05
57.95,-8.084e-06
58,1.3367e-05
58.05,3.2682e-05
58.1,4.6889e-05
58.15,5.3819e-05
58.2,5.2438e-05
58.25,4.2986e-05
58.3,2.6954e-05
58.35,6.8347e-06
58.4,-1.4268e-05
58.45,-3.3104e-05
58.5,-4.6793e-05
58.55,-5.3257e-05
58.6,-5.1529e-05
58.65,-4.1913e-05
58.7,-2.5912e-05
58.75,-5.9996e-06
58.8,1.4755e-05
58.85,3.318e-05
58.9,4.6465e-05
58.95,5.26e-05
59,5.0683e-05
59.05,4.1035e-05
59.1,2.516e-05
59.15,5.5084e-06
59.2,-1.4915e-05
59.25,-3.2993e-05
59.3,-4.5984e-05
59.35,-5.1936e-05
59.4,-4.9967e-05
59.45,-4.0416e-05
59.5,-2.4762e-05
59.55,-5.4063e-06
59.6,1.4695e-05
59.65,3.2494e-05
59.7,4.5302e-05
59.75,5.1198e-05
59.8,4.9322e-05
59.85,3.9988e-05
59.9,2.4639e-05
59.95,5.6237e-06
60,-1.4174e-05
60.05,-3.1757e-05
60.1,-4.4483e-05
60.15,-5.0456e-05
60.2,-4.88e-05
60.25,-3.98e-05
60.3,-2.4842e-05
60.35,-6.2013e-06
60.4,1.3298e-05
60.45,3.0725e-05
60.5,4.3469e-05
60.55,4.9634e-05
60.6,4.8328e-05
60.65,3.9774e-05
60.7,2.5289e-05
60.75,7.0703e-06
60.8,-1.2141e-05
60.85,-2.9461e-05
60.9,-4.2309e-05
60.95,-4.8784e-05
61,-4.7943e-05
61.05,-3.9948e-05
61.1,-2.6021e-05
61.15,-8.2663e-06
61.2,1.0649e-05
61.25,2.7906e-05
61.3,4.0937e-05
61.35,4.7822e-05
61.4,4.7566e-05
61.45,4.0235e-05
61.5,2.6953e-05
61.55,9.7193e-06
61.6,-8.893e-06
61.65,-2.6111e-05
61.7,-3.9392e-05
61.75,-4.6784e-05
61.8,-4.7216e-05
61.85,-4.066e-05
61.9,-2.8112e-05
61.95,-1.1459e-05
62,6.82e-06
62.05,2.402e-05
62.1,3.7602e-05
62.15,4.5581e-05
62.2,4.6807e-05
62.25,4.1125e-05
62.3,2.941e-05
62.35,1.341e-05
62.4,-4.5016e-06
62.45,-2.1677e-05
62.5,-3.5601e-05
62.55,-4.4238e-05
62.6,-4.6346e-05
62.65,-4.1647e-05
62.7,-3.0858e-05
62.75,-1.5593e-05
62.8,1.894e-06
62.85,1.9032e-05
62.9,3.3313e-05
62.95,4.2664e-05
63,4.5739e-05
63.05,4.2118e-05
63.1,3.2363e-05
63.15,1.7923e-05
63.2,9.294e-07
63.25,-1.6131e-05
63.3,-3.0773e-05
63.35,-4.0872e-05
63.4,-4.4985e-05
63.45,-4.2538e-05
63.5,-3.392e-05
63.55,-2.0412e-05
63.6,-3.9952e-06
63.65,1.2929e-05
63.7,2.7908e-05
63.75,3.8778e-05
63.8,4.3982e-05
63.85,4.2798e-05
63.9,3.5424e-05
63.95,2.2957e-05
64,7.2247e-06
64.05,-9.4874e-06
64.1,-2.4758e-05
64.15,-3.6392e-05
64.2,-4.2731e-05
64.25,-4.2882e-05
64.3,-3.6859e-05
64.35,-2.5554e-05
64.4,-1.0622e-05
64.45,5.7719e-06
64.5,2.1266e-05
64.55,3.3637e-05
64.6,4.1125e-05
64.65,4.268e-05
64.7,3.8105e-05
64.75,2.809e-05
64.8,1.4093e-05
64.85,-1.862e-06
64.9,-1.748e-05
64.95,-3.0534e-05
65,-3.9166e-05
65.05,-4.2168e-05
65.1,-3.9138e-05
65.15,-3.0537e-05
65.2,-1.7622e-05
65.25,-2.2516e-06
65.3,1.337e-05
65.35,2.7018e-05
65.4,3.6762e-05
65.45,4.1234e-05
65.5,3.9828e-05
65.55,3.2769e-05
65.6,2.1089e-05
65.65,6.4705e-06
65.7,-9.0031e-06
65.75,-2.3131e-05
65.8,-3.3921e-05
65.85,-3.9863e-05
65.9,-4.0139e-05
65.95,-3.4741e-05
66,-2.4458e-05
66.05,-1.0769e-05
66.1,4.377e-06
66.15,1.8837e-05
66.2,3.0574e-05
66.25,3.795e-05
66.3,3.9949e-05
66.35,3.6313e-05
66.4,2.7588e-05
66.45,1.5023e-05
66.5,4.0417e-07
66.55,-1.4204e-05
66.6,-2.6755e-05
66.65,-3.5494e-05
66.7,-3.922e-05
66.75,-3.7435e-05
66.8,-3.0417e-05
66.85,-1.9177e-05
66.9,-5.3067e-06
66.95,9.2388e-06
67,2.2426e-05
67.05,3.2421e-05
67.1,3.7844e-05
67.15,3.7965e-05
67.2,3.2792e-05
67.25,2.3076e-05
67.3,1.0193e-05
67.35,-4.0495e-06
67.4,-1.766e-05
67.45,-2.8756e-05
67.5,-3.5805e-05
67.55,-3.7851e-05
67.6,-3.4638e-05
67.65,-2.6637e-05
67.7,-1.4986e-05
67.75,-1.314e-06
67.8,1.2473e-05
67.85,2.4469e-05
67.9,3.3024e-05
67.95,3.6974e-05
68,3.58e-05
68.05,2.9689e-05
68.1,1.9512e-05
68.15,6.6951e-06
68.2,-6.9849e-06
68.25,-1.9636e-05
68.3,-2.9525e-05
68.35,-3.5307e-05
68.4,-3.6207e-05
68.45,-3.2131e-05
68.5,-2.3663e-05
68.55,-1.1991e-05
68.6,1.2677e-06
68.65,1.4288e-05
68.7,2.5285e-05
68.75,3.2768e-05
68.8,3.5729e-05
68.85,3.379e-05
68.9,2.7243e-05
68.95,1.7005e-05
69,4.4985e-06
69.05,-8.562e-06
69.1,-2.039e-05
69.15,-2.9382e-05
69.2,-3.4329e-05
69.25,-3.4579e-05
69.3,-3.0125e-05
69.35,-2.1599e-05
69.4,-1.0181e-05
69.45,2.5604e-06
69.5,1.4891e-05
69.55,2.5138e-05
69.6,3.1926e-05
69.65,3.4354e-05
69.7,3.2117e-05
69.75,2.5547e-05
69.8,1.5553e-05
69.85,3.5085e-06
69.9,-8.9499e-06
69.95,-2.0137e-05
70,-2.855e-05
70.05,-3.3072e-05
70.1,-3.3114e-05
70.15,-2.8696e-05
70.2,-2.0439e-05
70.25,-9.4759e-06
70.3,2.7041e-06
70.35,1.4458e-05
70.4,2.4208e-05
70.45,3.0658e-05
70.5,3.2963e-05
70.55,3.0835e-05
70.6,2.4587e-05
70.65,1.5078e-05
70.7,3.602e-06
70.75,-8.2975e-06
70.8,-1.9026e-05
70.85,-2.7157e-05
70.9,-3.162e-05
70.95,-3.1841e-05
71,-2.7816e-05
71.05,-2.0104e-05
71.1,-9.7568e-06
71.15,1.8338e-06
71.2,1.3119e-05
71.25,2.2599e-05
71.3,2.9025e-05
71.35,3.1561e-05
71.4,2.9894e-05
71.45,2.4271e-05
71.5,1.5458e-05
71.55,4.6449e-06
71.6,-6.7266e-06
71.65,-1.7147e-05
71.7,-2.5243e-05
71.75,-2.996e-05
71.8,-3.0693e-05
71.85,-2.7371e-05
71.9,-2.0455e-05
71.95,-1.0879e-05
72,7.6937e-08
72.05,1.0963e-05
72.1,2.0346e-05
72.15,2.7e-05
72.2,3.0066e-05
72.25,2.9165e-05
72.3,2.4437e-05
72.35,1.6526e-05
72.4,6.492e-06
72.45,-4.3401e-06
72.5,-1.4543e-05
72.55,-2.2786e-05
72.6,-2.8001e-05
72.65,-2.9524e-05
72.7,-2.7182e-05
72.75,-2.13e-05
72.8,-1.2671e-05
72.85,-2.437e-06
72.9,8.057e-06
72.95,1.7441e-05
73,2.4501e-05
73.05,2.8329e-05
73.1,2.845e-05
73.15,2.487e-05
73.2,1.8077e-05
73.25,8.9756e-06
73.3,-1.2416e-06
73.35,-1.1238e-05
73.4,-1.9723e-05
73.45,-2.5603e-05
73.5,-2.8134e-05
73.55,-2.701e-05
73.6,-2.2399e-05
73.65,-1.4919e-05
73.7,-5.555e-06
73.75,4.4716e-06
73.8,1.3863e-05
73.85,2.1412e-05
73.9,2.6156e-05
73.95,2.7503e-05
74,2.53e-05
74.05,1.9855e-05
74.1,1.1887e-05
74.15,2.4378e-06
74.2,-7.2697e-06
74.25,-1.5988e-05
74.3,-2.2604e-05
74.35,-2.6284e-05
74.4,-2.6573e-05
74.45,-2.3459e-05
74.5,-1.736e-05
74.55,-9.0771e-06
74.6,3.1627e-07
74.65,9.6138e-06
74.7,1.7627e-05
74.75,2.3343e-05
74.8,2.6047e-05
74.85,2.5414e-05
74.9,2.1547e-05
74.95,1.4958e-05
75,6.5066e-06
75.05,-2.7237e-06
75.1,-1.1551e-05
75.15,-1.8859e-05
75.2,-2.3729e-05
75.25,-2.5559e-05
75.3,-2.4138e-05
75.35,-1.9665e-05
75.4,-1.2731e-05
75.45,-4.2277e-06
75.5,4.7582e-06
75.55,1.3087e-05
75.6,1.9711e-05
75.65,2.3804e-05
75.7,2.4868e-05
75.75,2.2787e-05
75.8,1.7847e-05
75.85,1.0688e-05
75.9,2.2271e-06
75.95,-6.4614e-06
76,-1.4285e-05
76.05,-2.0263e-05
76.1,-2.366e-05
76.15,-2.4065e-05
76.2,-2.1448e-05
76.25,-1.6159e-05
76.3,-8.8777e-06
76.35,-5.3137e-07
76.4,7.8296e-06
76.45,1.5156e-05
76.5,2.0543e-05
76.55,2.3326e-05
76.6,2.318e-05
76.65,2.014e-05
76.7,1.4606e-05
76.75,7.2875e-06
76.8,-8.9454e-07
76.85,-8.9109e-06
76.9,-1.5769e-05
76.95,-2.0621e-05
77,-2.2879e-05
77.05,-2.2281e-05
77.1,-1.892e-05
77.15,-1.3234e-05
77.2,-5.9429e-06
77.25,2.0359e-06
77.3,9.711e-06
77.35,1.6133e-05
77.4,2.0517e-05
77.45,2.2335e-05
77.5,2.1379e-05
77.55,1.779e-05
77.6,1.2027e-05
77.65,4.8193e-06
77.7,-2.9371e-06
77.75,-1.0279e-05
77.8,-1.6308e-05
77.85,-2.029e-05
77.9,-2.1749e-05
77.95,-2.0527e-05
78,-1.6788e-05
78.05,-1.1016e-05
78.1,-3.9293e-06
78.15,3.591e-06
78.2,1.062e-05
78.25,1.6301e-05
78.3,1.9946e-05
78.35,2.1127e-05
78.4,1.9714e-05
78.45,1.5902e-05
78.5,1.0172e-05
78.55,3.2402e-06
78.6,-4.0408e-06
78.65,-1.078e-05
78.7,-1.6159e-05
78.75,-1.9534e-05
78.8,-2.0507e-05
78.85,-1.898e-05
78.9,-1.5155e-05
78.95,-9.5161e-06
79,-2.7607e-06
79.05,4.2833e-06
79.1,1.0757e-05
79.15,1.5883e-05
79.2,1.9047e-05
79.25,1.9883e-05
79.3,1.8305e-05
79.35,1.4525e-05
79.4,9.0144e-06
79.45,2.4537e-06
79.5,-4.3569e-06
79.55,-1.0595e-05
79.6,-1.551e-05
79.65,-1.8523e-05
79.7,-1.9281e-05
79.75,-1.7714e-05
79.8,-1.4026e-05
79.85,-8.6787e-06
79.9,-2.3271e-06
79.95,4.259e-06
80,1.0285e-05
80.05,1.5035e-05
80.1,1.7945e-05
80.15,1.8685e-05
80.2,1.718e-05
80.25,1.363e-05
80.3,8.4742e-06
80.35,2.3429e-06
80.4,-4.0234e-06
80.45,-9.8642e-06
80.5,-1.4483e-05
80.55,-1.7343e-05
80.6,-1.8112e-05
80.65,-1.6719e-05
80.7,-1.3344e-05
80.75,-8.408e-06
80.8,-2.5082e-06
80.85,3.6462e-06
80.9,9.3198e-06
80.95,1.3846e-05
81,1.6693e-05
81.05,1.754e-05
81.1,1.6299e-05
81.15,1.3138e-05
81.2,8.4434e-06
81.25,2.7861e-06
81.3,-3.1583e-06
81.35,-8.6852e-06
81.4,-1.3143e-05
81.45,-1.6017e-05
81.5,-1.6977e-05
81.55,-1.5931e-05
81.6,-1.3012e-05
81.65,-8.5856e-06
81.7,-3.1816e-06
81.75,2.5542e-06
81.8,7.9445e-06
81.85,1.236e-05
81.9,1.5288e-05
81.95,1.64e-05
82,1.5576e-05
82.05,1.2935e-05
82.1,8.7951e-06
82.15,3.6602e-06
82.2,-1.8648e-06
82.25,-7.1269e-06
82.3,-1.1515e-05
82.35,-1.4523e-05
82.4,-1.581e-05
82.45,-1.5244e-05
82.5,-1.2902e-05
82.55,-9.0766e-06
82.6,-4.2224e-06
82.65,1.0822e-06
82.7,6.2192e-06
82.75,1.059e-05
82.8,1.3694e-05
82.85,1.5182e-05
82.9,1.4893e-05
82.95,1.288e-05
83,9.3865e-06
83.05,4.8359e-06
83.1,-2.4119e-07
83.15,-5.2458e-06
83.2,-9.6049e-06
83.25,-1.2815e-05
83.3,-1.4518e-05
83.35,-1.453e-05
83.4,-1.2864e-05
83.45,-9.7282e-06
83.5,-5.4954e-06
83.55,-6.6695e-07
83.6,4.2002e-06
83.65,8.5399e-06
83.7,1.1863e-05
83.75,1.379e-05
83.8,1.4117e-05
83.85,1.2818e-05
83.9,1.0059e-05
83.95,6.1685e-06
84,1.6034e-06
84.05,-3.1053e-06
84.1,-7.4201e-06
84.15,-1.0846e-05
84.2,-1.3004e-05
84.25,-1.3653e-05
84.3,-1.2739e-05
84.35,-1.0375e-05
84.4,-6.8496e-06
84.45,-2.5724e-06
84.5,1.9599e-06
84.55,6.2283e-06
84.6,9.7503e-06
84.65,1.2129e-05
84.7,1.3108e-05
84.75,1.2586e-05
84.8,1.064e-05
84.85,7.4986e-06
84.9,3.5371e-06
84.95,-7.9328e-07
85,-4.9924e-06
85.05,-8.5896e-06
85.1,-1.118e-05
85.15,-1.2482e-05
85.2,-1.236e-05
85.25,-1.084e-05
85.3,-8.1114e-06
85.35,-4.4892e-06
85.4,-3.9607e-07
85.45,3.7067e-06
85.5,7.3504e-06
85.55,1.0134e-05
85.6,1.1748e-05
85.65,1.2025e-05
85.7,1.0945e-05
85.75,8.6442e-06
85.8,5.3933e-06
85.85,1.5668e-06
85.9,-2.3988e-06
85.95,-6.0594e-06
86,-9.0039e-06
86.05,-1.0914e-05
86.1,-1.158e-05
86.15,-1.0947e-05
86.2,-9.0912e-06
86.25,-6.2396e-06
86.3,-2.7162e-06
86.35,1.0746e-06
86.4,4.7092e-06
86.45,7.782e-06
86.5,9.9565e-06
86.55,1.1e-05
86.6,1.0806e-05
86.65,9.4127e-06
86.7,6.9829e-06
86.75,3.803e-06
86.8,2.2867e-07
86.85,-3.3326e-06
86.9,-6.4914e-06
86.95,-8.8955e-06
87,-1.0291e-05
87.05,-1.0529e-05
87.1,-9.6006e-06
87.15,-7.617e-06
87.2,-4.8113e-06
87.25,-1.5028e-06
87.3,1.9386e-06
87.35,5.1286e-06
87.4,7.7211e-06
87.45,9.4321e-06
87.5,1.0087e-05
87.55,9.62e-06
87.6,8.1004e-06
87.65,5.7012e-06
87.7,2.7025e-06
87.75,-5.6485e-07
87.8,-3.7333e-06
87.85,-6.4596e-06
87.9,-8.4463e-06
87.95,-9.4849e-06
88,-9.4719e-06
88.05,-8.4203e-06
88.1,-6.458e-06
88.15,-3.8087e-06
88.2,-7.7332e-07
88.25,2.3156e-06
88.3,5.1148e-06
88.35,7.3269e-06
88.4,8.7111e-06
88.45,9.1312e-06
88.5,8.5477e-06
88.55,7.0403e-06
88.6,4.7799e-06
88.65,2.0259e-06
88.7,-9.1932e-07
88.75,-3.7301e-06
88.8,-6.104e-06
88.85,-7.7874e-06
88.9,-8.6047e-06
88.95,-8.4796e-06
89,-7.4345e-06
89.05,-5.5967e-06
89.1,-3.1719e-06
89.15,-4.3396e-07
89.2,2.3214e-06
89.25,4.7903e-06
89.3,6.7147e-06
89.35,7.8871e-06
89.4,8.1956e-06
89.45,7.6129e-06
89.5,6.2168e-06
89.55,4.1647e-06
89.6,1.6897e-06
89.65,-9.387e-07
89.7,-3.4334e-06
89.75,-5.5284e-06
89.8,-7.0032e-06
89.85,-7.7058e-06
89.9,-7.573e-06
89.95,-6.627e-06
90,-4.9829e-06
90.05,-2.8229e-06
90.1,-3.8972e-07
90.15,2.057e-06
90.2,4.2496e-06
90.25,5.9619e-06
90.3,7.0113e-06
90.35,7.2994e-06
90.4,6.801e-06
90.45,5.584e-06
90.5,3.7842e-06
90.55,1.6056e-06
90.6,-7.1738e-07
90.65,-2.9323e-06
90.7,-4.8063e-06
90.75,-6.1432e-06
90.8,-6.8079e-06
90.85,-6.74e-06
90.9,-5.9558e-06
90.95,-4.5501e-06
91,-2.679e-06
91.05,-5.5095e-07
91.1,1.6083e-06
91.15,3.5648e-06
91.2,5.1187e-06
91.25,6.1059e-06
91.3,6.4348e-06
91.35,6.0756e-06
91.4,5.0809e-06
91.45,3.5602e-06
91.5,1.6873e-06
91.55,-3.3951e-07
91.6,-2.2994e-06
91.65,-3.9903e-06
91.7,-5.2345e-06
91.75,-5.9097e-06
91.8,-5.9517e-06
91.85,-5.3673e-06
91.9,-4.2263e-06
91.95,-2.6579e-06
92,-8.3444e-07
92.05,1.0498e-06
92.1,2.794e-06
92.15,4.2196e-06
92.2,5.1788e-06
92.25,5.5816e-06
92.3,5.3914e-06
92.35,4.6414e-06
92.4,3.4145e-06
92.45,1.8521e-06
92.5,1.1806e-07
92.55,-1.5984e-06
92.6,-3.123e-06
92.65,-4.2947e-06
92.7,-5.0016e-06
92.75,-5.1729e-06
92.8,-4.8047e-06
92.85,-3.9398e-06
92.9,-2.6808e-06
92.95,-1.1624e-06
93,4.499e-07
93.05,1.9891e-06
93.1,3.2944e-06
93.15,4.2355e-06
93.2,4.7198e-06
93.25,4.7058e-06
93.3,4.2042e-06
93.35,3.2746e-06
93.4,2.0228e-06
93.45,5.8299e-07
93.5,-8.9056e-07
93.55,-2.2466e-06
93.6,-3.3446e-06
93.65,-4.0784e-06
93.7,-4.3756e-06
93.75,-4.2176e-06
93.8,-3.6257e-06
93.85,-2.6727e-06
93.9,-1.4606e-06
93.95,-1.2339e-07
94,1.2029e-06
94.05,2.3773e-06
94.1,3.2865e-06
94.15,3.8373e-06
94.2,3.9846e-06
94.25,3.7177e-06
94.3,3.0761e-06
94.35,2.1297e-06
94.4,9.8597e-07
94.45,-2.3717e-07
94.5,-1.4091e-06
94.55,-2.4139e-06
94.6,-3.1491e-06
94.65,-3.5476e-06
94.7,-3.5737e-06
94.75,-3.2352e-06
94.8,-2.5726e-06
94.85,-1.6626e-06
94.9,-6.03e-07
94.95,4.9409e-07
95,1.5158e-06
95.05,2.3598e-06
95.1,2.9434e-06
95.15,3.2139e-06
95.2,3.1501e-06
95.25,2.7682e-06
95.3,2.1126e-06
95.35,1.2591e-06
95.4,2.9742e-07
95.45,-6.6976e-07
95.5,-1.5462e-06
95.55,-2.2428e-06
95.6,-2.6956e-06
95.65,-2.8621e-06
95.7,-2.736e-06
95.75,-2.335e-06
95.8,-1.7096e-06
95.85,-9.2663e-07
95.9,-7.3072e-08
95.95,7.6621e-07
96,1.5028e-06
96.05,2.0689e-06
96.1,2.4079e-06
96.15,2.4958e-06
96.2,2.3276e-06
96.25,1.9314e-06
96.3,1.35e-06
96.35,6.5213e-07
96.4,-9.2054e-08
96.45,-8.0238e-07
96.5,-1.4115e-06
96.55,-1.8579e-06
96.6,-2.1046e-06
96.65,-2.1302e-06
96.7,-1.9426e-06
96.75,-1.5649e-06
96.8,-1.0441e-06
96.85,-4.3549e-07
96.9,1.9413e-07
96.95,7.829e-07
97,1.2707e-06
97.05,1.6141e-06
97.1,1.7815e-06
97.15,1.7647e-06
97.2,1.571e-06
97.25,1.2279e-06
97.3,7.7452e-07
97.35,2.6266e-07
97.4,-2.5504e-07
97.45,-7.2499e-07
97.5,-1.1028e-06
97.55,-1.3533e-06
97.6,-1.4574e-06
97.65,-1.4105e-06
97.7,-1.225e-06
97.75,-9.2522e-07
97.8,-5.474e-07
97.85,-1.3355e-07
97.9,2.7269e-07
97.95,6.3034e-07
98,9.059e-07
98.05,1.0751e-06
98.1,1.1268e-06
98.15,1.0615e-06
98.2,8.937e-07
98.25,6.449e-07
98.3,3.4665e-07
98.35,3.1719e-08
98.4,-2.6554e-07
98.45,-5.1644e-07
98.5,-6.9714e-07
98.55,-7.9431e-07
98.6,-8.0238e-07
98.65,-7.2798e-07
98.7,-5.8413e-07
98.75,-3.9185e-07
98.8,-1.7455e-07
98.85,4.1101e-08
98.9,2.3334e-07
98.95,3.8157e-07
99,4.7496e-07
99.05,5.0605e-07
99.1,4.7867e-07
99.15,3.9984e-07
99.2,2.8582e-07
99.25,1.5129e-07
99.3,1.6884e-08
99.35,-1.0248e-07
99.4,-1.9139e-07
99.45,-2.43e-07
99.5,-2.526e-07
99.55,-2.2446e-07
99.6,-1.6459e-07
99.65,-8.6621e-08
99.7,-2.8667e-09
99.75,7.1552e-08
99.8,1.258e-07
99.85,1.4934e-07
99.9,1.4002e-07
99.95,9.6944e-08
100,2.8433e-08
100.05,-5.7467e-08
100.1,-1.4545e-07
100.15,-2.231e-07
100.2,-2.7461e-07
100.25,-2.9195e-07
100.3,-2.6632e-07
100.35,-1.9882e-07
100.4,-9.2533e-08
100.45,4.0295e-08
100.5,1.8636e-07
100.55,3.2655e-07
100.6,4.4409e-07
100.65,5.2032e-07
100.7,5.4334e-07
100.75,5.045e-07
100.8,4.0417e-07
100.85,2.4724e-07
100.9,4.8897e-08
100.95,-1.7313e-07
101,-3.9371e-07
101.05,-5.8999e-07
101.1,-7.3677e-07
101.15,-8.1597e-07
101.2,-8.1248e-07
101.25,-7.234e-07
101.3,-5.5109e-07
101.35,-3.1031e-07
101.4,-2.14e-08
101.45,2.8651e-07
101.5,5.8298e-07
101.55,8.3539e-07
101.6,1.016e-06
101.65,1.1012e-06
101.7,1.078e-06
101.75,9.4307e-07
101.8,7.0557e-07
101.85,3.843e-07
101.9,9.1976e-09
101.95,-3.844e-07
102,-7.5636e-07
102.05,-1.0687e-06
102.1,-1.2868e-06
102.15,-1.3851e-06
102.2,-1.3483e-06
102.25,-1.1755e-06
102.3,-8.7858e-07
102.35,-4.8287e-07
102.4,-2.4346e-08
102.45,4.5317e-07
102.5,9.0257e-07
102.55,1.2782e-06
102.6,1.5402e-06
102.65,1.6589e-06
102.7,1.6172e-06
102.75,1.4149e-06
102.8,1.0667e-06
102.85,6.0265e-07
102.9,6.4693e-08
102.95,-4.955e-07
103,-1.0242e-06
103.05,-1.4676e-06
103.1,-1.7808e-06
103.15,-1.9284e-06
103.2,-1.8924e-06
103.25,-1.6702e-06
103.3,-1.2802e-06
103.35,-7.5458e-07
103.4,-1.4254e-07
103.45,4.9953e-07
103.5,1.1085e-06
103.55,1.6256e-06
103.6,1.9972e-06
103.65,2.1849e-06
103.7,2.1648e-06
103.75,1.9354e-06
103.8,1.5131e-06
103.85,9.3563e-07
103.9,2.5391e-07
103.95,-4.6652e-07
104,-1.1588e-06
104.05,-1.7535e-06
104.1,-2.1934e-06
104.15,-2.4309e-06
104.2,-2.4408e-06
104.25,-2.2155e-06
104.3,-1.7745e-06
104.35,-1.1536e-06
104.4,-4.1079e-07
104.45,3.8658e-07
104.5,1.1615e-06
104.55,1.8406e-06
104.6,2.356e-06
104.65,2.6567e-06
104.7,2.7086e-06
104.75,2.5035e-06
104.8,2.0555e-06
104.85,1.4043e-06
104.9,6.0726e-07
104.95,-2.6101e-07
105,-1.1199e-06
105.05,-1.8864e-06
105.1,-2.4872e-06
105.15,-2.8616e-06
105.2,-2.9711e-06
105.25,-2.8004e-06
105.3,-2.3618e-06
105.35,-1.6926e-06
105.4,-8.5279e-07
105.45,8.0769e-08
105.5,1.021e-06
105.55,1.8788e-06
105.6,2.5721e-06
105.65,3.0328e-06
105.7,3.2145e-06
105.75,3.0952e-06
105.8,2.6827e-06
105.85,2.0113e-06
105.9,1.1413e-06
105.95,1.5105e-07
106,-8.6659e-07
106.05,-1.8176e-06
106.1,-2.61e-06
106.15,-3.1692e-06
106.2,-3.4377e-06
106.25,-3.3883e-06
106.3,-3.0196e-06
106.35,-2.3642e-06
106.4,-1.4782e-06
106.45,-4.4315e-07
106.5,6.4714e-07
106.55,1.6899e-06
106.6,2.5882e-06
106.65,3.2554e-06
106.7,3.6272e-06
106.75,3.6645e-06
106.8,3.3605e-06
106.85,2.7391e-06
106.9,1.8554e-06
106.95,7.8783e-07
107,-3.6532e-07
107.05,-1.4981e-06
107.1,-2.5042e-06
107.15,-3.2891e-06
107.2,-3.7772e-06
107.25,-3.9199e-06
107.3,-3.7002e-06
107.35,-3.1345e-06
107.4,-2.2724e-06
107.45,-1.1899e-06
107.5,1.4196e-08
107.55,1.2299e-06
107.6,2.3441e-06
107.65,3.2532e-06
107.7,3.8704e-06
107.75,4.1365e-06
107.8,4.0223e-06
107.85,3.5357e-06
107.9,2.7173e-06
107.95,1.6404e-06
108,4.0059e-07
108.05,-8.8768e-07
108.1,-2.1076e-06
108.15,-3.1443e-06
108.2,-3.9024e-06
108.25,-4.3079e-06
108.3,-4.3216e-06
108.35,-3.9371e-06
108.4,-3.1877e-06
108.45,-2.138e-06
108.5,-8.8245e-07
108.55,4.6584e-07
108.6,1.7834e-06
108.65,2.949e-06
108.7,3.8546e-06
108.75,4.4148e-06
108.8,4.5753e-06
108.85,4.3179e-06
108.9,3.663e-06
108.95,2.6671e-06
109,1.4189e-06
109.05,2.9741e-08
109.1,-1.3733e-06
109.15,-2.6632e-06
109.2,-3.72e-06
109.25,-4.4468e-06
109.3,-4.7733e-06
109.35,-4.6679e-06
109.4,-4.1353e-06
109.45,-3.2224e-06
109.5,-2.0081e-06
109.55,-6.0178e-07
109.6,8.7096e-07
109.65,2.2756e-06
109.7,3.4844e-06
109.75,4.3856e-06
109.8,4.8955e-06
109.85,4.9643e-06
109.9,4.5827e-06
109.95,3.782e-06
110,2.6323e-06
110.05,1.2353e-06
110.1,-2.8442e-07
110.15,-1.7892e-06
110.2,-3.1431e-06
110.25,-4.2219e-06
110.3,-4.9269e-06
110.35,-5.1908e-06
110.4,-4.9877e-06
110.45,-4.3316e-06
110.5,-3.2803e-06
110.55,-1.925e-06
110.6,-3.8683e-07
110.65,1.1973e-06
110.7,2.6837e-06
110.75,3.9387e-06
110.8,4.8468e-06
110.85,5.3246e-06
110.9,5.3256e-06
110.95,4.8471e-06
111,3.9288e-06
111.05,2.6511e-06
111.1,1.1263e-06
111.15,-5.099e-07
111.2,-2.1106e-06
111.25,-3.5321e-06
111.3,-4.6452e-06
111.35,-5.3488e-06
111.4,-5.5764e-06
111.45,-5.3058e-06
111.5,-4.5571e-06
111.55,-3.3961e-06
111.6,-1.9233e-06
111.65,-2.6963e-07
111.7,1.4186e-06
111.75,2.9896e-06
111.8,4.303e-06
111.85,5.2391e-06
111.9,5.713e-06
111.95,5.6787e-06
112,5.1371e-06
112.05,4.1331e-06
112.1,2.7546e-06
112.15,1.122e-06
112.2,-6.2028e-07
112.25,-2.3171e-06
112.3,-3.8171e-06
112.35,-4.9852e-06
112.4,-5.7164e-06
112.45,-5.9421e-06
112.5,-5.641e-06
112.55,-4.8356e-06
112.6,-3.5966e-06
112.65,-2.0307e-06
112.7,-2.7632e-07
112.75,1.5125e-06
112.8,3.1762e-06
112.85,4.5672e-06
112.9,5.5601e-06
112.95,6.0655e-06
113,6.0354e-06
113.05,5.4702e-06
113.1,4.4169e-06
113.15,2.9671e-06
113.2,1.2469e-06
113.25,-5.9283e-07
113.3,-2.3891e-06
113.35,-3.9835e-06
113.4,-5.2332e-06
113.45,-6.0272e-06
113.5,-6.2921e-06
113.55,-6.0033e-06
113.6,-5.1823e-06
113.65,-3.9008e-06
113.7,-2.2686e-06
113.75,-4.2862e-07
113.8,1.4584e-06
113.85,3.2256e-06
113.9,4.7175e-06
113.95,5.8008e-06
114,6.3788e-06
114.05,6.3979e-06
114.1,5.8541e-06
114.15,4.7926e-06
114.2,3.3048e-06
114.25,1.5198e-06
114.3,-4.0737e-07
114.35,-2.307e-06
114.4,-4.0132e-06
114.45,-5.3742e-06
114.5,-6.2706e-06
114.55,-6.6206e-06
114.6,-6.3925e-06
114.65,-5.6025e-06
114.7,-4.3189e-06
114.75,-2.6511e-06
114.8,-7.4412e-07
114.85,1.2367e-06
114.9,3.1177e-06
114.95,4.7342e-06
115,5.9437e-06
115.05,6.6387e-06
115.1,6.7567e-06
115.15,6.2846e-06
115.2,5.2619e-06
115.25,3.7755e-06
115.3,1.9539e-06
115.35,-4.6203e-08
115.4,-2.0498e-06
115.45,-3.8836e-06
115.5,-5.3859e-06
115.55,-6.4261e-06
115.6,-6.9105e-06
115.65,-6.796e-06
115.7,-6.0892e-06
115.75,-4.8501e-06
115.8,-3.1844e-06
115.85,-1.235e-06
115.9,8.2925e-07
115.95,2.8296e-06
116,4.5916e-06
116.05,5.9619e-06
116.1,6.8198e-06
116.15,7.0895e-06
116.2,6.7452e-06
116.25,5.815e-06
116.3,4.377e-06
116.35,2.5551e-06
116.4,5.0429e-07
116.45,-1.5974e-06
116.5,-3.5692e-06
116.55,-5.2393e-06
116.6,-6.4627e-06
116.65,-7.1317e-06
116.7,-7.1866e-06
116.75,-6.6208e-06
116.8,-5.4805e-06
116.85,-3.8635e-06
116.9,-1.9068e-06
116.95,2.2095e-07
117,2.3373e-06
117.05,4.2591e-06
117.1,5.8207e-06
117.15,6.8859e-06
117.2,7.362e-06
117.25,7.2054e-06
117.3,6.4281e-06
117.35,5.0943e-06
117.4,3.3179e-06
117.45,1.2497e-06
117.5,-9.3321e-07
117.55,-3.043e-06
117.6,-4.8986e-06
117.65,-6.339e-06
117.7,-7.2404e-06
117.75,-7.5225e-06
117.8,-7.1607e-06
117.85,-6.1827e-06
117.9,-4.672e-06
117.95,-2.7555e-06
118,-5.9688e-07
118.05,1.6202e-06
118.1,3.7055e-06
118.15,5.4802e-06
118.2,6.7914e-06
118.25,7.5254e-06
118.3,7.6178e-06
118.35,7.0587e-06
118.4,5.8942e-06
118.45,4.2222e-06
118.5,2.1848e-06
118.55,-4.6126e-08
118.6,-2.2793e-06
118.65,-4.3253e-06
118.7,-6.0079e-06
118.75,-7.1838e-06
118.8,-7.7504e-06
118.85,-7.6581e-06
118.9,-6.9127e-06
118.95,-5.5757e-06
119,-3.7602e-06
119.05,-1.6187e-06
119.1,6.6663e-07
119.15,2.9019e-06
119.2,4.8964e-06
119.25,6.4803e-06
119.3,7.5176e-06
119.35,7.9191e-06
119.4,7.6488e-06
119.45,6.7282e-06
119.5,5.2333e-06
119.55,3.2903e-06
119.6,1.0619e-06
119.65,-1.2628e-06
119.7,-3.4869e-06
119.75,-5.4216e-06
119.8,-6.9018e-06
119.85,-7.8015e-06
119.9,-8.0422e-06
119.95,-7.6031e-06
120,-6.5186e-06
120.05,-4.8801e-06
120.1,-2.8242e-06
120.15,-5.2392e-07
120.2,1.827e-06
120.25,4.0296e-06
120.3,5.8977e-06
120.35,7.2724e-06
120.4,8.0364e-06
120.45,8.1237e-06
120.5,7.5253e-06
120.55,6.2901e-06
120.6,4.5211e-06
120.65,2.3667e-06
120.7,6.8342e-09
120.75,-2.3592e-06
120.8,-4.5328e-06
120.85,-6.3299e-06
120.9,-7.5991e-06
120.95,-8.2315e-06
121,-8.1729e-06
121.05,-7.4265e-06
121.1,-6.053e-06
121.15,-4.1676e-06
121.2,-1.927e-06
121.25,4.8085e-07
121.3,2.8541e-06
121.35,4.993e-06
121.4,6.718e-06
121.45,7.8832e-06
121.5,8.3899e-06
121.55,8.194e-06
121.6,7.3103e-06
121.65,5.8113e-06
121.7,3.8219e-06
121.75,1.5072e-06
121.8,-9.3935e-07
121.85,-3.3126e-06
121.9,-5.4142e-06
121.95,-7.067e-06
122,-8.1328e-06
122.05,-8.5204e-06
122.1,-8.1969e-06
122.15,-7.1871e-06
122.2,-5.5745e-06
122.25,-3.4927e-06
122.3,-1.1141e-06
122.35,1.3629e-06
122.4,3.7317e-06
122.45,5.794e-06
122.5,7.3773e-06
122.55,8.3487e-06
122.6,8.6259e-06
122.65,8.1847e-06
122.7,7.0603e-06
122.75,5.3453e-06
122.8,3.1817e-06
122.85,7.4803e-07
122.9,-1.7532e-06
122.95,-4.1139e-06
123,-6.1374e-06
123.05,-7.6546e-06
123.1,-8.5386e-06
123.15,-8.7142e-06
123.2,-8.1663e-06
123.25,-6.9383e-06
123.3,-5.132e-06
123.35,-2.8959e-06
123.4,-4.1471e-07
123.45,2.1059e-06
123.5,4.4571e-06
123.55,6.4433e-06
123.6,7.8994e-06
123.65,8.7033e-06
123.7,8.7874e-06
123.75,8.1435e-06
123.8,6.8233e-06
123.85,4.9358e-06
123.9,2.6361e-06
123.95,1.1359e-07
124,-2.4233e-06
124.05,-4.7646e-06
124.1,-6.7167e-06
124.15,-8.1174e-06
124.2,-8.8499e-06
124.25,-8.8524e-06
124.3,-8.1237e-06
124.35,-6.7222e-06
124.4,-4.7634e-06
124.45,-2.4078e-06
124.5,1.5096e-07
124.55,2.7017e-06
124.6,5.0346e-06
124.65,6.9566e-06
124.7,8.309e-06
124.75,8.9791e-06
124.8,8.9106e-06
124.85,8.1081e-06
124.9,6.6358e-06
124.95,4.615e-06
125,2.2105e-06
125.05,-3.8003e-07
125.1,-2.944e-06
125.15,-5.2702e-06
125.2,-7.1676e-06
125.25,-8.4793e-06
125.3,-9.0968e-06
125.35,-8.9681e-06
125.4,-8.1027e-06
125.45,-6.57e-06
125.5,-4.4957e-06
125.55,-2.0489e-06
125.6,5.7037e-07
125.65,3.1469e-06
125.7,5.47e-06
125.75,7.3483e-06
125.8,8.6282e-06
125.85,9.2029e-06
125.9,9.0252e-06
125.95,8.1078e-06
126,6.5248e-06
126.05,4.4054e-06
126.1,1.9217e-06
126.15,-7.2322e-07
126.2,-3.3134e-06
126.25,-5.6365e-06
126.3,-7.5031e-06
126.35,-8.7594e-06
126.4,-9.3025e-06
126.45,-9.0866e-06
126.5,-8.1285e-06
126.55,-6.5048e-06
126.6,-4.348e-06
126.65,-1.8328e-06
126.7,8.3605e-07
126.75,3.4404e-06
126.8,5.7687e-06
126.85,7.6297e-06
126.9,8.8728e-06
126.95,9.3942e-06
127,9.1521e-06
127.05,8.1638e-06
127.1,6.5092e-06
127.15,4.3226e-06
127.2,1.7806e-06
127.25,-9.1002e-07
127.3,-3.5309e-06
127.35,-5.868e-06
127.4,-7.7323e-06
127.45,-8.9705e-06
127.5,-9.4825e-06
127.55,-9.2246e-06
127.6,-8.2177e-06
127.65,-6.5416e-06
127.7,-4.3325e-06
127.75,-1.7685e-06
127.8,9.4304e-07
127.85,3.5813e-06
127.9,5.9336e-06
127.95,7.8074e-06
128,9.0522e-06
128.05,9.5644e-06
128.1,9.3036e-06
128.15,8.2883e-06
128.2,6.6005e-06
128.25,4.3762e-06
128.3,1.7944e-06
128.35,-9.3604e-07
128.4,-3.5949e-06
128.45,-5.966e-06
128.5,-7.8588e-06
128.55,-9.1184e-06
128.6,-9.6438e-06
128.65,-9.3903e-06
128.7,-8.3786e-06
128.75,-6.6883e-06
128.8,-4.4562e-06
128.85,-1.8615e-06
128.9,8.8739e-07
128.95,3.5675e-06
129,5.9642e-06
129.05,7.8821e-06
129.1,9.1685e-06
129.15,9.7166e-06
129.2,9.4835e-06
129.25,8.4856e-06
129.3,6.803e-06
129.35,4.5707e-06
129.4,1.9671e-06
129.45,-7.9753e-07
129.5,-3.5023e-06
129.55,-5.9277e-06
129.6,-7.8806e-06
129.65,-9.2016e-06
129.7,-9.7856e-06
129.75,-9.5833e-06
129.8,-8.6114e-06
129.85,-6.946e-06
129.9,-4.721e-06
129.95,-2.1146e-06
130,6.6558e-07
130.05,3.3945e-06
130.1,5.8556e-06
130.15,7.8488e-06
130.2,9.2164e-06
130.25,9.8457e-06
130.3,9.6874e-06
130.35,8.7523e-06
130.4,7.1144e-06
130.45,4.9054e-06
130.5,2.3002e-06
130.55,-4.9124e-07
130.6,-3.2478e-06
130.65,-5.7464e-06
130.7,-7.7895e-06
130.75,-9.211e-06
130.8,-9.8986e-06
130.85,-9.795e-06
130.9,-8.9087e-06
130.95,-7.3092e-06
131,-5.1237e-06
131.05,-2.5276e-06
131.1,2.7474e-07
131.15,3.0567e-06
131.2,5.5993e-06
131.25,7.6965e-06
131.3,9.1834e-06
131.35,9.9386e-06
131.4,9.9023e-06
131.45,9.0768e-06
131.5,7.5257e-06
131.55,5.3747e-06
131.6,2.7917e-06
131.65,-1.5011e-08
131.7,-2.8252e-06
131.75,-5.4119e-06
131.8,-7.572e-06
131.85,-9.131e-06
131.9,-9.9656e-06
131.95,-1.0008e-05
132,-9.2549e-06
132.05,-7.7654e-06
132.1,-5.6558e-06
132.15,-3.0965e-06
132.2,-2.8649e-07
132.25,2.5475e-06
132.3,5.1834e-06
132.35,7.4097e-06
132.4,9.0503e-06
132.45,9.9746e-06
132.5,1.0107e-05
132.55,9.4398e-06
132.6,8.0209e-06
132.65,5.9666e-06
132.7,3.4354e-06
132.75,6.3096e-07
132.8,-2.2278e-06
132.85,-4.9119e-06
132.9,-7.21e-06
132.95,-8.9397e-06
133,-9.9624e-06
133.05,-1.0199e-05
133.1,-9.6268e-06
133.15,-8.2942e-06
133.2,-6.3023e-06
133.25,-3.8122e-06
133.3,-1.0165e-06
133.35,1.8614e-06
133.4,4.595e-06
133.45,6.9686e-06
133.5,8.7927e-06
133.55,9.9257e-06
133.6,1.0274e-05
133.65,9.8135e-06
133.7,8.5758e-06
133.75,6.6619e-06
133.8,4.2195e-06
133.85,1.4425e-06
133.9,-1.4509e-06
133.95,-4.2332e-06
134,-6.6829e-06
134.05,-8.61e-06
134.1,-9.8583e-06
134.15,-1.0333e-05
134.2,-9.9928e-06
134.25,-8.8669e-06
134.3,-7.0403e-06
134.35,-4.6588e-06
134.4,-1.9087e-06
134.45,9.9517e-07
134.5,3.8214e-06
134.55,6.3518e-06
134.6,8.3824e-06
134.65,9.7583e-06
134.7,1.0366e-05
134.75,1.0162e-05
134.8,9.1577e-06
134.85,7.4333e-06
134.9,5.1247e-06
134.95,2.4102e-06
135,-4.9385e-07
135.05,-3.364e-06
135.1,-5.9699e-06
135.15,-8.1122e-06
135.2,-9.618e-06
135.25,-1.0372e-05
135.3,-1.0313e-05
135.35,-9.4458e-06
135.4,-7.838e-06
135.45,-5.6132e-06
135.5,-2.9494e-06
135.55,-4.9488e-08
135.6,2.8538e-06
135.65,5.5384e-06
135.7,7.7898e-06
135.75,9.4344e-06
135.8,1.0342e-05
135.85,1.0441e-05
135.9,9.7245e-06
135.95,8.2447e-06
136,6.1221e-06
136.05,3.5166e-06
136.1,6.3672e-07
136.15,-2.2973e-06
136.2,-5.0527e-06
136.25,-7.4161e-06
136.3,-9.2028e-06
136.35,-1.0271e-05
136.4,-1.0541e-05
136.45,-9.9853e-06
136.5,-8.6533e-06
136.55,-6.6423e-06
136.6,-4.1146e-06
136.65,-1.2624e-06
136.7,1.6898e-06
136.75,4.5119e-06
136.8,6.9859e-06
136.85,8.9152e-06
136.9,1.0154e-05
136.95,1.06e-05
137,1.0225e-05
137.05,9.0499e-06
137.1,7.1715e-06
137.15,4.7332e-06
137.2,1.9245e-06
137.25,-1.0347e-06
137.3,-3.9177e-06
137.35,-6.4951e-06
137.4,-8.5728e-06
137.45,-9.9824e-06
137.5,-1.062e-05
137.55,-1.0431e-05
137.6,-9.4329e-06
137.65,-7.7011e-06
137.7,-5.3693e-06
137.75,-2.6213e-06
137.8,3.352e-07
137.85,3.2642e-06
137.9,5.9452e-06
137.95,8.164e-06
138,9.7533e-06
138.05,1.0586e-05
138.1,1.0599e-05
138.15,9.7914e-06
138.2,8.2219e-06
138.25,6.0176e-06
138.3,3.3423e-06
138.35,4.0971e-07
138.4,-2.5596e-06
138.45,-5.3303e-06
138.5,-7.6915e-06
138.55,-9.459e-06
138.6,-1.0494e-05
138.65,-1.0721e-05
138.7,-1.0116e-05
138.75,-8.7308e-06
138.8,-6.6664e-06
138.85,-4.0889e-06
138.9,-1.1913e-06
138.95,1.7991e-06
139,4.652e-06
139.05,7.1489e-06
139.1,9.0926e-06
139.15,1.0339e-05
139.2,1.0784e-05
139.25,1.0401e-05
139.3,9.2111e-06
139.35,7.3123e-06
139.4,4.8476e-06
139.45,2.0069e-06
139.5,-9.8849e-07
139.55,-3.9124e-06
139.6,-6.5326e-06
139.65,-8.6551e-06
139.7,-1.0108e-05
139.75,-1.0786e-05
139.8,-1.0632e-05
139.85,-9.6598e-06
139.9,-7.9435e-06
139.95,-5.6129e-06
140,-2.8523e-06
140.05,1.3361e-07
140.1,3.1067e-06
140.15,5.8462e-06
140.2,8.1346e-06
140.25,9.8006e-06
140.3,1.0714e-05
140.35,1.0803e-05
140.4,1.0064e-05
140.45,8.5475e-06
140.5,6.3779e-06
140.55,3.7131e-06
140.6,7.6535e-07
140.65,-2.2457e-06
140.7,-5.0843e-06
140.75,-7.5343e-06
140.8,-9.409e-06
140.85,-1.056e-05
140.9,-1.0905e-05
140.95,-1.041e-05
141,-9.1202e-06
141.05,-7.1267e-06
141.1,-4.5888e-06
141.15,-1.6966e-06
141.2,1.3278e-06
141.25,4.2496e-06
141.3,6.851e-06
141.35,8.9247e-06
141.4,1.0321e-05
141.45,1.0923e-05
141.5,1.0692e-05
141.55,9.6418e-06
141.6,7.8527e-06
141.65,5.4637e-06
141.7,2.6525e-06
141.75,-3.5905e-07
141.8,-3.3493e-06
141.85,-6.0802e-06
141.9,-8.3518e-06
141.95,-9.9833e-06
142,-1.0854e-05
142.05,-1.0897e-05
142.1,-1.0105e-05
142.15,-8.5439e-06
142.2,-6.3256e-06
142.25,-3.6283e-06
142.3,-6.4809e-07
142.35,2.3794e-06
142.4,5.2287e-06
142.45,7.6802e-06
142.5,9.5455e-06
142.55,1.0687e-05
142.6,1.1009e-05
142.65,1.0498e-05
142.7,9.1808e-06
142.75,7.1674e-06
142.8,4.6044e-06
142.85,1.6905e-06
142.9,-1.3529e-06
142.95,-4.2971e-06
143,-6.9114e-06
143.05,-9.0058e-06
143.1,-1.041e-05
143.15,-1.1028e-05
143.2,-1.0803e-05
143.25,-9.7582e-06
143.3,-7.9702e-06
143.35,-5.5738e-06
143.4,-2.756e-06
143.45,2.7748e-07
143.5,3.2858e-06
143.55,6.0507e-06
143.6,8.3528e-06
143.65,1.0024e-05
143.7,1.0934e-05
143.75,1.1012e-05
143.8,1.0257e-05
143.85,8.7188e-06
143.9,6.523e-06
143.95,3.8261e-06
144,8.4223e-07
144.05,-2.2101e-06
144.1,-5.0944e-06
144.15,-7.593e-06
144.2,-9.5195e-06
144.25,-1.0721e-05
144.3,-1.1115e-05
144.35,-1.0661e-05
144.4,-9.4045e-06
144.45,-7.4306e-06
144.5,-4.8954e-06
144.55,-1.9883e-06
144.6,1.0728e-06
144.65,4.0497e-06
144.7,6.7265e-06
144.75,8.8895e-06
144.8,1.0386e-05
144.85,1.1092e-05
144.9,1.0963e-05
144.95,1.0003e-05
145,8.2849e-06
145.05,5.9432e-06
145.1,3.1462e-06
145.15,1.1589e-07
145.2,-2.9299e-06
145.25,-5.7506e-06
145.3,-8.141e-06
145.35,-9.9163e-06
145.4,-1.0942e-05
145.45,-1.1145e-05
145.5,-1.0502e-05
145.55,-9.0709e-06
145.6,-6.949e-06
145.65,-4.3071e-06
145.7,-1.3358e-06
145.75,1.7362e-06
145.8,4.677e-06
145.85,7.2695e-06
145.9,9.3098e-06
145.95,1.0655e-05
146,1.1191e-05
146.05,1.0889e-05
146.1,9.7624e-06
146.15,7.9013e-06
146.2,5.4454e-06
146.25,2.5753e-06
146.3,-4.8487e-07
146.35,-3.5156e-06
146.4,-6.2764e-06
146.45,-8.5712e-06
146.5,-1.0218e-05
146.55,-1.1097e-05
146.6,-1.1143e-05
146.65,-1.0348e-05
146.7,-8.7786e-06
146.75,-6.5424e-06
146.8,-3.8201e-06
146.85,-8.0402e-07
146.9,2.2694e-06
146.95,5.175e-06
147,7.6933e-06
147.05,9.6314e-06
147.1,1.0852e-05
147.15,1.1251e-05
147.2,1.0812e-05
147.25,9.5546e-06
147.3,7.5839e-06
147.35,5.0417e-06
147.4,2.1196e-06
147.45,-9.5945e-07
147.5,-3.9726e-06
147.55,-6.6822e-06
147.6,-8.8981e-06
147.65,-1.0441e-05
147.7,-1.1206e-05
147.75,-1.113e-05
147.8,-1.0218e-05
147.85,-8.5433e-06
147.9,-6.2226e-06
147.95,-3.4416e-06
148,-3.9514e-07
148.05,2.6759e-06
148.1,5.5513e-06
148.15,8.0103e-06
148.2,9.8693e-06
148.25,1.0994e-05
148.3,1.129e-05
148.35,1.0748e-05
148.4,9.3947e-06
148.45,7.3442e-06
148.5,4.7399e-06
148.55,1.7819e-06
148.6,-1.309e-06
148.65,-4.3067e-06
148.7,-6.9774e-06
148.75,-9.1344e-06
148.8,-1.0602e-05
148.85,-1.1284e-05
148.9,-1.1119e-05
148.95,-1.0125e-05
149,-8.3761e-06
149.05,-5.9969e-06
149.1,-3.1754e-06
149.15,-1.0901e-07
149.2,2.9594e-06
149.25,5.8132e-06
149.3,8.2306e-06
149.35,1.0035e-05
149.4,1.1094e-05
149.45,1.1321e-05
149.5,1.071e-05
149.55,9.2926e-06
149.6,7.1893e-06
149.65,4.5443e-06
149.7,1.5629e-06
149.75,-1.5359e-06
149.8,-4.5236e-06
149.85,-7.17e-06
149.9,-9.2898e-06
149.95,-1.0711e-05
150,-1.1341e-05
150.05,-1.1123e-05
150.1,-1.0078e-05
150.15,-8.2838e-06
150.2,-5.8693e-06
150.25,-3.0232e-06
150.3,5.5752e-08
150.35,3.1238e-06
150.4,5.9665e-06
150.45,8.3618e-06
150.5,1.0138e-05
150.55,1.1161e-05
150.6,1.1352e-05
150.65,1.0705e-05
150.7,9.254e-06
150.75,7.1231e-06
150.8,4.4565e-06
150.85,1.4622e-06
150.9,-1.6424e-06
150.95,-4.6278e-06
151,-7.2653e-06
151.05,-9.3711e-06
151.1,-1.0774e-05
151.15,-1.1385e-05
151.2,-1.1145e-05
151.25,-1.0082e-05
151.3,-8.2698e-06
151.35,-5.8413e-06
151.4,-2.9849e-06
151.45,1.0105e-07
151.5,3.1722e-06
151.55,6.0156e-06
151.6,8.4089e-06
151.65,1.0181e-05
151.7,1.1201e-05
151.75,1.1387e-05
151.8,1.0736e-05
151.85,9.2811e-06
151.9,7.1467e-06
151.95,4.4764e-06
152,1.4782e-06
152.05,-1.6311e-06
152.1,-4.6225e-06
152.15,-7.2671e-06
152.2,-9.3819e-06
152.25,-1.0795e-05
152.3,-1.1417e-05
152.35,-1.1189e-05
152.4,-1.0136e-05
152.45,-8.3343e-06
152.5,-5.9121e-06
152.55,-3.0589e-06
152.6,2.9012e-08
152.65,3.1071e-06
152.7,5.963e-06
152.75,8.3743e-06
152.8,1.0169e-05
152.85,1.1214e-05
152.9,1.1427e-05
152.95,1.0803e-05
153,9.3729e-06
153.05,7.2585e-06
153.1,4.6019e-06
153.15,1.6087e-06
153.2,-1.5039e-06
153.25,-4.5094e-06
153.3,-7.1765e-06
153.35,-9.3228e-06
153.4,-1.0773e-05
153.45,-1.1437e-05
153.5,-1.1252e-05
153.55,-1.024e-05
153.6,-8.4744e-06
153.65,-6.079e-06
153.7,-3.2426e-06
153.75,-1.5817e-07
153.8,2.9301e-06
153.85,5.8093e-06
153.9,8.2576e-06
153.95,1.0098e-05
154,1.1199e-05
154.05,1.1469e-05
154.1,1.0903e-05
154.15,9.5256e-06
154.2,7.4545e-06
154.25,4.8296e-06
154.3,1.8508e-06
154.35,-1.2629e-06
154.4,-4.2893e-06
154.45,-6.9929e-06
154.5,-9.1917e-06
154.55,-1.0706e-05
154.6,-1.1441e-05
154.65,-1.1331e-05
154.7,-1.0388e-05
154.75,-8.6851e-06
154.8,-6.3372e-06
154.85,-3.5321e-06
154.9,-4.5815e-07
154.95,2.6422e-06
155,5.5537e-06
155.05,8.0565e-06
155.1,9.9657e-06
155.15,1.1149e-05
155.2,1.1507e-05
155.25,1.1029e-05
155.3,9.7325e-06
155.35,7.7285e-06
155.4,5.1544e-06
155.45,2.2011e-06
155.5,-9.0965e-07
155.55,-3.9615e-06
155.6,-6.714e-06
155.65,-8.9839e-06
155.7,-1.0588e-05
155.75,-1.1421e-05
155.8,-1.1416e-05
155.85,-1.0571e-05
155.9,-8.9582e-06
155.95,-6.6802e-06
156,-3.9221e-06
156.05,-8.6815e-07
156.1,2.2441e-06
156.15,5.1943e-06
156.2,7.7665e-06
156.25,9.765e-06
156.3,1.1057e-05
156.35,1.1531e-05
156.4,1.117e-05
156.45,9.9844e-06
156.5,8.0719e-06
156.55,5.5695e-06
156.6,2.6551e-06
156.65,-4.4645e-07
156.7,-3.5249e-06
156.75,-6.3364e-06
156.8,-8.6929e-06
156.85,-1.0409e-05
156.9,-1.1366e-05
156.95,-1.1496e-05
157,-1.0779e-05
157.05,-9.2832e-06
157.1,-7.0996e-06
157.15,-4.406e-06
157.2,-1.3845e-06
157.25,1.7364e-06
157.3,4.7286e-06
157.35,7.3818e-06
157.4,9.4879e-06
157.45,1.0911e-05
157.5,1.153e-05
157.55,1.1314e-05
157.6,1.0269e-05
157.65,8.4739e-06
157.7,6.0657e-06
157.75,3.207e-06
157.8,1.2376e-07
157.85,-2.9783e-06
157.9,-5.8557e-06
157.95,-8.3109e-06
158,-1.016e-05
158.05,-1.1266e-05
158.1,-1.1558e-05
158.15,-1.0998e-05
158.2,-9.6468e-06
158.25,-7.5846e-06
158.3,-4.9752e-06
158.35,-2.0022e-06
158.4,1.1202e-06
158.45,4.1542e-06
158.5,6.8953e-06
158.55,9.1249e-06
158.6,1.0699e-05
158.65,1.1489e-05
158.7,1.1445e-05
158.75,1.0571e-05
158.8,8.9213e-06
158.85,6.6317e-06
158.9,3.8496e-06
158.95,7.9677e-07
159,-2.3211e-06
159.05,-5.2673e-06
159.1,-7.8295e-06
159.15,-9.8284e-06
159.2,-1.1104e-05
159.25,-1.1584e-05
159.3,-1.1212e-05
159.35,-1.0033e-05
159.4,-8.1213e-06
159.45,-5.6191e-06
159.5,-2.7137e-06
159.55,3.9742e-07
159.6,3.4696e-06
159.65,6.3e-06
159.7,8.6654e-06
159.75,1.0406e-05
159.8,1.1392e-05
159.85,1.1547e-05
159.9,1.0872e-05
159.95,9.3985e-06
160,7.2531e-06
160.05,4.5732e-06
160.1,1.5667e-06
160.15,-1.5544e-06
160.2,-4.5667e-06
160.25,-7.2405e-06
160.3,-9.3997e-06
160.35,-1.0867e-05
160.4,-1.1556e-05
160.45,-1.1402e-05
160.5,-1.0423e-05
160.55,-8.6926e-06
160.6,-6.3249e-06
160.65,-3.509e-06
160.7,-4.2826e-07
160.75,2.6744e-06
160.8,5.5895e-06
160.85,8.0985e-06
160.9,1.0018e-05
160.95,1.122e-05
161,1.16e-05
161.05,1.1152e-05
161.1,9.8871e-06
161.15,7.9132e-06
161.2,5.3649e-06
161.25,2.4259e-06
161.3,-6.82e-07
161.35,-3.7504e-06
161.4,-6.5367e-06
161.45,-8.8606e-06
161.5,-1.0537e-05
161.55,-1.1455e-05
161.6,-1.1547e-05
161.65,-1.0798e-05
161.7,-9.2781e-06
161.75,-7.0773e-06
161.8,-4.3754e-06
161.85,-1.3503e-06
161.9,1.7698e-06
161.95,4.7599e-06
162,7.413e-06
162.05,9.5214e-06
162.1,1.0953e-05
162.15,1.1585e-05
162.2,1.1387e-05
162.25,1.0365e-05
162.3,8.5928e-06
162.35,6.2071e-06
162.4,3.364e-06
162.45,2.8926e-07
162.5,-2.8168e-06
162.55,-5.712e-06
162.6,-8.1988e-06
162.65,-1.0096e-05
162.7,-1.126e-05
162.75,-1.1621e-05
162.8,-1.1134e-05
162.85,-9.8542e-06
162.9,-7.8571e-06
162.95,-5.2971e-06
163,-2.3574e-06
163.05,7.5881e-07
163.1,3.8105e-06
163.15,6.5989e-06
163.2,8.9018e-06
163.25,1.0571e-05
163.3,1.1477e-05
163.35,1.1554e-05
163.4,1.0806e-05
163.45,9.2702e-06
163.5,7.0787e-06
163.55,4.3675e-06
163.6,1.3496e-06
163.65,-1.7686e-06
163.7,-4.7616e-06
163.75,-7.4053e-06
163.8,-9.5267e-06
163.85,-1.0951e-05
163.9,-1.1599e-05
163.95,-1.1406e-05
164,-1.0395e-05
164.05,-8.6396e-06
164.1,-6.2561e-06
164.15,-3.4334e-06
164.2,-3.5242e-07
164.25,2.7435e-06
164.3,5.6493e-06
164.35,8.1469e-06
164.4,1.0057e-05
164.45,1.1252e-05
164.5,1.1628e-05
164.55,1.1181e-05
164.6,9.9207e-06
164.65,7.9553e-06
164.7,5.4168e-06
164.75,2.4865e-06
164.8,-6.146e-07
164.85,-3.6824e-06
164.9,-6.474e-06
164.95,-8.8117e-06
165,-1.051e-05
165.05,-1.1457e-05
165.1,-1.1585e-05
165.15,-1.0875e-05
165.2,-9.3955e-06
165.25,-7.2308e-06
165.3,-4.5579e-06
165.35,-1.5522e-06
165.4,1.5638e-06
165.45,4.5634e-06
165.5,7.2445e-06
165.55,9.3953e-06
165.6,1.0885e-05
165.65,1.1584e-05
165.7,1.146e-05
165.75,1.0514e-05
165.8,8.8108e-06
165.85,6.4856e-06
165.9,3.6844e-06
165.95,6.3134e-07
166,-2.4764e-06
166.05,-5.4015e-06
166.1,-7.9399e-06
166.15,-9.9156e-06
166.2,-1.1172e-05
166.25,-1.1641e-05
166.3,-1.1265e-05
166.35,-1.0093e-05
166.4,-8.1938e-06
166.45,-5.708e-06
166.5,-2.8204e-06
166.55,2.7917e-07
166.6,3.3465e-06
166.65,6.1858e-06
166.7,8.5747e-06
166.75,1.0354e-05
166.8,1.1395e-05
166.85,1.1615e-05
166.9,1.1016e-05
166.95,9.6171e-06
167,7.5426e-06
167.05,4.9216e-06
167.1,1.9519e-06
167.15,-1.1543e-06
167.2,-4.1859e-06
167.25,-6.907e-06
167.3,-9.1475e-06
167.35,-1.0724e-05
167.4,-1.1542e-05
167.45,-1.1534e-05
167.5,-1.0699e-05
167.55,-9.1096e-06
167.6,-6.8582e-06
167.65,-4.13e-06
167.7,-1.0971e-06
167.75,2.0081e-06
167.8,4.9703e-06
167.85,7.5831e-06
167.9,9.6454e-06
167.95,1.1032e-05
168,1.162e-05
168.05,1.1389e-05
168.1,1.0341e-05
168.15,8.5551e-06
168.2,6.1661e-06
168.25,3.3273e-06
168.3,2.6401e-07
168.35,-2.8299e-06
168.4,-5.7131e-06
168.45,-8.1931e-06
168.5,-1.0092e-05
168.55,-1.1264e-05
168.6,-1.1645e-05
168.65,-1.1184e-05
168.7,-9.9383e-06
168.75,-7.9774e-06
168.8,-5.451e-06
168.85,-2.5404e-06
168.9,5.5966e-07
168.95,3.6078e-06
169,6.4115e-06
169.05,8.7484e-06
169.1,1.0469e-05
169.15,1.1444e-05
169.2,1.16e-05
169.25,1.0941e-05
169.3,9.4908e-06
169.35,7.3785e-06
169.4,4.7319e-06
169.45,1.7541e-06
169.5,-1.3476e-06
169.55,-4.3598e-06
169.6,-7.051e-06
169.65,-9.2539e-06
169.7,-1.0787e-05
169.75,-1.1562e-05
169.8,-1.1512e-05
169.85,-1.0642e-05
169.9,-9.0236e-06
169.95,-6.7527e-06
170,-4.0153e-06
170.05,-9.8164e-07
170.1,2.1143e-06
170.15,5.0616e-06
170.2,7.6537e-06
170.25,9.6929e-06
170.3,1.1056e-05
170.35,1.1622e-05
170.4,1.1374e-05
170.45,1.0312e-05
170.5,8.5186e-06
170.55,6.1269e-06
170.6,3.2901e-06
170.65,2.3315e-07
170.7,-2.8528e-06
170.75,-5.7266e-06
170.8,-8.1985e-06
170.85,-1.0091e-05
170.9,-1.126e-05
170.95,-1.1642e-05
171,-1.1186e-05
171.05,-9.9485e-06
171.1,-7.9982e-06
171.15,-5.4833e-06
171.2,-2.5841e-06
171.25,5.0738e-07
171.3,3.5501e-06
171.35,6.354e-06
171.4,8.6971e-06
171.45,1.043e-05
171.5,1.1424e-05
171.55,1.1603e-05
171.6,1.0971e-05
171.65,9.5486e-06
171.7,7.4633e-06
171.75,4.8404e-06
171.8,1.8791e-06
171.85,-1.2129e-06
171.9,-4.2267e-06
171.95,-6.9291e-06
172,-9.1546e-06
172.05,-1.072e-05
172.1,-1.1535e-05
172.15,-1.1532e-05
172.2,-1.0708e-05
172.25,-9.1373e-06
172.3,-6.9072e-06
172.35,-4.2022e-06
172.4,-1.1896e-06
172.45,1.9013e-06
172.5,4.8569e-06
172.55,7.4756e-06
172.6,9.5544e-06
172.65,1.0971e-05
172.7,1.16e-05
172.75,1.1418e-05
172.8,1.0425e-05
172.85,8.6933e-06
172.9,6.3562e-06
172.95,3.5576e-06
173,5.217e-07
173.05,-2.5626e-06
173.1,-5.4584e-06
173.15,-7.9696e-06
173.2,-9.9234e-06
173.25,-1.1166e-05
173.3,-1.1633e-05
173.35,-1.1266e-05
173.4,-1.0113e-05
173.45,-8.2426e-06
173.5,-5.7885e-06
173.55,-2.9341e-06
173.6,1.3937e-07
173.65,3.1889e-06
173.7,6.0254e-06
173.75,8.4287e-06
173.8,1.0239e-05
173.85,1.1332e-05
173.9,1.1615e-05
173.95,1.1093e-05
174,9.7745e-06
174.05,7.7781e-06
174.1,5.2277e-06
174.15,2.3084e-06
174.2,-7.6638e-07
174.25,-3.7987e-06
174.3,-6.5489e-06
174.35,-8.8505e-06
174.4,-1.0519e-05
174.45,-1.145e-05
174.5,-1.1577e-05
174.55,-1.0879e-05
174.6,-9.4282e-06
174.65,-7.2995e-06
174.7,-4.6684e-06
174.75,-1.7024e-06
174.8,1.3834e-06
174.85,4.3649e-06
174.9,7.0502e-06
174.95,9.2252e-06
175,1.0764e-05
175.05,1.1535e-05
175.1,1.1498e-05
175.15,1.0655e-05
175.2,9.0529e-06
175.25,6.8272e-06
175.3,4.1073e-06
175.35,1.1108e-06
175.4,-1.9708e-06
175.45,-4.9129e-06
175.5,-7.5029e-06
175.55,-9.5767e-06
175.6,-1.0962e-05
175.65,-1.1591e-05
175.7,-1.1395e-05
175.75,-1.0401e-05
175.8,-8.6792e-06
175.85,-6.3384e-06
175.9,-3.5656e-06
175.95,-5.2831e-07
176,2.5338e-06
176.05,5.4247e-06
176.1,7.9336e-06
176.15,9.8788e-06
176.2,1.1141e-05
176.25,1.1607e-05
176.3,1.127e-05
176.35,1.0133e-05
176.4,8.2875e-06
176.45,5.8634e-06
176.5,3.0188e-06
176.55,-2.4166e-08
176.6,-3.0796e-06
176.65,-5.9061e-06
176.7,-8.3252e-06
176.75,-1.0159e-05
176.8,-1.1274e-05
176.85,-1.1608e-05
176.9,-1.1114e-05
176.95,-9.8542e-06
177,-7.8927e-06
177.05,-5.3818e-06
177.1,-2.4967e-06
177.15,5.7258e-07
177.2,3.5879e-06
177.25,6.3656e-06
177.3,8.6847e-06
177.35,1.0402e-05
177.4,1.1389e-05
177.45,1.1571e-05
177.5,1.0953e-05
177.55,9.5538e-06
177.6,7.4986e-06
177.65,4.9082e-06
177.7,1.9778e-06
177.75,-1.0875e-06
177.8,-4.0859e-06
177.85,-6.7838e-06
177.9,-9.021e-06
177.95,-1.0614e-05
178,-1.147e-05
178.05,-1.1523e-05
178.1,-1.0761e-05
178.15,-9.2585e-06
178.2,-7.0931e-06
178.25,-4.445e-06
178.3,-1.4766e-06
178.35,1.5921e-06
178.4,4.5445e-06
178.45,7.189e-06
178.5,9.3159e-06
178.55,1.0805e-05
178.6,1.1526e-05
178.65,1.1447e-05
178.7,1.0568e-05
178.75,8.9415e-06
178.8,6.7027e-06
178.85,3.9804e-06
178.9,9.9352e-07
178.95,-2.0715e-06
179,-4.989e-06
179.05,-7.5522e-06
179.1,-9.5983e-06
179.15,-1.0958e-05
179.2,-1.1567e-05
179.25,-1.1355e-05
179.3,-1.0355e-05
179.35,-8.6335e-06
179.4,-6.2997e-06
179.45,-3.5395e-06
179.5,-5.1742e-07
179.55,2.5277e-06
179.6,5.4034e-06
179.65,7.9007e-06
179.7,9.8393e-06
179.75,1.1102e-05
179.8,1.1575e-05
179.85,1.1253e-05
179.9,1.0135e-05
179.95,8.3137e-06
180,5.9153e-06
180.05,3.0941e-06
180.1,7.1543e-08
180.15,-2.9708e-06
180.2,-5.7929e-06
180.25,-8.2171e-06
180.3,-1.0068e-05
180.35,-1.1208e-05
180.4,-1.158e-05
180.45,-1.1127e-05
180.5,-9.9126e-06
180.55,-7.9972e-06
180.6,-5.5264e-06
180.65,-2.6757e-06
180.7,3.7276e-07
180.75,3.38e-06
180.8,6.1657e-06
180.85,8.5101e-06
180.9,1.0266e-05
180.95,1.1308e-05
181,1.1552e-05
181.05,1.1005e-05
181.1,9.675e-06
181.15,7.6842e-06
181.2,5.1504e-06
181.25,2.2583e-06
181.3,-7.8375e-07
181.35,-3.7835e-06
181.4,-6.5037e-06
181.45,-8.7851e-06
181.5,-1.0444e-05
181.55,-1.1378e-05
181.6,-1.1524e-05
181.65,-1.0857e-05
181.7,-9.4477e-06
181.75,-7.3658e-06
181.8,-4.7831e-06
181.85,-1.8621e-06
181.9,1.1903e-06
181.95,4.1502e-06
182,6.8346e-06
182.05,9.0277e-06
182.1,1.0605e-05
182.15,1.1436e-05
182.2,1.1472e-05
182.25,1.0717e-05
182.3,9.2026e-06
182.35,7.064e-06
182.4,4.4194e-06
182.45,1.4781e-06
182.5,-1.5691e-06
182.55,-4.511e-06
182.6,-7.1277e-06
182.65,-9.2635e-06
182.7,-1.0739e-05
182.75,-1.148e-05
182.8,-1.1417e-05
182.85,-1.0558e-05
182.9,-8.9736e-06
182.95,-6.752e-06
183,-4.0769e-06
183.05,-1.1055e-06
183.1,1.9346e-06
183.15,4.8402e-06
183.2,7.4161e-06
183.25,9.4634e-06
183.3,1.0868e-05
183.35,1.1504e-05
183.4,1.135e-05
183.45,1.0404e-05
183.5,8.7308e-06
183.55,6.463e-06
183.6,3.7313e-06
183.65,7.5648e-07
183.7,-2.2826e-06
183.75,-5.1571e-06
183.8,-7.6709e-06
183.85,-9.6614e-06
183.9,-1.0966e-05
183.95,-1.1525e-05
184,-1.1271e-05
184.05,-1.0242e-05
184.1,-8.5024e-06
184.15,-6.1651e-06
184.2,-3.4139e-06
184.25,-4.1017e-07
184.3,2.6071e-06
184.35,5.4525e-06
184.4,7.9171e-06
184.45,9.8265e-06
184.5,1.1066e-05
184.55,1.1522e-05
184.6,1.1195e-05
184.65,1.0079e-05
184.7,8.2693e-06
184.75,5.8898e-06
184.8,3.0918e-06
184.85,9.4965e-08
184.9,-2.9241e-06
184.95,-5.7269e-06
185,-8.1392e-06
185.05,-9.9882e-06
185.1,-1.1136e-05
185.15,-1.1526e-05
185.2,-1.1101e-05
185.25,-9.9203e-06
185.3,-8.0443e-06
185.35,-5.6121e-06
185.4,-2.7985e-06
185.45,2.2172e-07
185.5,3.2101e-06
185.55,5.9906e-06
185.6,8.3456e-06
185.65,1.0125e-05
185.7,1.1208e-05
185.75,1.1503e-05
185.8,1.1018e-05
185.85,9.7533e-06
185.9,7.8257e-06
185.95,5.3515e-06
186,2.5043e-06
186.05,-5.0544e-07
186.1,-3.495e-06
186.15,-6.2258e-06
186.2,-8.5389e-06
186.25,-1.0254e-05
186.3,-1.1257e-05
186.35,-1.1491e-05
186.4,-1.0915e-05
186.45,-9.6007e-06
186.5,-7.6078e-06
186.55,-5.0978e-06
186.6,-2.2345e-06
186.65,7.8997e-07
186.7,3.7459e-06
186.75,6.4586e-06
186.8,8.7093e-06
186.85,1.0368e-05
186.9,1.1306e-05
186.95,1.1457e-05
187,1.0829e-05
187.05,9.4355e-06
187.1,7.4064e-06
187.15,4.8536e-06
187.2,1.9707e-06
187.25,-1.0445e-06
187.3,-3.998e-06
187.35,-6.659e-06
187.4,-8.8762e-06
187.45,-1.0466e-05
187.5,-1.134e-05
187.55,-1.1432e-05
187.6,-1.0724e-05
187.65,-9.291e-06
187.7,-7.1996e-06
187.75,-4.6256e-06
187.8,-1.7243e-06
187.85,1.2956e-06
187.9,4.2174e-06
187.95,6.8616e-06
188,9.0152e-06
188.05,1.0561e-05
188.1,1.1368e-05
188.15,1.1392e-05
188.2,1.0636e-05
188.25,9.1328e-06
188.3,7.0164e-06
188.35,4.4e-06
188.4,1.4918e-06
188.45,-1.5227e-06
188.5,-4.4364e-06
188.55,-7.0314e-06
188.6,-9.1575e-06
188.65,-1.0635e-05
188.7,-1.1391e-05
188.75,-1.1356e-05
188.8,-1.0535e-05
188.85,-8.9975e-06
188.9,-6.8245e-06
188.95,-4.1981e-06
189,-1.2691e-06
189.05,1.7402e-06
189.1,4.6273e-06
189.15,7.2046e-06
189.2,9.2698e-06
189.25,1.0713e-05
189.3,1.1402e-05
189.35,1.1314e-05
189.4,1.0447e-05
189.45,8.8507e-06
189.5,6.6599e-06
189.55,3.9934e-06
189.6,1.0676e-06
189.65,-1.9411e-06
189.7,-4.814e-06
189.75,-7.3477e-06
189.8,-9.3889e-06
189.85,-1.0766e-05
189.9,-1.1417e-05
189.95,-1.1271e-05
190,-1.0352e-05
190.05,-8.7258e-06
190.1,-6.4861e-06
190.15,-3.8171e-06
190.2,-8.693e-07
190.25,2.1261e-06
190.3,4.9788e-06
190.35,7.4928e-06
190.4,9.4787e-06
190.45,1.0828e-05
190.5,1.1416e-05
190.55,1.1231e-05
190.6,1.0267e-05
190.65,8.5934e-06
190.7,6.3403e-06
190.75,3.6351e-06
190.8,6.9769e-07
190.85,-2.3014e-06
190.9,-5.1344e-06
190.95,-7.6122e-06
191,-9.5762e-06
191.05,-1.0865e-05
191.1,-1.1425e-05
191.15,-1.1183e-05
191.2,-1.0181e-05
191.25,-8.4799e-06
191.3,-6.1868e-06
191.35,-3.4839e-06
191.4,-5.2447e-07
191.45,2.4553e-06
191.5,5.2748e-06
191.55,7.7308e-06
191.6,9.6471e-06
191.65,1.0915e-05
191.7,1.1414e-05
191.75,1.1146e-05
191.8,1.0101e-05
191.85,8.3641e-06
191.9,6.06e-06
191.95,3.3259e-06
192,3.8146e-07
192.05,-2.6054e-06
192.1,-5.4013e-06
192.15,-7.8291e-06
192.2,-9.7246e-06
192.25,-1.0939e-05
192.3,-1.1419e-05
192.35,-1.1098e-05
192.4,-1.0027e-05
192.45,-8.2633e-06
192.5,-5.9281e-06
192.55,-3.199e-06
192.6,-2.337e-07
192.65,2.73e-06
192.7,5.5186e-06
192.75,7.9229e-06
192.8,9.7793e-06
192.85,1.0976e-05
192.9,1.1402e-05
192.95,1.1064e-05
193,9.9528e-06
193.05,8.1652e-06
193.1,5.8205e-06
193.15,3.0658e-06
193.2,1.1797e-07
193.25,-2.8554e-06
193.3,-5.6178e-06
193.35,-8.0019e-06
193.4,-9.8387e-06
193.45,-1.099e-05
193.5,-1.1404e-05
193.55,-1.1017e-05
193.6,-9.8908e-06
193.65,-8.0782e-06
193.7,-5.7111e-06
193.75,-2.9627e-06
193.8,4.2642e-09
193.85,2.9524e-06
193.9,5.7131e-06
193.95,8.073e-06
194,9.8792e-06
194.05,1.1017e-05
194.1,1.1384e-05
194.15,1.0989e-05
194.2,9.8255e-06
194.25,7.9984e-06
194.3,5.6229e-06
194.35,2.8544e-06
194.4,-9.3885e-08
194.45,-3.0536e-06
194.5,-5.7869e-06
194.55,-8.1341e-06
194.6,-9.9222e-06
194.65,-1.1023e-05
194.7,-1.1383e-05
194.75,-1.0946e-05
194.8,-9.7761e-06
194.85,-7.9262e-06
194.9,-5.5361e-06
194.95,-2.7747e-06
195,1.9082e-07
195.05,3.1246e-06
195.1,5.8609e-06
195.15,8.1843e-06
195.2,9.95e-06
195.25,1.1041e-05
195.3,1.1362e-05
195.35,1.0924e-05
195.4,9.7207e-06
195.45,7.8649e-06
195.5,5.4677e-06
195.55,2.6911e-06
195.6,-2.5532e-07
195.65,-3.202e-06
195.7,-5.9111e-06
195.75,-8.2285e-06
195.8,-9.9784e-06
195.85,-1.104e-05
195.9,-1.136e-05
195.95,-1.0885e-05
196,-9.6843e-06
196.05,-7.8082e-06
196.1,-5.4032e-06
196.15,-2.6343e-06
196.2,3.2743e-07
196.25,3.2483e-06
196.3,5.9645e-06
196.35,8.2594e-06
196.4,9.9946e-06
196.45,1.1051e-05
196.5,1.1339e-05
196.55,1.087e-05
196.6,9.6397e-06
196.65,7.7652e-06
196.7,5.3547e-06
196.75,2.5749e-06
196.8,-3.6763e-07
196.85,-3.3026e-06
196.9,-5.9927e-06
196.95,-8.2874e-06
197,-1.001e-05
197.05,-1.1044e-05
197.1,-1.1337e-05
197.15,-1.0837e-05
197.2,-9.6162e-06
197.25,-7.7245e-06
197.3,-5.3121e-06
197.35,-2.5409e-06
197.4,4.1558e-07
197.45,3.3253e-06
197.5,6.0261e-06
197.55,8.3006e-06
197.6,1.0015e-05
197.65,1.1048e-05
197.7,1.1315e-05
197.75,1.0828e-05
197.8,9.5831e-06
197.85,7.6994e-06
197.9,5.2836e-06
197.95,2.505e-06
198,-4.3214e-07
198.05,-3.3571e-06
198.1,-6.0333e-06
198.15,-8.3129e-06
198.2,-1.0018e-05
198.25,-1.1036e-05
198.3,-1.1314e-05
198.35,-1.0802e-05
198.4,-9.5723e-06
198.45,-7.675e-06
198.5,-5.262e-06
198.55,-2.4933e-06
198.6,4.5668e-07
198.65,3.3572e-06
198.7,6.0473e-06
198.75,8.3096e-06
198.8,1.0012e-05
198.85,1.1035e-05
198.9,1.1293e-05
198.95,1.08e-05
199,9.551e-06
199.05,7.6672e-06
199.1,5.2535e-06
199.15,2.48e-06
199.2,-4.5016e-07
199.25,-3.3672e-06
199.3,-6.0347e-06
199.35,-8.3065e-06
199.4,-1.0004e-05
199.45,-1.1018e-05
199.5,-1.1292e-05
199.55,-1.078e-05
199.6,-9.5525e-06
199.65,-7.6592e-06
199.7,-5.2522e-06
199.75,-2.4905e-06
199.8,4.5211e-07
199.85,3.3454e-06
199.9,6.0296e-06
199.95,8.2875e-06
200,9.9882e-06
200.05,1.1011e-05
200.1,1.1272e-05
200.15,1.0785e-05
200.2,9.5429e-06
200.25,7.6678e-06
200.3,5.2636e-06
200.35,2.499e-06
200.4,-4.2299e-07
200.45,-3.3341e-06
200.5,-5.9979e-06
200.55,-8.2691e-06
200.6,-9.9697e-06
200.65,-1.0989e-05
200.7,-1.1272e-05
200.75,-1.0771e-05
200.8,-9.5561e-06
200.85,-7.6761e-06
200.9,-5.2814e-06
200.95,-2.5313e-06
201,4.0316e-07
201.05,3.291e-06
201.1,5.974e-06
201.15,8.2352e-06
201.2,9.9428e-06
201.25,1.0977e-05
201.3,1.1253e-05
201.35,1.0782e-05
201.4,9.558e-06
201.45,7.7001e-06
201.5,5.3124e-06
201.55,2.5604e-06
201.6,-3.519e-07
201.65,-3.259e-06
201.7,-5.9239e-06
201.75,-8.2013e-06
201.8,-9.9144e-06
201.85,-1.0949e-05
201.9,-1.1254e-05
201.95,-1.0774e-05
202,-9.582e-06
202.05,-7.7245e-06
202.1,-5.3484e-06
202.15,-2.6142e-06
202.2,3.1103e-07
202.25,3.1951e-06
202.3,5.8813e-06
202.35,8.1531e-06
202.4,9.8762e-06
202.45,1.0933e-05
202.5,1.1233e-05
202.55,1.0791e-05
202.6,9.5951e-06
202.65,7.7628e-06
202.7,5.3988e-06
202.75,2.663e-06
202.8,-2.3814e-07
202.85,-3.1427e-06
202.9,-5.8134e-06
202.95,-8.1033e-06
203,-9.8382e-06
203.05,-1.0899e-05
203.1,-1.1235e-05
203.15,-1.0788e-05
203.2,-9.6288e-06
203.25,-7.8028e-06
203.3,-5.4516e-06
203.35,-2.7379e-06
203.4,1.7689e-07
203.45,3.0588e-06
203.5,5.7518e-06
203.55,8.0413e-06
203.6,9.788e-06
203.65,1.0878e-05
203.7,1.1214e-05
203.75,1.0809e-05
203.8,9.6525e-06
203.85,7.8541e-06
203.9,5.5208e-06
203.95,2.8053e-06
204,-8.2946e-08
204.05,-2.986e-06
204.1,-5.6667e-06
204.15,-7.9751e-06
204.2,-9.7405e-06
204.25,-1.0836e-05
204.3,-1.1214e-05
204.35,-1.0812e-05
204.4,-9.6945e-06
204.45,-7.9093e-06
204.5,-5.5892e-06
204.55,-2.9007e-06
204.6,1.8597e-09
204.65,2.8827e-06
204.7,5.5859e-06
204.75,7.8996e-06
