0,0
0.05,0
0.1,0
0.15,0
0.2,0
0.25,0
0.3,0
0.35,0
0.4,0
0.45,0
0.5,0
0.55,0
0.6,0
0.65,0
0.7,0
0.75,0
0.8,0
0.85,0
0.9,0
0.95,0
1,0
1.05,0
1.1,0
1.15,0
1.2,0
1.25,0
1.3,0
1.35,0
1.4,0
1.45,0
1.5,0
1.55,0
1.6,0
1.65,0
1.7,0
1.75,0
1.8,0
1.85,0
1.9,0
1.95,0
2,0
2.05,0
2.1,0
2.15,0
2.2,0
2.25,0
2.3,0
2.35,0
2.4,0
2.45,0
2.5,0
2.55,0
2.6,0
2.65,0
2.7,0
2.75,0
2.8,0
2.85,0
2.9,0
2.95,0
3,0
3.05,0
3.1,0
3.15,0
3.2,0
3.25,0
3.3,0
3.35,0
3.4,0
3.45,0
3.5,0
3.55,0
3.6,0
3.65,0
3.7,0
3.75,0
3.8,0
3.85,0
3.9,0
3.95,0
4,0
4.05,0
4.1,0
4.15,0
4.2,0
4.25,0
4.3,0
4.35,0
4.4,0
4.45,0
4.5,0
4.55,0
4.6,0
4.65,0
4.7,0
4.75,0
4.8,0
4.85,0
4.9,0
4.95,0
5,0
5.05,0
5.1,0
5.15,0
5.2,0
5.25,0
5.3,0
5.35,0
5.4,0
5.45,0
5.5,0
5.55,0
5.6,0
5.65,0
5.7,0
5.75,0
5.8,0
5.85,0
5.9,0
5.95,0
6,0
6.05,0
6.1,0
6.15,0
6.2,0
6.25,0
6.3,0
6.35,0
6.4,0
6.45,0
6.5,0
6.55,0
6.6,0
6.65,0
6.7,0
6.75,0
6.8,0
6.85,0
6.9,0
6.95,0
7,0
7.05,0
7.1,0
7.15,0
7.2,0
7.25,0
7.3,0
7.35,0
7.4,0
7.45,0
7.5,0
7.55,0
7.6,0
7.65,0
7.7,0
7.75,0
7.8,0
7.85,0
7.9,0
7.95,0
8,0
8.05,0
8.1,0
8.15,0
8.2,0
8.25,0
8.3,0
8.35,0
8.4,0
8.45,0
8.5,0
8.55,0
8.6,0
8.65,0
8.7,0
8.75,0
8.8,0
8.85,0
8.9,0
8.95,0
9,0
9.05,0
9.1,0
9.15,0
9.2,0
9.25,0
9.3,0
9.35,0
9.4,0
9.45,0
9.5,0
9.55,0
9.6,0
9.65,0
9.7,0
9.75,0
9.8,0
9.85,0
9.9,0
9.95,0
10,0
10.05,0
10.1,0
10.15,0
10.2,0
10.25,0
10.3,0
10.35,0
10.4,0
10.45,0
10.5,0
10.55,0
10.6,0
10.65,0
10.7,0
10.75,0
10.8,0
10.85,0
10.9,0
10.95,0
11,0
11.05,0
11.1,0
11.15,0
11.2,0
11.25,0
11.3,0
11.35,0
11.4,0
11.45,0
11.5,0
11.55,0
11.6,0
11.65,0
11.7,0
11.75,0
11.8,0
11.85,0
11.9,0
11.95,0
12,0
12.05,0
12.1,0
12.15,0
12.2,0
12.25,0
12.3,0
12.35,0
12.4,0
12.45,0
12.5,0
12.55,0
12.6,0
12.65,0
12.7,0
12.75,0
12.8,0
12.85,0
12.9,0
12.95,0
13,0
13.05,0
13.1,0
13.15,0
13.2,0
13.25,0
13.3,0
13.35,0
13.4,0
13.45,0
13.5,0
13.55,0
13.6,0
13.65,0
13.7,0
13.75,0
13.8,0
13.85,0
13.9,0
13.95,0
14,0
14.05,0
14.1,0
14.15,0
14.2,0
14.25,0
14.3,0
14.35,0
14.4,0
14.45,0
14.5,0
14.55,0
14.6,0
14.65,0
14.7,0
14.75,0
14.8,0
14.85,0
14.9,0
14.95,0
15,0
15.05,0
15.1,0
15.15,0
15.2,0
15.25,0
15.3,0
15.35,0
15.4,0
15.45,0
15.5,0
15.55,0
15.6,0
15.65,0
15.7,0
15.75,0
15.8,0
15.85,0
15.9,0
15.95,0
16,0
16.05,0
16.1,0
16.15,0
16.2,0
16.25,0
16.3,0
16.35,0
16.4,0
16.45,0
16.5,0
16.55,0
16.6,0
16.65,0
16.7,0
16.75,0
16.8,0
16.85,0
16.9,0
16.95,0
17,0
17.05,0
17.1,0
17.15,0
17.2,0
17.25,0
17.3,0
17.35,0
17.4,0
17.45,0
17.5,0
17.55,0
17.6,0
17.65,0
17.7,0
17.75,0
17.8,0
17.85,0
17.9,0
17.95,0
18,0
18.05,0
18.1,0
18.15,0
18.2,0
18.25,0
18.3,0
18.35,0
18.4,0
18.45,0
18.5,0
18.55,0
18.6,0
18.65,0
18.7,0
18.75,0
18.8,0
18.85,0
18.9,0
18.95,0
19,0
19.05,0
19.1,0
19.15,0
19.2,0
19.25,0
19.3,0
19.35,0
19.4,0
19.45,0
19.5,0
19.55,0
19.6,0
19.65,0
19.7,0
19.75,0
19.8,0
19.85,0
19.9,0
19.95,0
20,0
20.05,0
20.1,0
20.15,0
20.2,0
20.25,0
20.3,0
20.35,0
20.4,0
20.45,0
20.5,0
20.55,0
20.6,0
20.65,0
20.7,0
20.75,0
20.8,0
20.85,0
20.9,0
20.95,0
21,0
21.05,0
21.1,0
21.15,0
21.2,0
21.25,0
21.3,0
21.35,0
21.4,0
21.45,0
21.5,0
21.55,0
21.6,0
21.65,0
21.7,0
21.75,0
21.8,0
21.85,0
21.9,0
21.95,0
22,0
22.05,0
22.1,0
22.15,0
22.2,0
22.25,0
22.3,0
22.35,0
22.4,0
22.45,0
22.5,0
22.55,0
22.6,0
22.65,0
22.7,0
22.75,0
22.8,0
22.85,0
22.9,0
22.95,0
23,0
23.05,0
23.1,0
23.15,0
23.2,0
23.25,0
23.3,0
23.35,0
23.4,0
23.45,0
23.5,0
23.55,0
23.6,0
23.65,0
23.7,0
23.75,0
23.8,0
23.85,-2.5069e-06
23.9,-3.3021e-06
23.95,1.9319e-05
24,1.3845e-05
24.05,8.2408e-06
24.1,2.6517e-08
24.15,-6.6505e-06
24.2,-1.3488e-05
24.25,-1.8073e-05
24.3,-2.0245e-05
24.35,-2.0221e-05
24.4,-1.6903e-05
24.45,-1.2076e-05
24.5,-5.1492e-06
24.55,2.1259e-06
24.6,9.1033e-06
24.65,1.509e-05
24.7,1.867e-05
24.75,2.0229e-05
24.8,1.8719e-05
24.85,1.499e-05
24.9,9.2267e-06
24.95,2.1193e-06
25,-5.0001e-06
25.05,-1.1805e-05
25.1,-1.6744e-05
25.15,-1.9727e-05
25.2,-2.0042e-05
25.25,-1.7686e-05
25.3,-1.3216e-05
25.35,-6.7713e-06
25.4,2.6514e-07
25.45,7.4669e-06
25.5,1.3554e-05
25.55,1.7845e-05
25.6,1.9911e-05
25.65,1.916e-05
25.7,1.6135e-05
25.75,1.0789e-05
25.8,4.1728e-06
25.85,-3.0205e-06
25.9,-9.8851e-06
25.95,-1.5302e-05
26,-1.8921e-05
26.05,-1.9875e-05
26.1,-1.8394e-05
26.15,-1.4453e-05
26.2,-8.618e-06
26.25,-1.7836e-06
26.3,5.433e-06
26.35,1.1741e-05
26.4,1.6665e-05
26.45,1.9308e-05
26.5,1.9447e-05
26.55,1.7117e-05
26.6,1.2429e-05
26.65,6.2928e-06
26.7,-8.167e-07
26.75,-7.6925e-06
26.8,-1.3615e-05
26.85,-1.7788e-05
26.9,-1.9555e-05
26.95,-1.8924e-05
27,-1.5687e-05
27.05,-1.0558e-05
27.1,-3.9872e-06
27.15,3.0698e-06
27.2,9.6601e-06
27.25,1.5093e-05
27.3,1.8417e-05
27.35,1.9485e-05
27.4,1.7917e-05
27.45,1.408e-05
27.5,8.4366e-06
27.55,1.6335e-06
27.6,-5.2551e-06
27.65,-1.159e-05
27.7,-1.6296e-05
27.75,-1.8971e-05
27.8,-1.9167e-05
27.85,-1.6853e-05
27.9,-1.2455e-05
27.95,-6.3383e-06
28,4.5798e-07
28.05,7.2846e-06
28.1,1.3097e-05
28.15,1.721e-05
28.2,1.9145e-05
28.25,1.8509e-05
28.3,1.5604e-05
28.35,1.0574e-05
28.4,4.2757e-06
28.45,-2.6061e-06
28.5,-9.1552e-06
28.55,-1.4452e-05
28.6,-1.7981e-05
28.65,-1.9077e-05
28.7,-1.7822e-05
28.75,-1.4206e-05
28.8,-8.7969e-06
28.85,-2.294e-06
28.9,4.5611e-06
28.95,1.0715e-05
29,1.5588e-05
29.05,1.8354e-05
29.1,1.8815e-05
29.15,1.6845e-05
29.2,1.2679e-05
29.25,6.9682e-06
29.3,2.7128e-07
29.35,-6.3454e-06
29.4,-1.2225e-05
29.45,-1.6476e-05
29.5,-1.8616e-05
29.55,-1.8408e-05
29.6,-1.5767e-05
29.65,-1.1212e-05
29.7,-5.1319e-06
29.75,1.5123e-06
29.8,7.9928e-06
29.85,1.3437e-05
29.9,1.7108e-05
29.95,1.8661e-05
30,1.7728e-05
30.05,1.4624e-05
30.1,9.5825e-06
30.15,3.3646e-06
30.2,-3.2693e-06
30.25,-9.5189e-06
30.3,-1.4467e-05
30.35,-1.7653e-05
30.4,-1.8492e-05
30.45,-1.7044e-05
30.5,-1.339e-05
30.55,-8.0333e-06
30.6,-1.7087e-06
30.65,4.8943e-06
30.7,1.0769e-05
30.75,1.5349e-05
30.8,1.7896e-05
30.85,1.8196e-05
30.9,1.6182e-05
30.95,1.2072e-05
31,6.505e-06
31.05,3.3837e-08
31.1,-6.3429e-06
31.15,-1.1972e-05
31.2,-1.6031e-05
31.25,-1.8048e-05
31.3,-1.7809e-05
31.35,-1.5243e-05
31.4,-1.0835e-05
31.45,-4.9764e-06
31.5,1.4297e-06
31.55,7.6824e-06
31.6,1.2942e-05
31.65,1.6519e-05
31.7,1.8057e-05
31.75,1.7223e-05
31.8,1.4295e-05
31.85,9.49e-06
31.9,3.5404e-06
31.95,-2.8587e-06
32,-8.9065e-06
32.05,-1.3763e-05
32.1,-1.6945e-05
32.15,-1.7899e-05
32.2,-1.6665e-05
32.25,-1.3277e-05
32.3,-8.2422e-06
32.35,-2.1925e-06
32.4,4.1656e-06
32.45,9.9148e-06
32.5,1.4481e-05
32.55,1.7134e-05
32.6,1.768e-05
32.65,1.5965e-05
32.7,1.224e-05
32.75,7.0162e-06
32.8,8.5812e-07
32.85,-5.3191e-06
32.9,-1.0892e-05
32.95,-1.5018e-05
33,-1.7289e-05
33.05,-1.7371e-05
33.1,-1.5249e-05
33.15,-1.1267e-05
33.2,-5.8088e-06
33.25,2.8881e-07
33.3,6.4063e-06
33.35,1.1654e-05
33.4,1.5451e-05
33.45,1.7308e-05
33.5,1.6952e-05
33.55,1.4532e-05
33.6,1.0222e-05
33.65,4.7145e-06
33.7,-1.4333e-06
33.75,-7.3502e-06
33.8,-1.2343e-05
33.85,-1.5802e-05
33.9,-1.7228e-05
33.95,-1.6564e-05
34,-1.3757e-05
34.05,-9.3053e-06
34.1,-3.651e-06
34.15,2.4206e-06
34.2,8.1705e-06
34.25,1.292e-05
34.3,1.5988e-05
34.35,1.7123e-05
34.4,1.6047e-05
34.45,1.3034e-05
34.5,8.3602e-06
34.55,2.6696e-06
34.6,-3.3263e-06
34.65,-8.9351e-06
34.7,-1.3358e-05
34.75,-1.6178e-05
34.8,-1.691e-05
34.85,-1.5592e-05
34.9,-1.2304e-05
34.95,-7.5021e-06
35,-1.8008e-06
35.05,4.1558e-06
35.1,9.5183e-06
35.15,1.3755e-05
35.2,1.6207e-05
35.25,1.6691e-05
35.3,1.5075e-05
35.35,1.1592e-05
35.4,6.7065e-06
35.45,9.5189e-07
35.5,-4.8434e-06
35.55,-1.0093e-05
35.6,-1.4017e-05
35.65,-1.6243e-05
35.7,-1.6429e-05
35.75,-1.4579e-05
35.8,-1.0959e-05
35.85,-5.943e-06
35.9,-2.6852e-07
35.95,5.4912e-06
36,1.0497e-05
36.05,1.4237e-05
36.1,1.6186e-05
36.15,1.6129e-05
36.2,1.4108e-05
36.25,1.0302e-05
36.3,5.2973e-06
36.35,-4.1454e-07
36.4,-6.001e-06
36.45,-1.0879e-05
36.5,-1.4381e-05
36.55,-1.6101e-05
36.6,-1.586e-05
36.65,-1.3622e-05
36.7,-9.7737e-06
36.75,-4.6691e-06
36.8,9.3623e-07
36.85,6.4572e-06
36.9,1.1144e-05
36.95,1.445e-05
37,1.5994e-05
37.05,1.5527e-05
37.1,1.3211e-05
37.15,9.2172e-06
37.2,4.163e-06
37.25,-1.4374e-06
37.3,-6.8163e-06
37.35,-1.1353e-05
37.4,-1.4503e-05
37.45,-1.5831e-05
37.5,-1.527e-05
37.55,-1.278e-05
37.6,-8.7941e-06
37.65,-3.6918e-06
37.7,1.8116e-06
37.75,7.0928e-06
37.8,1.15e-05
37.85,1.446e-05
37.9,1.5691e-05
37.95,1.4945e-05
38,1.2437e-05
38.05,8.3621e-06
38.1,3.321e-06
38.15,-2.1353e-06
38.2,-7.3139e-06
38.25,-1.1567e-05
38.3,-1.4438e-05
38.35,-1.5489e-05
38.4,-1.4711e-05
38.45,-1.2086e-05
38.5,-8.0481e-06
38.55,-3.009e-06
38.6,2.3673e-06
38.65,7.432e-06
38.7,1.1607e-05
38.75,1.4314e-05
38.8,1.5329e-05
38.85,1.4421e-05
38.9,1.1819e-05
38.95,7.7475e-06
39,2.7739e-06
39.05,-2.528e-06
39.1,-7.5225e-06
39.15,-1.1557e-05
39.2,-1.4228e-05
39.25,-1.5111e-05
39.3,-1.422e-05
39.35,-1.1559e-05
39.4,-7.5469e-06
39.45,-2.6127e-06
39.5,2.6208e-06
39.55,7.5027e-06
39.6,1.1499e-05
39.65,1.4044e-05
39.7,1.4941e-05
39.75,1.3976e-05
39.8,1.1375e-05
39.85,7.3731e-06
39.9,2.5132e-06
39.95,-2.6344e-06
40,-7.4684e-06
40.05,-1.1351e-05
40.1,-1.3904e-05
40.15,-1.4719e-05
40.2,-1.3815e-05
40.25,-1.1203e-05
40.3,-7.2879e-06
40.35,-2.4902e-06
40.4,2.5915e-06
40.45,7.3264e-06
40.5,1.1201e-05
40.55,1.367e-05
40.6,1.4543e-05
40.65,1.3614e-05
40.7,1.1102e-05
40.75,7.23e-06
40.8,2.5239e-06
40.85,-2.4725e-06
40.9,-7.1718e-06
40.95,-1.0965e-05
41,-1.3478e-05
41.05,-1.4317e-05
41.1,-1.3494e-05
41.15,-1.101e-05
41.2,-7.2574e-06
41.25,-2.625e-06
41.3,2.2975e-06
41.35,6.9191e-06
41.4,1.0725e-05
41.45,1.3197e-05
41.5,1.4135e-05
41.55,1.333e-05
41.6,1.0988e-05
41.65,7.3011e-06
41.7,2.7869e-06
41.75,-2.0597e-06
41.8,-6.6458e-06
41.85,-1.0407e-05
41.9,-1.2949e-05
41.95,-1.3899e-05
42,-1.3242e-05
42.05,-1.0961e-05
42.1,-7.4328e-06
42.15,-2.9964e-06
42.2,1.7561e-06
42.25,6.2918e-06
42.3,1.0072e-05
42.35,1.262e-05
42.4,1.3698e-05
42.45,1.3102e-05
42.5,1.1005e-05
42.55,7.5614e-06
42.6,3.2777e-06
42.65,-1.4125e-06
42.7,-5.8986e-06
42.75,-9.6756e-06
42.8,-1.2305e-05
42.85,-1.3445e-05
42.9,-1.3028e-05
42.95,-1.1028e-05
43,-7.7812e-06
43.05,-3.5803e-06
43.1,9.8615e-07
43.15,5.4507e-06
43.2,9.2369e-06
43.25,1.1923e-05
43.3,1.3205e-05
43.35,1.29e-05
43.4,1.1112e-05
43.45,7.9786e-06
43.5,3.9647e-06
43.55,-5.4762e-07
43.6,-4.9372e-06
43.65,-8.7619e-06
43.7,-1.1522e-05
43.75,-1.2924e-05
43.8,-1.281e-05
43.85,-1.117e-05
43.9,-8.2586e-06
43.95,-4.348e-06
44,1.1737e-08
44.05,4.3989e-06
44.1,8.2111e-06
44.15,1.108e-05
44.2,1.2616e-05
44.25,1.2679e-05
44.3,1.1259e-05
44.35,8.5114e-06
44.4,4.8064e-06
44.45,5.1654e-07
44.5,-3.7736e-06
44.55,-7.6509e-06
44.6,-1.0576e-05
44.65,-1.2291e-05
44.7,-1.2536e-05
44.75,-1.1335e-05
44.8,-8.8111e-06
44.85,-5.2621e-06
44.9,-1.1344e-06
44.95,3.1391e-06
45,6.9906e-06
45.05,1.0055e-05
45.1,1.1892e-05
45.15,1.2378e-05
45.2,1.1388e-05
45.25,9.1024e-06
45.3,5.7536e-06
45.35,1.7524e-06
45.4,-2.4259e-06
45.45,-6.3263e-06
45.5,-9.445e-06
45.55,-1.1493e-05
45.6,-1.2156e-05
45.65,-1.145e-05
45.7,-9.3804e-06
45.75,-6.2663e-06
45.8,-2.4147e-06
45.85,1.6852e-06
45.9,5.5753e-06
45.95,8.8118e-06
46,1.0995e-05
46.05,1.1926e-05
46.1,1.1439e-05
46.15,9.6718e-06
46.2,6.754e-06
46.25,3.1086e-06
46.3,-9.1419e-07
46.35,-4.7867e-06
46.4,-8.1077e-06
46.45,-1.0472e-05
46.5,-1.1615e-05
46.55,-1.143e-05
46.6,-9.9045e-06
46.65,-7.2782e-06
46.7,-3.789e-06
46.75,8.0149e-08
46.8,3.9617e-06
46.85,7.3339e-06
46.9,9.878e-06
46.95,1.1253e-05
47,1.1343e-05
47.05,1.0127e-05
47.1,7.7466e-06
47.15,4.5066e-06
47.2,7.3884e-07
47.25,-3.0633e-06
47.3,-6.5337e-06
47.35,-9.2008e-06
47.4,-1.084e-05
47.45,-1.1196e-05
47.5,-1.0299e-05
47.55,-8.2069e-06
47.6,-5.199e-06
47.65,-1.6092e-06
47.7,2.1544e-06
47.75,5.6368e-06
47.8,8.4836e-06
47.85,1.0317e-05
47.9,1.1e-05
47.95,1.0388e-05
48,8.632e-06
48.05,5.8669e-06
48.1,2.4761e-06
48.15,-1.2021e-06
48.2,-4.7111e-06
48.25,-7.672e-06
48.3,-9.7497e-06
48.35,-1.0696e-05
48.4,-1.0442e-05
48.45,-8.9769e-06
48.5,-6.532e-06
48.55,-3.3232e-06
48.6,2.1038e-07
48.65,3.7362e-06
48.7,6.7893e-06
48.75,9.0827e-06
48.8,1.0316e-05
48.85,1.0386e-05
48.9,9.2769e-06
48.95,7.1176e-06
49,4.1787e-06
49.05,7.6125e-07
49.1,-2.697e-06
49.15,-5.8637e-06
49.2,-8.3176e-06
49.25,-9.8537e-06
49.3,-1.0237e-05
49.35,-9.4925e-06
49.4,-7.6572e-06
49.45,-4.9872e-06
49.5,-1.7585e-06
49.55,1.6471e-06
49.6,4.8441e-06
49.65,7.4902e-06
49.7,9.2601e-06
49.75,1.0003e-05
49.8,9.5883e-06
49.85,8.13e-06
49.9,5.7336e-06
49.95,2.7389e-06
50,-5.7647e-07
50.05,-3.7823e-06
50.1,-6.5672e-06
50.15,-8.585e-06
50.2,-9.6372e-06
50.25,-9.6029e-06
50.3,-8.4871e-06
50.35,-6.4408e-06
50.4,-3.6665e-06
50.45,-5.2254e-07
50.5,2.6895e-06
50.55,5.5517e-06
50.6,7.8081e-06
50.65,9.1484e-06
50.7,9.4879e-06
50.75,8.7415e-06
50.8,7.0448e-06
50.85,4.5575e-06
50.9,1.5858e-06
50.95,-1.5471e-06
51,-4.4932e-06
51.05,-6.9106e-06
51.1,-8.5608e-06
51.15,-9.2272e-06
51.2,-8.8888e-06
51.25,-7.5366e-06
51.3,-5.3847e-06
51.35,-2.6188e-06
51.4,3.9246e-07
51.45,3.3672e-06
51.5,5.9273e-06
51.55,7.8321e-06
51.6,8.8436e-06
51.65,8.8759e-06
51.7,7.9237e-06
51.75,6.0952e-06
51.8,3.6144e-06
51.85,7.338e-07
51.9,-2.1893e-06
51.95,-4.8751e-06
52,-6.9789e-06
52.05,-8.3256e-06
52.1,-8.7167e-06
52.15,-8.1703e-06
52.2,-6.701e-06
52.25,-4.5251e-06
52.3,-1.846e-06
52.35,1.0042e-06
52.4,3.7341e-06
52.45,6.0303e-06
52.5,7.6461e-06
52.55,8.4162e-06
52.6,8.244e-06
52.65,7.1826e-06
52.7,5.3197e-06
52.75,2.9078e-06
52.8,1.6868e-07
52.85,-2.5443e-06
52.9,-4.9853e-06
52.95,-6.8375e-06
53,-7.951e-06
53.05,-8.1643e-06
53.1,-7.5003e-06
53.15,-6.0054e-06
53.2,-3.8744e-06
53.25,-1.3291e-06
53.3,1.3422e-06
53.35,3.8436e-06
53.4,5.9153e-06
53.45,7.3134e-06
53.5,7.9189e-06
53.55,7.6368e-06
53.6,6.5451e-06
53.65,4.7249e-06
53.7,2.4272e-06
53.75,-1.419e-07
53.8,-2.6529e-06
53.85,-4.8786e-06
53.9,-6.5366e-06
53.95,-7.4887e-06
54,-7.605e-06
54.05,-6.9051e-06
54.1,-5.4535e-06
54.15,-3.4239e-06
54.2,-1.0398e-06
54.25,1.4439e-06
54.3,3.7423e-06
54.35,5.6297e-06
54.4,6.8765e-06
54.45,7.3866e-06
54.5,7.0731e-06
54.55,6.0178e-06
54.6,4.2981e-06
54.65,2.1496e-06
54.7,-2.3556e-07
54.75,-2.5553e-06
54.8,-4.5994e-06
54.85,-6.1132e-06
54.9,-6.9696e-06
54.95,-7.0555e-06
55,-6.3887e-06
55.05,-5.0339e-06
55.1,-3.1498e-06
55.15,-9.4452e-07
55.2,1.3491e-06
55.25,3.4694e-06
55.3,5.21e-06
55.35,6.3615e-06
55.4,6.8356e-06
55.45,6.5538e-06
55.5,5.5897e-06
55.55,4.0145e-06
55.6,2.0425e-06
55.65,-1.5084e-07
55.7,-2.2894e-06
55.75,-4.182e-06
55.8,-5.5931e-06
55.85,-6.4079e-06
55.9,-6.5168e-06
55.95,-5.9386e-06
56,-4.7227e-06
56.05,-3.0188e-06
56.1,-1.0058e-06
56.15,1.0965e-06
56.2,3.0586e-06
56.25,4.6823e-06
56.3,5.7827e-06
56.35,6.2672e-06
56.4,6.0666e-06
56.45,5.2365e-06
56.5,3.8411e-06
56.55,2.0672e-06
56.6,7.338e-08
56.65,-1.8912e-06
56.7,-3.6533e-06
56.75,-4.9928e-06
56.8,-5.8056e-06
56.85,-5.9787e-06
56.9,-5.5305e-06
56.95,-4.4873e-06
57,-2.9907e-06
57.05,-1.1829e-06
57.1,7.2407e-07
57.15,2.54e-06
57.2,4.0655e-06
57.25,5.1458e-06
57.3,5.6725e-06
57.35,5.5904e-06
57.4,4.9248e-06
57.45,3.7384e-06
57.5,2.1799e-06
57.55,3.9706e-07
57.6,-1.396e-06
57.65,-3.0359e-06
57.7,-4.324e-06
57.75,-5.1575e-06
57.8,-5.424e-06
57.85,-5.1322e-06
57.9,-4.2891e-06
57.95,-3.0196e-06
58,-1.4329e-06
58.05,2.7238e-07
58.1,1.9424e-06
58.15,3.3775e-06
58.2,4.4525e-06
58.25,5.0389e-06
58.3,5.0984e-06
58.35,4.6169e-06
58.4,3.6625e-06
58.45,2.3333e-06
58.5,7.7732e-07
58.55,-8.4063e-07
58.6,-2.3532e-06
58.65,-3.5978e-06
58.7,-4.4567e-06
58.75,-4.8333e-06
58.8,-4.7091e-06
58.85,-4.0865e-06
58.9,-3.056e-06
58.95,-1.7096e-06
59,-2.1393e-07
59.05,1.2965e-06
59.1,2.6403e-06
59.15,3.7044e-06
59.2,4.357e-06
59.25,4.5608e-06
59.3,4.2762e-06
59.35,3.5635e-06
59.4,2.4793e-06
59.45,1.164e-06
59.5,-2.6458e-07
59.55,-1.636e-06
59.6,-2.8283e-06
59.65,-3.7028e-06
59.7,-4.1894e-06
59.75,-4.2294e-06
59.8,-3.8374e-06
59.85,-3.0502e-06
59.9,-1.9628e-06
59.95,-6.8673e-07
60,6.4036e-07
60.05,1.8815e-06
60.1,2.9114e-06
60.15,3.6235e-06
60.2,3.955e-06
60.25,3.8701e-06
60.3,3.3935e-06
60.35,2.5696e-06
60.4,1.5011e-06
60.45,2.881e-07
60.5,-9.2741e-07
60.55,-2.0363e-06
60.6,-2.91e-06
60.65,-3.4798e-06
60.7,-3.6746e-06
60.75,-3.4991e-06
60.8,-2.959e-06
60.85,-2.1347e-06
60.9,-1.0968e-06
60.95,2.6145e-08
61,1.136e-06
61.05,2.1014e-06
61.1,2.844e-06
61.15,3.2747e-06
61.2,3.3718e-06
61.25,3.1157e-06
61.3,2.5542e-06
61.35,1.736e-06
61.4,7.6297e-07
61.45,-2.7553e-07
61.5,-1.2606e-06
61.55,-2.1038e-06
61.6,-2.7124e-06
61.65,-3.0377e-06
61.7,-3.0448e-06
61.75,-2.7459e-06
61.8,-2.1723e-06
61.85,-1.3921e-06
61.9,-4.8571e-07
61.95,4.5032e-07
62,1.3211e-06
62.05,2.0403e-06
62.1,2.5368e-06
62.15,2.7676e-06
62.2,2.712e-06
62.25,2.3863e-06
62.3,1.8243e-06
62.35,1.0943e-06
62.4,2.6735e-07
62.45,-5.6359e-07
62.5,-1.3223e-06
62.55,-1.9257e-06
62.6,-2.3254e-06
62.65,-2.4769e-06
62.7,-2.3808e-06
62.75,-2.043e-06
62.8,-1.5138e-06
62.85,-8.4121e-07
62.9,-1.0693e-07
62.95,6.2397e-07
63,1.2677e-06
63.05,1.7724e-06
63.1,2.0806e-06
63.15,2.1775e-06
63.2,2.0489e-06
63.25,1.7244e-06
63.3,1.2321e-06
63.35,6.3627e-07
63.4,-1.0188e-08
63.45,-6.3124e-07
63.5,-1.1751e-06
63.55,-1.5804e-06
63.6,-1.82e-06
63.65,-1.8666e-06
63.7,-1.7304e-06
63.75,-1.4226e-06
63.8,-9.8801e-07
63.85,-4.6641e-07
63.9,7.9394e-08
63.95,6.0154e-07
64,1.0416e-06
64.05,1.3657e-06
64.1,1.5391e-06
64.15,1.5567e-06
64.2,1.4167e-06
64.25,1.1451e-06
64.3,7.6877e-07
64.35,3.3472e-07
64.4,-1.1643e-07
64.45,-5.3424e-07
64.5,-8.8311e-07
64.55,-1.1271e-06
64.6,-1.2508e-06
64.65,-1.2437e-06
64.7,-1.1163e-06
64.75,-8.8381e-07
64.8,-5.7786e-07
64.85,-2.2973e-07
64.9,1.2094e-07
64.95,4.4159e-07
65,6.9959e-07
65.05,8.7491e-07
65.1,9.5289e-07
65.15,9.3348e-07
65.2,8.2298e-07
65.25,6.3981e-07
65.3,4.0578e-07
65.35,1.4912e-07
65.4,-1.0389e-07
65.45,-3.2697e-07
65.5,-5.0075e-07
65.55,-6.1068e-07
65.6,-6.5148e-07
65.65,-6.2424e-07
65.7,-5.3831e-07
65.75,-4.0748e-07
65.8,-2.5009e-07
65.85,-8.4907e-08
65.9,6.9506e-08
65.95,1.9814e-07
66,2.8992e-07
66.05,3.3951e-07
66.1,3.4674e-07
66.15,3.1679e-07
66.2,2.5853e-07
66.25,1.8354e-07
66.3,1.0401e-07
66.35,3.1373e-08
66.4,-2.5402e-08
66.45,-6.0703e-08
66.5,-7.2934e-08
66.55,-6.4409e-08
66.6,-4.0831e-08
66.65,-1.0214e-08
66.7,1.8441e-08
66.75,3.6626e-08
66.8,3.7712e-08
66.85,1.8065e-08
66.9,-2.2243e-08
66.95,-7.9295e-08
67,-1.4567e-07
67.05,-2.1141e-07
67.1,-2.6525e-07
67.15,-2.9633e-07
67.2,-2.956e-07
67.25,-2.5755e-07
67.3,-1.8096e-07
67.35,-6.988e-08
67.4,6.6902e-08
67.45,2.1593e-07
67.5,3.6119e-07
67.55,4.8483e-07
67.6,5.7043e-07
67.65,6.037e-07
67.7,5.7595e-07
67.75,4.8373e-07
67.8,3.3172e-07
67.85,1.3046e-07
67.9,-1.0174e-07
67.95,-3.4335e-07
68,-5.6839e-07
68.05,-7.5277e-07
68.1,-8.7286e-07
68.15,-9.128e-07
68.2,-8.615e-07
68.25,-7.1979e-07
68.3,-4.9488e-07
68.35,-2.0662e-07
68.4,1.2111e-07
68.45,4.549e-07
68.5,7.6327e-07
68.55,1.0109e-06
68.6,1.172e-06
68.65,1.223e-06
68.7,1.1559e-06
68.75,9.6863e-07
68.8,6.7752e-07
68.85,3.0335e-07
68.9,-1.164e-07
68.95,-5.4575e-07
69,-9.3803e-07
69.05,-1.2569e-06
69.1,-1.4629e-06
69.15,-1.5358e-06
69.2,-1.4578e-06
69.25,-1.236e-06
69.3,-8.8123e-07
69.35,-4.2933e-07
69.4,8.4708e-08
69.45,6.0631e-07
69.5,1.0908e-06
69.55,1.4826e-06
69.6,1.7467e-06
69.65,1.8461e-06
69.7,1.7725e-06
69.75,1.5202e-06
69.8,1.1156e-06
69.85,5.8575e-07
69.9,-1.3753e-08
69.95,-6.3459e-07
70,-1.2088e-06
70.05,-1.6873e-06
70.1,-2.0126e-06
70.15,-2.1569e-06
70.2,-2.0927e-06
70.25,-1.8288e-06
70.3,-1.3769e-06
70.35,-7.8401e-07
70.4,-9.5211e-08
70.45,6.1695e-07
70.5,1.2928e-06
70.55,1.8579e-06
70.6,2.2631e-06
70.65,2.4574e-06
70.7,2.4247e-06
70.75,2.155e-06
70.8,1.6759e-06
70.85,1.0214e-06
70.9,2.5687e-07
70.95,-5.5331e-07
71,-1.3265e-06
71.05,-1.9935e-06
71.1,-2.4831e-06
71.15,-2.7489e-06
71.2,-2.7568e-06
71.25,-2.5039e-06
71.3,-2.006e-06
71.35,-1.3074e-06
71.4,-4.6938e-07
71.45,4.3097e-07
71.5,1.3085e-06
71.55,2.0809e-06
71.6,2.6702e-06
71.65,3.0202e-06
71.7,3.0888e-06
71.75,2.8692e-06
71.8,2.3706e-06
71.85,1.642e-06
71.9,7.4031e-07
71.95,-2.4398e-07
72,-1.2283e-06
72.05,-2.11e-06
72.1,-2.8142e-06
72.15,-3.2605e-06
72.2,-3.4135e-06
72.25,-3.2421e-06
72.3,-2.7688e-06
72.35,-2.0206e-06
72.4,-1.076e-06
72.45,-7.6774e-09
72.5,1.073e-06
72.55,2.0779e-06
72.6,2.8983e-06
72.65,3.4672e-06
72.7,3.7143e-06
72.75,3.6242e-06
72.8,3.1875e-06
72.85,2.4517e-06
72.9,1.4696e-06
72.95,3.4002e-07
73,-8.4372e-07
73.05,-1.9627e-06
73.1,-2.9197e-06
73.15,-3.6158e-06
73.2,-3.9884e-06
73.25,-3.9933e-06
73.3,-3.628e-06
73.35,-2.9194e-06
73.4,-1.9289e-06
73.45,-7.4583e-07
73.5,5.2528e-07
73.55,1.7634e-06
73.6,2.8587e-06
73.65,3.7006e-06
73.7,4.2159e-06
73.75,4.3428e-06
73.8,4.0753e-06
73.85,3.4209e-06
73.9,2.4481e-06
73.95,1.2289e-06
74,-1.1271e-07
74.05,-1.4693e-06
74.1,-2.7003e-06
74.15,-3.7063e-06
74.2,-4.3758e-06
74.25,-4.6586e-06
74.3,-4.5083e-06
74.35,-3.9488e-06
74.4,-3.0116e-06
74.45,-1.7927e-06
74.5,-3.8745e-07
74.55,1.0648e-06
74.6,2.4425e-06
74.65,3.6084e-06
74.7,4.4612e-06
74.75,4.9125e-06
74.8,4.9212e-06
74.85,4.4783e-06
74.9,3.6204e-06
74.95,2.4224e-06
75,9.8681e-07
75.05,-5.5238e-07
75.1,-2.0629e-06
75.15,-3.3974e-06
75.2,-4.4428e-06
75.25,-5.0882e-06
75.3,-5.2842e-06
75.35,-4.9931e-06
75.4,-4.2523e-06
75.45,-3.1077e-06
75.5,-1.6766e-06
75.55,-6.8644e-08
75.6,1.5541e-06
75.65,3.0618e-06
75.7,4.2992e-06
75.75,5.1676e-06
75.8,5.5688e-06
75.85,5.4763e-06
75.9,4.8805e-06
75.95,3.8416e-06
76,2.4402e-06
76.05,8.0662e-07
76.1,-9.183e-07
76.15,-2.5771e-06
76.2,-4.019e-06
76.25,-5.1144e-06
76.3,-5.7557e-06
76.35,-5.8885e-06
76.4,-5.486e-06
76.45,-4.5917e-06
76.5,-3.2675e-06
76.55,-1.6444e-06
76.6,1.5108e-07
76.65,1.941e-06
76.7,3.5828e-06
76.75,4.9087e-06
76.8,5.8155e-06
76.85,6.1994e-06
76.9,6.0394e-06
76.95,5.3279e-06
77,4.1397e-06
77.05,2.5631e-06
77.1,7.4805e-07
77.15,-1.1546e-06
77.2,-2.9682e-06
77.25,-4.534e-06
77.3,-5.7086e-06
77.35,-6.3817e-06
77.4,-6.494e-06
77.45,-6.023e-06
77.5,-5.0162e-06
77.55,-3.5463e-06
77.6,-1.7555e-06
77.65,2.159e-07
77.7,2.1756e-06
77.75,3.9682e-06
77.8,5.4129e-06
77.85,6.3983e-06
77.9,6.8136e-06
77.95,6.6362e-06
78,5.8595e-06
78.05,4.5639e-06
78.1,2.8463e-06
78.15,8.6741e-07
78.2,-1.2082e-06
78.25,-3.1914e-06
78.3,-4.9084e-06
78.35,-6.2061e-06
78.4,-6.962e-06
78.45,-7.1129e-06
78.5,-6.6303e-06
78.55,-5.5654e-06
78.6,-3.9923e-06
78.65,-2.0638e-06
78.7,7.1709e-08
78.75,2.2071e-06
78.8,4.1748e-06
78.85,5.7796e-06
78.9,6.8975e-06
78.95,7.4077e-06
79,7.2782e-06
79.05,6.501e-06
79.1,5.1519e-06
79.15,3.3367e-06
79.2,1.2169e-06
79.25,-1.0253e-06
79.3,-3.196e-06
79.35,-5.0985e-06
79.4,-6.5735e-06
79.45,-7.4763e-06
79.5,-7.7392e-06
79.55,-7.3174e-06
79.6,-6.2624e-06
79.65,-4.6418e-06
79.7,-2.6146e-06
79.75,-3.3433e-07
79.8,1.9813e-06
79.85,4.1493e-06
79.9,5.9625e-06
79.95,7.2749e-06
80,7.9575e-06
80.05,7.9547e-06
80.1,7.2583e-06
80.15,5.9243e-06
80.2,4.0691e-06
80.25,1.8426e-06
80.3,-5.5234e-07
80.35,-2.9235e-06
80.4,-5.0472e-06
80.45,-6.7572e-06
80.5,-7.8815e-06
80.55,-8.3406e-06
80.6,-8.0692e-06
80.65,-7.1069e-06
80.7,-5.514e-06
80.75,-3.4412e-06
80.8,-1.0513e-06
80.85,1.4408e-06
80.9,3.8263e-06
80.95,5.8967e-06
81,7.4688e-06
81.05,8.4105e-06
81.1,8.6263e-06
81.15,8.1077e-06
81.2,6.8776e-06
81.25,5.0576e-06
81.3,2.7801e-06
81.35,2.6024e-07
81.4,-2.3081e-06
81.45,-4.6837e-06
81.5,-6.68e-06
81.55,-8.1072e-06
81.6,-8.8521e-06
81.65,-8.8384e-06
81.7,-8.0674e-06
81.75,-6.601e-06
81.8,-4.5567e-06
81.85,-2.1154e-06
81.9,5.2898e-07
81.95,3.1346e-06
82,5.4975e-06
82.05,7.3932e-06
82.1,8.6789e-06
82.15,9.2196e-06
82.2,8.9863e-06
82.25,7.9755e-06
82.3,6.2857e-06
82.35,4.0449e-06
82.4,1.4498e-06
82.45,-1.2844e-06
82.5,-3.9261e-06
82.55,-6.2445e-06
82.6,-8.0505e-06
82.65,-9.1738e-06
82.7,-9.5327e-06
82.75,-9.0731e-06
82.8,-7.8512e-06
82.85,-5.9449e-06
82.9,-3.5342e-06
82.95,-8.0109e-07
83,2.0068e-06
83.05,4.6659e-06
83.1,6.9403e-06
83.15,8.6406e-06
83.2,9.6198e-06
83.25,9.7869e-06
83.3,9.1332e-06
83.35,7.6963e-06
83.4,5.611e-06
83.45,3.0305e-06
83.5,1.9181e-07
83.55,-2.6888e-06
83.6,-5.3472e-06
83.65,-7.5779e-06
83.7,-9.1739e-06
83.75,-1.0011e-05
83.8,-1.0006e-05
83.85,-9.1605e-06
83.9,-7.5418e-06
83.95,-5.2764e-06
84,-2.563e-06
84.05,3.88e-07
84.1,3.3112e-06
84.15,5.9819e-06
84.2,8.1532e-06
84.25,9.6623e-06
84.3,1.0359e-05
84.35,1.02e-05
84.4,9.1805e-06
84.45,7.3909e-06
84.5,4.9735e-06
84.55,2.1268e-06
84.6,-9.0716e-07
84.65,-3.8864e-06
84.7,-6.5469e-06
84.75,-8.6836e-06
84.8,-1.0095e-05
84.85,-1.0682e-05
84.9,-1.0371e-05
84.95,-9.2043e-06
85,-7.2574e-06
85.05,-4.7028e-06
85.1,-1.7419e-06
85.15,1.3774e-06
85.2,4.3941e-06
85.25,7.0648e-06
85.3,9.1536e-06
85.35,1.0501e-05
85.4,1.0973e-05
85.45,1.0548e-05
85.5,9.2354e-06
85.55,7.1615e-06
85.6,4.4767e-06
85.65,1.4156e-06
85.7,-1.7803e-06
85.75,-4.8419e-06
85.8,-7.5152e-06
85.85,-9.5834e-06
85.9,-1.0862e-05
85.95,-1.1258e-05
86,-1.0716e-05
86.05,-9.2987e-06
86.1,-7.0972e-06
86.15,-4.3111e-06
86.2,-1.1491e-06
86.25,2.1147e-06
86.3,5.2224e-06
86.35,7.9126e-06
86.4,9.9617e-06
86.45,1.1205e-05
86.5,1.1525e-05
86.55,1.091e-05
86.6,9.3851e-06
86.65,7.0947e-06
86.7,4.2021e-06
86.75,9.6249e-07
86.8,-2.3774e-06
86.85,-5.5306e-06
86.9,-8.2469e-06
86.95,-1.0299e-05
87,-1.1514e-05
87.05,-1.1798e-05
87.1,-1.111e-05
87.15,-9.5214e-06
87.2,-7.1379e-06
87.25,-4.1726e-06
87.3,-8.4481e-07
87.35,2.5567e-06
87.4,5.7699e-06
87.45,8.5217e-06
87.5,1.0591e-05
87.55,1.1808e-05
87.6,1.2064e-05
87.65,1.1347e-05
87.7,9.6948e-06
87.75,7.2582e-06
87.8,4.2119e-06
87.85,8.2173e-07
87.9,-2.657e-06
87.95,-5.9267e-06
88,-8.7325e-06
88.05,-1.084e-05
88.1,-1.2074e-05
88.15,-1.234e-05
88.2,-1.1601e-05
88.25,-9.9281e-06
88.3,-7.4359e-06
88.35,-4.3433e-06
88.4,-8.7817e-07
88.45,2.6625e-06
88.5,6.0077e-06
88.55,8.8766e-06
88.6,1.1041e-05
88.65,1.2324e-05
88.7,1.2614e-05
88.75,1.1895e-05
88.8,1.0206e-05
88.85,7.6997e-06
88.9,4.5541e-06
88.95,1.04e-06
89,-2.5781e-06
89.05,-5.9966e-06
89.1,-8.9481e-06
89.15,-1.1192e-05
89.2,-1.2541e-05
89.25,-1.2895e-05
89.3,-1.2208e-05
89.35,-1.0548e-05
89.4,-8.0277e-06
89.45,-4.8646e-06
89.5,-1.2925e-06
89.55,2.3894e-06
89.6,5.8965e-06
89.65,8.9435e-06
89.7,1.1284e-05
89.75,1.2735e-05
89.8,1.3167e-05
89.85,1.2559e-05
89.9,1.0936e-05
89.95,8.4442e-06
90,5.2625e-06
90.05,1.6572e-06
90.1,-2.0964e-06
90.15,-5.6943e-06
90.2,-8.8493e-06
90.25,-1.1315e-05
90.3,-1.2882e-05
90.35,-1.3439e-05
90.4,-1.292e-05
90.45,-1.1382e-05
90.5,-8.9265e-06
90.55,-5.7612e-06
90.6,-2.1244e-06
90.65,1.6918e-06
90.7,5.3843e-06
90.75,8.667e-06
90.8,1.1267e-05
90.85,1.2991e-05
90.9,1.3684e-05
90.95,1.3306e-05
91,1.1866e-05
91.05,9.4896e-06
91.1,6.3526e-06
91.15,2.7045e-06
91.2,-1.1662e-06
91.25,-4.9621e-06
91.3,-8.3712e-06
91.35,-1.114e-05
91.4,-1.303e-05
91.45,-1.3907e-05
91.5,-1.3686e-05
91.55,-1.2391e-05
91.6,-1.0115e-05
91.65,-7.0355e-06
91.7,-3.3973e-06
91.75,5.2533e-07
91.8,4.4106e-06
91.85,7.9704e-06
91.9,1.0907e-05
91.95,1.3004e-05
92,1.4081e-05
92.05,1.4062e-05
92.1,1.294e-05
92.15,1.0799e-05
92.2,7.8114e-06
92.25,4.1963e-06
92.3,2.5058e-07
92.35,-3.7351e-06
92.4,-7.4323e-06
92.45,-1.0566e-05
92.5,-1.288e-05
92.55,-1.4196e-05
92.6,-1.441e-05
92.65,-1.3496e-05
92.7,-1.1534e-05
92.75,-8.6586e-06
92.8,-5.1094e-06
92.85,-1.1437e-06
92.9,2.9154e-06
92.95,6.764e-06
93,1.0096e-05
93.05,1.2651e-05
93.1,1.4234e-05
93.15,1.4709e-05
93.2,1.4052e-05
93.25,1.2293e-05
93.3,9.5841e-06
93.35,6.1174e-06
93.4,2.1716e-06
93.45,-1.9556e-06
93.5,-5.9433e-06
93.55,-9.4783e-06
93.6,-1.2295e-05
93.65,-1.4161e-05
93.7,-1.4945e-05
93.75,-1.4568e-05
93.8,-1.307e-05
93.85,-1.0555e-05
93.9,-7.2191e-06
93.95,-3.3185e-06
94,8.526e-07
94.05,4.9629e-06
94.1,8.7093e-06
94.15,1.1787e-05
94.2,1.3972e-05
94.25,1.5081e-05
94.3,1.5036e-05
94.35,1.3833e-05
94.4,1.1562e-05
94.45,8.3999e-06
94.5,4.5781e-06
94.55,4.0233e-07
94.6,-3.8229e-06
94.65,-7.7586e-06
94.7,-1.1115e-05
94.75,-1.3624e-05
94.8,-1.5095e-05
94.85,-1.5416e-05
94.9,-1.4553e-05
94.95,-1.2579e-05
95,-9.63e-06
95.05,-5.9444e-06
95.1,-1.7885e-06
95.15,2.5104e-06
95.2,6.6298e-06
95.25,1.0254e-05
95.3,1.3101e-05
95.35,1.4961e-05
95.4,1.5677e-05
95.45,1.5207e-05
95.5,1.357e-05
95.55,1.09e-05
95.6,7.3899e-06
95.65,3.3091e-06
95.7,-1.031e-06
95.75,-5.308e-06
95.8,-9.1852e-06
95.85,-1.2381e-05
95.9,-1.4636e-05
95.95,-1.5791e-05
96,-1.5746e-05
96.05,-1.4507e-05
96.1,-1.2165e-05
96.15,-8.8917e-06
96.2,-4.9423e-06
96.25,-6.0194e-07
96.3,3.7873e-06
96.35,7.906e-06
96.4,1.1432e-05
96.45,1.4103e-05
96.5,1.5714e-05
96.55,1.6138e-05
96.6,1.5349e-05
96.65,1.3392e-05
96.7,1.0425e-05
96.75,6.6595e-06
96.8,2.3868e-06
96.85,-2.0777e-06
96.9,-6.3962e-06
96.95,-1.0239e-05
97,-1.3325e-05
97.05,-1.5408e-05
97.1,-1.6342e-05
97.15,-1.6042e-05
97.2,-1.454e-05
97.25,-1.1939e-05
97.3,-8.4336e-06
97.35,-4.2902e-06
97.4,1.8974e-07
97.45,4.6591e-06
97.5,8.7951e-06
97.55,1.2275e-05
97.6,1.4846e-05
97.65,1.6308e-05
97.7,1.655e-05
97.75,1.5557e-05
97.8,1.3392e-05
97.85,1.0225e-05
97.9,6.2812e-06
97.95,1.8641e-06
98,-2.7056e-06
98.05,-7.0811e-06
98.1,-1.0936e-05
98.15,-1.3986e-05
98.2,-1.5993e-05
98.25,-1.6817e-05
98.3,-1.6383e-05
98.35,-1.4731e-05
98.4,-1.1974e-05
98.45,-8.321e-06
98.5,-4.0416e-06
98.55,5.5131e-07
98.6,5.1075e-06
98.65,9.2992e-06
98.7,1.2802e-05
98.75,1.5366e-05
98.8,1.679e-05
98.85,1.6971e-05
98.9,1.5893e-05
98.95,1.3631e-05
99,1.0357e-05
99.05,6.3033e-06
99.1,1.7792e-06
99.15,-2.8897e-06
99.2,-7.352e-06
99.25,-1.1278e-05
99.3,-1.438e-05
99.35,-1.642e-05
99.4,-1.7254e-05
99.45,-1.6809e-05
99.5,-1.5126e-05
99.55,-1.2318e-05
99.6,-8.5956e-06
99.65,-4.2329e-06
99.7,4.5421e-07
99.75,5.1121e-06
99.8,9.4075e-06
99.85,1.3013e-05
99.9,1.567e-05
99.95,1.7176e-05
100,1.742e-05
100.05,1.6385e-05
100.1,1.4138e-05
100.15,1.0851e-05
100.2,6.7561e-06
100.25,2.1607e-06
100.3,-2.6049e-06
100.35,-7.1873e-06
100.4,-1.1249e-05
100.45,-1.4497e-05
100.5,-1.6682e-05
100.55,-1.7653e-05
100.6,-1.7327e-05
100.65,-1.5734e-05
100.7,-1.2984e-05
100.75,-9.277e-06
100.8,-4.8872e-06
100.85,-1.2735e-07
100.9,4.6456e-06
100.95,9.0924e-06
101,1.2879e-05
101.05,1.5734e-05
101.1,1.7444e-05
101.15,1.7882e-05
101.2,1.702e-05
101.25,1.4909e-05
101.3,1.1712e-05
101.35,7.6516e-06
101.4,3.0288e-06
101.45,-1.8235e-06
101.5,-6.5529e-06
101.55,-1.0811e-05
101.6,-1.4293e-05
101.65,-1.6738e-05
101.7,-1.7973e-05
101.75,-1.7901e-05
101.8,-1.653e-05
101.85,-1.3956e-05
101.9,-1.0361e-05
101.95,-6.0124e-06
102,-1.2151e-06
102.05,3.6745e-06
102.1,8.309e-06
102.15,1.2348e-05
102.2,1.5499e-05
102.25,1.7534e-05
102.3,1.83e-05
102.35,1.7747e-05
102.4,1.5905e-05
102.45,1.2913e-05
102.5,8.9804e-06
102.55,4.3919e-06
102.6,-5.1953e-07
102.65,-5.405e-06
102.7,-9.9043e-06
102.75,-1.37e-05
102.8,-1.6511e-05
102.85,-1.8137e-05
102.9,-1.8458e-05
102.95,-1.7448e-05
103,-1.5182e-05
103.05,-1.1815e-05
103.1,-7.5958e-06
103.15,-2.8203e-06
103.2,2.1646e-06
103.25,7.0015e-06
103.3,1.1345e-05
103.35,1.4877e-05
103.4,1.735e-05
103.45,1.8577e-05
103.5,1.8475e-05
103.55,1.7046e-05
103.6,1.4391e-05
103.65,1.0703e-05
103.7,6.2378e-06
103.75,1.3225e-06
103.8,-3.6986e-06
103.85,-8.4601e-06
103.9,-1.2625e-05
103.95,-1.5893e-05
104,-1.8027e-05
104.05,-1.8878e-05
104.1,-1.8378e-05
104.15,-1.6566e-05
104.2,-1.3566e-05
104.25,-9.594e-06
104.3,-4.9316e-06
104.35,9.241e-08
104.4,5.1142e-06
104.45,9.7823e-06
104.5,1.3757e-05
104.55,1.676e-05
104.6,1.8573e-05
104.65,1.9064e-05
104.7,1.8202e-05
104.75,1.604e-05
104.8,1.2737e-05
104.85,8.5207e-06
104.9,3.694e-06
104.95,-1.4024e-06
105,-6.408e-06
105.05,-1.0963e-05
105.1,-1.475e-05
105.15,-1.7493e-05
105.2,-1.9e-05
105.25,-1.9162e-05
105.3,-1.7965e-05
105.35,-1.5494e-05
105.4,-1.192e-05
105.45,-7.499e-06
105.5,-2.5383e-06
105.55,2.6074e-06
105.6,7.5764e-06
105.65,1.2018e-05
105.7,1.5614e-05
105.75,1.8114e-05
105.8,1.9335e-05
105.85,1.9194e-05
105.9,1.7698e-05
105.95,1.4949e-05
106,1.1144e-05
106.05,6.545e-06
106.1,1.4808e-06
106.15,-3.6972e-06
106.2,-8.62e-06
106.25,-1.2943e-05
106.3,-1.6361e-05
106.35,-1.8631e-05
106.4,-1.9595e-05
106.45,-1.9179e-05
106.5,-1.7417e-05
106.55,-1.4426e-05
106.6,-1.0417e-05
106.65,-5.6732e-06
106.7,-5.2167e-07
106.75,4.6707e-06
106.8,9.5446e-06
106.85,1.3754e-05
106.9,1.7005e-05
106.95,1.9069e-05
107,1.9797e-05
107.05,1.9142e-05
107.1,1.7143e-05
107.15,1.3943e-05
107.2,9.7619e-06
107.25,4.8926e-06
107.3,-3.2434e-07
107.35,-5.5272e-06
107.4,-1.0348e-05
107.45,-1.4454e-05
107.5,-1.7555e-05
107.55,-1.9434e-05
107.6,-1.9959e-05
107.65,-1.9091e-05
107.7,-1.6892e-05
107.75,-1.351e-05
107.8,-9.1836e-06
107.85,-4.2109e-06
107.9,1.0617e-06
107.95,6.2658e-06
108,1.1042e-05
108.05,1.5054e-05
108.1,1.8025e-05
108.15,1.9745e-05
108.2,2.0095e-05
108.25,1.9049e-05
108.3,1.6677e-05
108.35,1.3145e-05
108.4,8.6948e-06
108.45,3.6366e-06
108.5,-1.6805e-06
108.55,-6.888e-06
108.6,-1.1623e-05
108.65,-1.556e-05
108.7,-1.8421e-05
108.75,-2.001e-05
108.8,-2.0215e-05
108.85,-1.9021e-05
108.9,-1.651e-05
108.95,-1.2851e-05
109,-8.3014e-06
109.05,-3.1705e-06
109.1,2.1847e-06
109.15,7.3953e-06
109.2,1.2102e-05
109.25,1.5977e-05
109.3,1.8756e-05
109.35,2.0241e-05
109.4,2.0333e-05
109.45,1.9023e-05
109.5,1.6399e-05
109.55,1.2643e-05
109.6,8.0099e-06
109.65,2.8212e-06
109.7,-2.5686e-06
109.75,-7.7874e-06
109.8,-1.2476e-05
109.85,-1.6313e-05
109.9,-1.903e-05
109.95,-2.0444e-05
110,-2.0453e-05
110.05,-1.9057e-05
110.1,-1.6352e-05
110.15,-1.2519e-05
110.2,-7.8242e-06
110.25,-2.5858e-06
110.3,2.8347e-06
110.35,8.0673e-06
110.4,1.2753e-05
110.45,1.6569e-05
110.5,1.9255e-05
110.55,2.0624e-05
110.6,2.0584e-05
110.65,1.9134e-05
110.7,1.6374e-05
110.75,1.2491e-05
110.8,7.7482e-06
110.85,2.4723e-06
110.9,-2.9792e-06
110.95,-8.2324e-06
111,-1.2929e-05
111.05,-1.6749e-05
111.1,-1.9428e-05
111.15,-2.0785e-05
111.2,-2.0725e-05
111.25,-1.9253e-05
111.3,-1.6466e-05
111.35,-1.2554e-05
111.4,-7.7834e-06
111.45,-2.4763e-06
111.5,3.0037e-06
111.55,8.2856e-06
111.6,1.3009e-05
111.65,1.6853e-05
111.7,1.9555e-05
111.75,2.0929e-05
111.8,2.0883e-05
111.85,1.9419e-05
111.9,1.6633e-05
111.95,1.2717e-05
112,7.9319e-06
112.05,2.6051e-06
112.1,-2.9046e-06
112.15,-8.2224e-06
112.2,-1.2988e-05
112.25,-1.6879e-05
112.3,-1.9629e-05
112.35,-2.1053e-05
112.4,-2.1052e-05
112.45,-1.9627e-05
112.5,-1.6872e-05
112.55,-1.2972e-05
112.6,-8.1928e-06
112.65,-2.8533e-06
112.7,2.6833e-06
112.75,8.0444e-06
112.8,1.2868e-05
112.85,1.6826e-05
112.9,1.9653e-05
112.95,2.1156e-05
113,2.1234e-05
113.05,1.9879e-05
113.1,1.7182e-05
113.15,1.3326e-05
113.2,8.5669e-06
113.25,3.2271e-06
113.3,-2.3356e-06
113.35,-7.746e-06
113.4,-1.264e-05
113.45,-1.6689e-05
113.5,-1.9618e-05
113.55,-2.1231e-05
113.6,-2.1418e-05
113.65,-2.0166e-05
113.7,-1.7558e-05
113.75,-1.3768e-05
113.8,-9.0507e-06
113.85,-3.7208e-06
113.9,1.8632e-06
113.95,7.3274e-06
114,1.2306e-05
114.05,1.6463e-05
114.1,1.9521e-05
114.15,2.1273e-05
114.2,2.1602e-05
114.25,2.0485e-05
114.3,1.7995e-05
114.35,1.43e-05
114.4,9.6432e-06
114.45,4.3383e-06
114.5,-1.2617e-06
114.55,-6.7824e-06
114.6,-1.1854e-05
114.65,-1.6139e-05
114.7,-1.9349e-05
114.75,-2.127e-05
114.8,-2.1773e-05
114.85,-2.0824e-05
114.9,-1.8484e-05
114.95,-1.4909e-05
115,-1.0338e-05
115.05,-5.0732e-06
115.1,5.3422e-07
115.15,6.1105e-06
115.2,1.1285e-05
115.25,1.5712e-05
115.3,1.9098e-05
115.35,2.1215e-05
115.4,2.1923e-05
115.45,2.1174e-05
115.5,1.9017e-05
115.55,1.5594e-05
115.6,1.1131e-05
115.65,5.9264e-06
115.7,3.2342e-07
115.75,-5.3058e-06
115.8,-1.0587e-05
115.85,-1.5171e-05
115.9,-1.8751e-05
115.95,-2.1092e-05
116,-2.2036e-05
116.05,-2.152e-05
116.1,-1.9578e-05
116.15,-1.6338e-05
116.2,-1.2013e-05
116.25,-6.8896e-06
116.3,-1.3057e-06
116.35,4.3685e-06
116.4,9.7588e-06
116.45,1.4508e-05
116.5,1.8302e-05
116.55,2.0889e-05
116.6,2.2098e-05
116.65,2.1849e-05
116.7,2.0157e-05
116.75,1.7133e-05
116.8,1.2976e-05
116.85,7.9598e-06
116.9,2.4148e-06
116.95,-3.2941e-06
117,-8.7897e-06
117.05,-1.3711e-05
117.1,-1.7732e-05
117.15,-2.0588e-05
117.2,-2.2091e-05
117.25,-2.2141e-05
117.3,-2.0734e-05
117.35,-1.7961e-05
117.4,-1.4005e-05
117.45,-9.1253e-06
117.5,-3.6416e-06
117.55,2.0851e-06
117.6,7.6794e-06
117.65,1.2773e-05
117.7,1.7032e-05
117.75,2.0177e-05
117.8,2.1999e-05
117.85,2.2379e-05
117.9,2.1292e-05
117.95,1.8808e-05
118,1.5089e-05
118.05,1.0378e-05
118.1,4.9843e-06
118.15,-7.4008e-07
118.2,-6.4199e-06
118.25,-1.1683e-05
118.3,-1.6186e-05
118.35,-1.9633e-05
118.4,-2.1798e-05
118.45,-2.2539e-05
118.5,-2.1807e-05
118.55,-1.9649e-05
118.6,-1.6205e-05
118.65,-1.1701e-05
118.7,-6.4292e-06
118.75,-7.3387e-07
118.8,5.0132e-06
118.85,1.0437e-05
118.9,1.5184e-05
118.95,1.8944e-05
119,2.1472e-05
119.05,2.2601e-05
119.1,2.2259e-05
119.15,2.0466e-05
119.2,1.7339e-05
119.25,1.3081e-05
119.3,7.9682e-06
119.35,2.3338e-06
119.4,-3.4564e-06
119.45,-9.0253e-06
119.5,-1.4011e-05
119.55,-1.809e-05
119.6,-2.0995e-05
119.65,-2.2538e-05
119.7,-2.2618e-05
119.75,-2.1229e-05
119.8,-1.8461e-05
119.85,-1.4493e-05
119.9,-9.5817e-06
119.95,-4.0455e-06
120,1.7564e-06
120.05,7.4484e-06
120.1,1.2661e-05
120.15,1.7057e-05
120.2,2.0351e-05
120.25,2.2328e-05
120.3,2.2861e-05
120.35,2.1914e-05
120.4,1.9549e-05
120.45,1.5917e-05
120.5,1.1253e-05
120.55,5.8594e-06
120.6,8.2662e-08
120.65,-5.7027e-06
120.7,-1.1123e-05
120.75,-1.5829e-05
120.8,-1.9514e-05
120.85,-2.1943e-05
120.9,-2.2956e-05
120.95,-2.2488e-05
121,-2.0569e-05
121.05,-1.7322e-05
121.1,-1.2956e-05
121.15,-7.7526e-06
121.2,-2.0459e-06
121.25,3.796e-06
121.3,9.3971e-06
121.35,1.4396e-05
121.4,1.8472e-05
121.45,2.1361e-05
121.5,2.2876e-05
121.55,2.2922e-05
121.6,2.1492e-05
121.65,1.868e-05
121.7,1.4666e-05
121.75,9.7065e-06
121.8,4.1206e-06
121.85,-1.7335e-06
121.9,-7.4793e-06
121.95,-1.2748e-05
122,-1.7202e-05
122.05,-2.0555e-05
122.1,-2.259e-05
122.15,-2.3178e-05
122.2,-2.228e-05
122.25,-1.9953e-05
122.3,-1.6346e-05
122.35,-1.1689e-05
122.4,-6.2809e-06
122.45,-4.6758e-07
122.5,5.379e-06
122.55,1.0885e-05
122.6,1.5697e-05
122.65,1.9508e-05
122.7,2.2072e-05
122.75,2.3227e-05
122.8,2.2898e-05
122.85,2.1105e-05
122.9,1.7963e-05
122.95,1.3671e-05
123,8.5037e-06
123.05,2.7907e-06
123.1,-3.1035e-06
123.15,-8.8026e-06
123.2,-1.3943e-05
123.25,-1.8197e-05
123.3,-2.1293e-05
123.35,-2.3033e-05
123.4,-2.3305e-05
123.45,-2.2093e-05
123.5,-1.9472e-05
123.55,-1.561e-05
123.6,-1.0751e-05
123.65,-5.2057e-06
123.7,6.7398e-07
123.75,6.514e-06
123.8,1.1943e-05
123.85,1.6614e-05
123.9,2.0233e-05
123.95,2.2566e-05
124,2.3467e-05
124.05,2.2877e-05
124.1,2.0834e-05
124.15,1.7466e-05
124.2,1.2988e-05
124.25,7.6834e-06
124.3,1.8883e-06
124.35,-4.0294e-06
124.4,-9.6943e-06
124.45,-1.4748e-05
124.5,-1.8868e-05
124.55,-2.1795e-05
124.6,-2.3342e-05
124.65,-2.341e-05
124.7,-2.1997e-05
124.75,-1.9189e-05
124.8,-1.5165e-05
124.85,-1.018e-05
124.9,-4.5473e-06
124.95,1.3754e-06
125,7.214e-06
125.05,1.2599e-05
125.1,1.7191e-05
125.15,2.0698e-05
125.2,2.2899e-05
125.25,2.3654e-05
125.3,2.2916e-05
125.35,2.0731e-05
125.4,1.7236e-05
125.45,1.2651e-05
125.5,7.2663e-06
125.55,1.4204e-06
125.6,-4.5176e-06
125.65,-1.0173e-05
125.7,-1.5191e-05
125.75,-1.9253e-05
125.8,-2.2104e-05
125.85,-2.3563e-05
125.9,-2.354e-05
125.95,-2.2034e-05
126,-1.914e-05
126.05,-1.5041e-05
126.1,-9.9929e-06
126.15,-4.3141e-06
126.2,1.6384e-06
126.25,7.4907e-06
126.3,1.2875e-05
126.35,1.7452e-05
126.4,2.0935e-05
126.45,2.3104e-05
126.5,2.3823e-05
126.55,2.3047e-05
126.6,2.0824e-05
126.65,1.7293e-05
126.7,1.2675e-05
126.75,7.2602e-06
126.8,1.3877e-06
126.85,-4.5742e-06
126.9,-1.0252e-05
126.95,-1.529e-05
127,-1.9371e-05
127.05,-2.2241e-05
127.1,-2.3719e-05
127.15,-2.3713e-05
127.2,-2.2222e-05
127.25,-1.9339e-05
127.3,-1.5246e-05
127.35,-1.0196e-05
127.4,-4.5072e-06
127.45,1.4662e-06
127.5,7.3504e-06
127.55,1.2778e-05
127.6,1.7409e-05
127.65,2.0954e-05
127.7,2.3192e-05
127.75,2.3983e-05
127.8,2.3277e-05
127.85,2.1118e-05
127.9,1.764e-05
127.95,1.306e-05
128,7.6637e-06
128.05,1.7873e-06
128.1,-4.2026e-06
128.15,-9.933e-06
128.2,-1.5047e-05
128.25,-1.9225e-05
128.3,-2.2207e-05
128.35,-2.3807e-05
128.4,-2.3926e-05
128.45,-2.2555e-05
128.5,-1.978e-05
128.55,-1.5773e-05
128.6,-1.0784e-05
128.65,-5.1212e-06
128.7,8.617e-07
128.75,6.7933e-06
128.8,1.2305e-05
128.85,1.7054e-05
128.9,2.0746e-05
128.95,2.315e-05
129,2.4118e-05
129.05,2.3589e-05
129.1,2.1595e-05
129.15,1.8261e-05
129.2,1.3792e-05
129.25,8.4665e-06
129.3,2.6138e-06
129.35,-3.4031e-06
129.4,-9.2111e-06
129.45,-1.445e-05
129.5,-1.8796e-05
129.55,-2.1979e-05
129.6,-2.3802e-05
129.65,-2.4151e-05
129.7,-2.3006e-05
129.75,-2.0436e-05
129.8,-1.66e-05
129.85,-1.1737e-05
129.9,-6.1451e-06
129.95,-1.7141e-07
130,5.8149e-06
130.05,1.1444e-05
130.1,1.6368e-05
130.15,2.0282e-05
130.2,2.2945e-05
130.25,2.4191e-05
130.3,2.3944e-05
130.35,2.2219e-05
130.4,1.9122e-05
130.45,1.4844e-05
130.5,9.649e-06
130.55,3.8569e-06
130.6,-2.175e-06
130.65,-8.0748e-06
130.7,-1.3479e-05
130.75,-1.8054e-05
130.8,-2.1518e-05
130.85,-2.3658e-05
130.9,-2.4341e-05
130.95,-2.3526e-05
131,-2.1262e-05
131.05,-1.7688e-05
131.1,-1.3025e-05
131.15,-7.559e-06
131.2,-1.6261e-06
131.25,4.4085e-06
131.3,1.0174e-05
131.35,1.5316e-05
131.4,1.9519e-05
131.45,2.2523e-05
131.5,2.4145e-05
131.55,2.4284e-05
131.6,2.2932e-05
131.65,2.0172e-05
131.7,1.6172e-05
131.75,1.1179e-05
131.8,5.4987e-06
131.85,-5.2086e-07
131.9,-6.5103e-06
131.95,-1.2102e-05
132,-1.6954e-05
132.05,-2.0768e-05
132.1,-2.3311e-05
132.15,-2.4425e-05
132.2,-2.4044e-05
132.25,-2.2191e-05
132.3,-1.8978e-05
132.35,-1.4602e-05
132.4,-9.3313e-06
132.45,-3.4878e-06
132.5,2.5707e-06
132.55,8.4738e-06
132.6,1.3861e-05
132.65,1.8401e-05
132.7,2.1819e-05
132.75,2.3903e-05
132.8,2.4528e-05
132.85,2.3655e-05
132.9,2.1336e-05
132.95,1.7714e-05
133,1.3009e-05
133.05,7.5089e-06
133.1,1.5491e-06
133.15,-4.507e-06
133.2,-1.029e-05
133.25,-1.5447e-05
133.3,-1.9663e-05
133.35,-2.2681e-05
133.4,-2.4318e-05
133.45,-2.4473e-05
133.5,-2.3137e-05
133.55,-2.0391e-05
133.6,-1.6402e-05
133.65,-1.1413e-05
133.7,-5.7286e-06
133.75,3.0678e-07
133.8,6.3248e-06
133.85,1.196e-05
133.9,1.6869e-05
133.95,2.0753e-05
134,2.3376e-05
134.05,2.4579e-05
134.1,2.4288e-05
134.15,2.2521e-05
134.2,1.9385e-05
134.25,1.507e-05
134.3,9.8395e-06
134.35,4.0098e-06
134.4,-2.0647e-06
134.45,-8.0156e-06
134.5,-1.3481e-05
134.55,-1.8131e-05
134.6,-2.1681e-05
134.65,-2.3917e-05
134.7,-2.4703e-05
134.75,-2.3992e-05
134.8,-2.1826e-05
134.85,-1.8337e-05
134.9,-1.3735e-05
134.95,-8.301e-06
135,-2.362e-06
135.05,3.7212e-06
135.1,9.5806e-06
135.15,1.4862e-05
135.2,1.9244e-05
135.25,2.2464e-05
135.3,2.4325e-05
135.35,2.4715e-05
135.4,2.361e-05
135.45,2.1078e-05
135.5,1.7271e-05
135.55,1.2419e-05
135.6,6.8151e-06
135.65,7.9873e-07
135.7,-5.2675e-06
135.75,-1.1017e-05
135.8,-1.6102e-05
135.85,-2.0217e-05
135.9,-2.3112e-05
135.95,-2.4613e-05
136,-2.4628e-05
136.05,-2.3159e-05
136.1,-2.0292e-05
136.15,-1.62e-05
136.2,-1.1131e-05
136.25,-5.3904e-06
136.3,6.7718e-07
136.35,6.7048e-06
136.4,1.233e-05
136.45,1.7214e-05
136.5,2.1062e-05
136.55,2.3643e-05
136.6,2.4801e-05
136.65,2.4467e-05
136.7,2.266e-05
136.75,1.9489e-05
136.8,1.5146e-05
136.85,9.89e-06
136.9,4.0388e-06
136.95,-2.0564e-06
137,-8.0295e-06
137.05,-1.3521e-05
137.1,-1.8201e-05
137.15,-2.1789e-05
137.2,-2.4068e-05
137.25,-2.4903e-05
137.3,-2.4242e-05
137.35,-2.2126e-05
137.4,-1.8682e-05
137.45,-1.4115e-05
137.5,-8.7013e-06
137.55,-2.7638e-06
137.6,3.3404e-06
137.65,9.2454e-06
137.7,1.4598e-05
137.75,1.9075e-05
137.8,2.2411e-05
137.85,2.4405e-05
137.9,2.4936e-05
137.95,2.3975e-05
138,2.1577e-05
138.05,1.7886e-05
138.1,1.3125e-05
138.15,7.5765e-06
138.2,1.5741e-06
138.25,-4.5239e-06
138.3,-1.0352e-05
138.35,-1.5562e-05
138.4,-1.9843e-05
138.45,-2.2938e-05
138.5,-2.4662e-05
138.55,-2.4912e-05
138.6,-2.3674e-05
138.65,-2.1021e-05
138.7,-1.7112e-05
138.75,-1.218e-05
138.8,-6.5196e-06
138.85,-4.6882e-07
138.9,5.6104e-06
138.95,1.1356e-05
139,1.6426e-05
139.05,2.0515e-05
139.1,2.3383e-05
139.15,2.4855e-05
139.2,2.4847e-05
139.25,2.3357e-05
139.3,2.0474e-05
139.35,1.6371e-05
139.4,1.1291e-05
139.45,5.5382e-06
139.5,-5.4527e-07
139.55,-6.5978e-06
139.6,-1.2258e-05
139.65,-1.7189e-05
139.7,-2.1099e-05
139.75,-2.3753e-05
139.8,-2.4994e-05
139.85,-2.4748e-05
139.9,-2.303e-05
139.95,-1.9943e-05
140,-1.5668e-05
140.05,-1.0462e-05
140.1,-4.6333e-06
140.15,1.4722e-06
140.2,7.4905e-06
140.25,1.3066e-05
140.3,1.7865e-05
140.35,2.1604e-05
140.4,2.4062e-05
140.45,2.509e-05
140.5,2.463e-05
140.55,2.2708e-05
140.6,1.9439e-05
140.65,1.5016e-05
140.7,9.701e-06
140.75,3.8105e-06
140.8,-2.3067e-06
140.85,-8.2885e-06
140.9,-1.3779e-05
140.95,-1.8455e-05
141,-2.2037e-05
141.05,-2.4314e-05
141.1,-2.5152e-05
141.15,-2.4499e-05
141.2,-2.2396e-05
141.25,-1.8967e-05
141.3,-1.4414e-05
141.35,-9.0086e-06
141.4,-3.0682e-06
141.45,3.0541e-06
141.5,8.9964e-06
141.55,1.4408e-05
141.6,1.8968e-05
141.65,2.2407e-05
141.7,2.4523e-05
141.75,2.5188e-05
141.8,2.4367e-05
141.85,2.2105e-05
141.9,1.8536e-05
141.95,1.3874e-05
142,8.3902e-06
142.05,2.4114e-06
142.1,-3.7109e-06
142.15,-9.615e-06
142.2,-1.4952e-05
142.25,-1.9408e-05
142.3,-2.2719e-05
142.35,-2.469e-05
142.4,-2.5207e-05
142.45,-2.4236e-05
142.5,-2.1836e-05
142.55,-1.8149e-05
142.6,-1.3392e-05
142.65,-7.8462e-06
142.7,-1.836e-06
142.75,4.2822e-06
142.8,1.0149e-05
142.85,1.542e-05
142.9,1.9782e-05
142.95,2.2981e-05
143,2.4828e-05
143.05,2.5214e-05
143.1,2.4117e-05
143.15,2.16e-05
143.2,1.7813e-05
143.25,1.2979e-05
143.3,7.3795e-06
143.35,1.347e-06
143.4,-4.7661e-06
143.45,-1.0599e-05
143.5,-1.581e-05
143.55,-2.0094e-05
143.6,-2.3196e-05
143.65,-2.4937e-05
143.7,-2.5214e-05
143.75,-2.401e-05
143.8,-2.1397e-05
143.85,-1.7528e-05
143.9,-1.2629e-05
143.95,-6.9899e-06
144,-9.3876e-07
144.05,5.167e-06
144.1,1.0971e-05
144.15,1.6132e-05
144.2,2.0348e-05
144.25,2.3372e-05
144.3,2.5026e-05
144.35,2.5214e-05
144.4,2.3925e-05
144.45,2.1233e-05
144.5,1.7299e-05
144.55,1.2351e-05
144.6,6.679e-06
144.65,6.1635e-07
144.7,-5.4839e-06
144.75,-1.1263e-05
144.8,-1.6384e-05
144.85,-2.0547e-05
144.9,-2.3508e-05
144.95,-2.5095e-05
145,-2.5214e-05
145.05,-2.3859e-05
145.1,-2.1109e-05
145.15,-1.7125e-05
145.2,-1.214e-05
145.25,-6.4457e-06
145.3,-3.732e-07
145.35,5.7204e-06
145.4,1.1481e-05
145.45,1.6572e-05
145.5,2.0695e-05
145.55,2.3612e-05
145.6,2.515e-05
145.65,2.522e-05
145.7,2.382e-05
145.75,2.1028e-05
145.8,1.7011e-05
145.85,1.2001e-05
145.9,6.2911e-06
145.95,2.1457e-07
146,-5.8761e-06
146.05,-1.1624e-05
146.1,-1.6695e-05
146.15,-2.0794e-05
146.2,-2.3681e-05
146.25,-2.519e-05
146.3,-2.5231e-05
146.35,-2.3803e-05
146.4,-2.099e-05
146.45,-1.6954e-05
146.5,-1.1931e-05
146.55,-6.2136e-06
146.6,-1.3337e-07
146.65,5.9537e-06
146.7,1.1696e-05
146.75,1.6758e-05
146.8,2.0846e-05
146.85,2.3723e-05
146.9,2.522e-05
146.95,2.5251e-05
147,2.3816e-05
147.05,2.0996e-05
147.1,1.6957e-05
147.15,1.1932e-05
147.2,6.2136e-06
147.25,1.3504e-07
147.3,-5.9529e-06
147.35,-1.1695e-05
147.4,-1.6758e-05
147.45,-2.085e-05
147.5,-2.3731e-05
147.55,-2.5237e-05
147.6,-2.5278e-05
147.65,-2.3852e-05
147.7,-2.1045e-05
147.75,-1.7015e-05
147.8,-1.2e-05
147.85,-6.2891e-06
147.9,-2.1222e-07
147.95,5.8759e-06
148,1.1625e-05
148.05,1.6701e-05
148.1,2.0809e-05
148.15,2.3713e-05
148.2,2.5243e-05
148.25,2.5313e-05
148.3,2.3917e-05
148.35,2.1136e-05
148.4,1.7133e-05
148.45,1.2138e-05
148.5,6.4401e-06
148.55,3.7048e-07
148.6,-5.7221e-06
148.65,-1.1483e-05
148.7,-1.6581e-05
148.75,-2.0721e-05
148.8,-2.3662e-05
148.85,-2.5236e-05
148.9,-2.5353e-05
148.95,-2.4003e-05
149,-2.1269e-05
149.05,-1.7304e-05
149.1,-1.234e-05
149.15,-6.6645e-06
149.2,-6.0227e-07
149.25,5.4936e-06
149.3,1.1273e-05
149.35,1.6403e-05
149.4,2.0585e-05
149.45,2.3582e-05
149.5,2.5217e-05
149.55,2.5398e-05
149.6,2.4115e-05
149.65,2.144e-05
149.7,1.753e-05
149.75,1.261e-05
149.8,6.9615e-06
149.85,9.1322e-07
149.9,-5.1891e-06
149.95,-1.0992e-05
150,-1.6162e-05
150.05,-2.0402e-05
150.1,-2.3466e-05
150.15,-2.518e-05
150.2,-2.5444e-05
150.25,-2.4243e-05
150.3,-2.1648e-05
150.35,-1.7805e-05
150.4,-1.2939e-05
150.45,-7.329e-06
150.5,-1.2956e-06
150.55,4.8111e-06
150.6,1.0642e-05
150.65,1.5862e-05
150.7,2.0168e-05
150.75,2.3317e-05
150.8,2.5125e-05
150.85,2.5489e-05
150.9,2.439e-05
150.95,2.1888e-05
151,1.813e-05
151.05,1.3331e-05
151.1,7.7651e-06
151.15,1.7547e-06
151.2,-4.3576e-06
151.25,-1.022e-05
151.3,-1.5495e-05
151.35,-1.9882e-05
151.4,-2.3127e-05
151.45,-2.5046e-05
151.5,-2.5529e-05
151.55,-2.4547e-05
151.6,-2.2158e-05
151.65,-1.8498e-05
151.7,-1.3777e-05
151.75,-8.2679e-06
151.8,-2.283e-06
151.85,3.8318e-06
151.9,9.7271e-06
151.95,1.5066e-05
152,1.9541e-05
152.05,2.2898e-05
152.1,2.4944e-05
152.15,2.556e-05
152.2,2.4715e-05
152.25,2.2453e-05
152.3,1.8908e-05
152.35,1.428e-05
152.4,8.8345e-06
152.45,2.8847e-06
152.5,-3.2308e-06
152.55,-9.162e-06
152.6,-1.4568e-05
152.65,-1.9142e-05
152.7,-2.2622e-05
152.75,-2.4808e-05
152.8,-2.5577e-05
152.85,-2.4883e-05
152.9,-2.2768e-05
152.95,-1.9352e-05
153,-1.483e-05
153.05,-9.4622e-06
153.1,-3.5527e-06
153.15,2.5593e-06
153.2,8.5244e-06
153.25,1.4005e-05
153.3,1.8684e-05
153.35,2.2297e-05
153.4,2.4639e-05
153.45,2.5574e-05
153.5,2.5051e-05
153.55,2.3099e-05
153.6,1.9828e-05
153.65,1.5429e-05
153.7,1.0148e-05
153.75,4.2895e-06
153.8,-1.8132e-06
153.85,-7.8137e-06
153.9,-1.3367e-05
153.95,-1.816e-05
154,-2.1919e-05
154.05,-2.4427e-05
154.1,-2.5546e-05
154.15,-2.5208e-05
154.2,-2.3436e-05
154.25,-2.033e-05
154.3,-1.6065e-05
154.35,-1.0887e-05
154.4,-5.0889e-06
154.45,9.9943e-07
154.5,7.0293e-06
154.55,1.2661e-05
154.6,1.7571e-05
154.65,2.1482e-05
154.7,2.4173e-05
154.75,2.5487e-05
154.8,2.5353e-05
154.85,2.3778e-05
154.9,2.0851e-05
154.95,1.674e-05
155,1.1677e-05
155.05,5.9503e-06
155.1,-1.1285e-07
155.15,-6.1713e-06
155.2,-1.1878e-05
155.25,-1.691e-05
155.3,-2.0983e-05
155.35,-2.3862e-05
155.4,-2.5389e-05
155.45,-2.5474e-05
155.5,-2.4112e-05
155.55,-2.1384e-05
155.6,-1.7441e-05
155.65,-1.251e-05
155.7,-6.8692e-06
155.75,-8.3748e-07
155.8,5.2399e-06
155.85,1.1021e-05
155.9,1.6178e-05
155.95,2.0415e-05
156,2.3498e-05
156.05,2.5248e-05
156.1,2.5566e-05
156.15,2.4438e-05
156.2,2.1923e-05
156.25,1.8168e-05
156.3,1.3385e-05
156.35,7.8415e-06
156.4,1.8564e-06
156.45,-4.2349e-06
156.5,-1.0086e-05
156.55,-1.5365e-05
156.6,-1.9776e-05
156.65,-2.3067e-05
156.7,-2.5052e-05
156.75,-2.5622e-05
156.8,-2.474e-05
156.85,-2.246e-05
156.9,-1.891e-05
156.95,-1.4289e-05
157,-8.8632e-06
157.05,-2.9342e-06
157.1,3.1596e-06
157.15,9.0741e-06
157.2,1.4477e-05
157.25,1.9061e-05
157.3,2.2568e-05
157.35,2.4801e-05
157.4,2.5631e-05
157.45,2.5016e-05
157.5,2.2987e-05
157.55,1.966e-05
157.6,1.5225e-05
157.65,9.9281e-06
157.7,4.0728e-06
157.75,-2.0119e-06
157.8,-7.9843e-06
157.85,-1.3504e-05
157.9,-1.8263e-05
157.95,-2.1992e-05
158,-2.4479e-05
158.05,-2.5587e-05
158.1,-2.5251e-05
158.15,-2.3492e-05
158.2,-2.0409e-05
158.25,-1.6175e-05
158.3,-1.103e-05
158.35,-5.2638e-06
158.4,7.9985e-07
158.45,6.8164e-06
158.5,1.2451e-05
158.55,1.7383e-05
158.6,2.1335e-05
158.65,2.4087e-05
158.7,2.5481e-05
158.75,2.5442e-05
158.8,2.3971e-05
158.85,2.1149e-05
158.9,1.7139e-05
158.95,1.2164e-05
159,6.5041e-06
159.05,4.8029e-07
159.1,-5.5721e-06
159.15,-1.131e-05
159.2,-1.6411e-05
159.25,-2.059e-05
159.3,-2.361e-05
159.35,-2.5304e-05
159.4,-2.5575e-05
159.45,-2.4407e-05
159.5,-2.187e-05
159.55,-1.8102e-05
159.6,-1.3318e-05
159.65,-7.7871e-06
159.7,-1.817e-06
159.75,4.2533e-06
159.8,1.0085e-05
159.85,1.5351e-05
159.9,1.9753e-05
159.95,2.3048e-05
160,2.5048e-05
160.05,2.5641e-05
160.1,2.4798e-05
160.15,2.2561e-05
160.2,1.9059e-05
160.25,1.4489e-05
160.3,9.105e-06
160.35,3.2121e-06
160.4,-2.861e-06
160.45,-8.7744e-06
160.5,-1.4194e-05
160.55,-1.8819e-05
160.6,-2.2388e-05
160.65,-2.4701e-05
160.7,-2.5632e-05
160.75,-2.5125e-05
160.8,-2.321e-05
160.85,-1.9997e-05
160.9,-1.5661e-05
160.95,-1.0451e-05
161,-4.6542e-06
161.05,1.4031e-06
161.1,7.3797e-06
161.15,1.2945e-05
161.2,1.7784e-05
161.25,2.1627e-05
161.3,2.4262e-05
161.35,2.5536e-05
161.4,2.5383e-05
161.45,2.381e-05
161.5,2.0904e-05
161.55,1.6831e-05
161.6,1.1815e-05
161.65,6.1392e-06
161.7,1.2185e-07
161.75,-5.904e-06
161.8,-1.1598e-05
161.85,-1.6643e-05
161.9,-2.076e-05
161.95,-2.3714e-05
162,-2.5344e-05
162.05,-2.5558e-05
162.1,-2.4343e-05
162.15,-2.177e-05
162.2,-1.798e-05
162.25,-1.3186e-05
162.3,-7.658e-06
162.35,-1.7003e-06
162.4,4.3502e-06
162.45,1.0158e-05
162.5,1.5399e-05
162.55,1.9779e-05
162.6,2.3057e-05
162.65,2.5047e-05
162.7,2.5639e-05
162.75,2.4803e-05
162.8,2.2582e-05
162.85,1.9101e-05
162.9,1.4558e-05
162.95,9.2002e-06
163,3.3321e-06
163.05,-2.7217e-06
163.1,-8.6245e-06
163.15,-1.4044e-05
163.2,-1.8683e-05
163.25,-2.2279e-05
163.3,-2.4633e-05
163.35,-2.5617e-05
163.4,-2.5171e-05
163.45,-2.3325e-05
163.5,-2.018e-05
163.55,-1.591e-05
163.6,-1.0756e-05
163.65,-5.0032e-06
163.7,1.0287e-06
163.75,7.0009e-06
163.8,1.2585e-05
163.85,1.7468e-05
163.9,2.1377e-05
163.95,2.4099e-05
164,2.5478e-05
164.05,2.5441e-05
164.1,2.3989e-05
164.15,2.1202e-05
164.2,1.7238e-05
164.25,1.2314e-05
164.3,6.7063e-06
164.35,7.2772e-07
164.4,-5.2928e-06
164.45,-1.1018e-05
164.5,-1.6129e-05
164.55,-2.0346e-05
164.6,-2.343e-05
164.65,-2.5213e-05
164.7,-2.5596e-05
164.75,-2.4556e-05
164.8,-2.2154e-05
164.85,-1.852e-05
164.9,-1.3859e-05
164.95,-8.4297e-06
165,-2.531e-06
165.05,3.5065e-06
165.1,9.3484e-06
165.15,1.4673e-05
165.2,1.9181e-05
165.25,2.2625e-05
165.3,2.4815e-05
165.35,2.5626e-05
165.4,2.5018e-05
165.45,2.3021e-05
165.5,1.9747e-05
165.55,1.5381e-05
165.6,1.016e-05
165.65,4.3771e-06
165.7,-1.6471e-06
165.75,-7.5813e-06
165.8,-1.3093e-05
165.85,-1.7879e-05
165.9,-2.1675e-05
165.95,-2.4268e-05
166,-2.5519e-05
166.05,-2.5354e-05
166.1,-2.3785e-05
166.15,-2.0901e-05
166.2,-1.6857e-05
166.25,-1.1882e-05
166.3,-6.2497e-06
166.35,-2.7005e-07
166.4,5.7219e-06
166.45,1.1398e-05
166.5,1.6443e-05
166.55,2.0576e-05
166.6,2.3573e-05
166.65,2.5264e-05
166.7,2.5557e-05
166.75,2.4438e-05
166.8,2.1965e-05
166.85,1.828e-05
166.9,1.3584e-05
166.95,8.1361e-06
167,2.2409e-06
167.05,-3.7787e-06
167.1,-9.5894e-06
167.15,-1.4868e-05
167.2,-1.9326e-05
167.25,-2.2715e-05
167.3,-2.4848e-05
167.35,-2.561e-05
167.4,-2.4955e-05
167.45,-2.2923e-05
167.5,-1.9626e-05
167.55,-1.5243e-05
167.6,-1.0022e-05
167.65,-4.2458e-06
167.7,1.7643e-06
167.75,7.6747e-06
167.8,1.3163e-05
167.85,1.7923e-05
167.9,2.1694e-05
167.95,2.4269e-05
168,2.5502e-05
168.05,2.533e-05
168.1,2.3761e-05
168.15,2.088e-05
168.2,1.6849e-05
168.25,1.1889e-05
168.3,6.2736e-06
168.35,3.1449e-07
168.4,-5.6635e-06
168.45,-1.1328e-05
168.5,-1.6366e-05
168.55,-2.0504e-05
168.6,-2.351e-05
168.65,-2.5221e-05
168.7,-2.5543e-05
168.75,-2.4455e-05
168.8,-2.2023e-05
168.85,-1.8377e-05
168.9,-1.3718e-05
168.95,-8.3069e-06
169,-2.4363e-06
169.05,3.5666e-06
169.1,9.3721e-06
169.15,1.4663e-05
169.2,1.9144e-05
169.25,2.2573e-05
169.3,2.4759e-05
169.35,2.5581e-05
169.4,2.4997e-05
169.45,2.3037e-05
169.5,1.981e-05
169.55,1.5495e-05
169.6,1.0326e-05
169.65,4.5915e-06
169.7,-1.3946e-06
169.75,-7.3055e-06
169.8,-1.2812e-05
169.85,-1.7614e-05
169.9,-2.1449e-05
169.95,-2.4102e-05
170,-2.5433e-05
170.05,-2.5364e-05
170.1,-2.3902e-05
170.15,-2.1128e-05
170.2,-1.7192e-05
170.25,-1.2312e-05
170.3,-6.7582e-06
170.35,-8.3131e-07
170.4,5.1385e-06
170.45,1.0826e-05
170.5,1.592e-05
170.55,2.0137e-05
170.6,2.3251e-05
170.65,2.5087e-05
170.7,2.5545e-05
170.75,2.4603e-05
170.8,2.231e-05
170.85,1.8793e-05
170.9,1.4246e-05
170.95,8.9169e-06
171,3.1007e-06
171.05,-2.8853e-06
171.1,-8.7137e-06
171.15,-1.4061e-05
171.2,-1.8639e-05
171.25,-2.2194e-05
171.3,-2.4531e-05
171.35,-2.5525e-05
171.4,-2.5118e-05
171.45,-2.3334e-05
171.5,-2.0273e-05
171.55,-1.61e-05
171.6,-1.1047e-05
171.65,-5.3883e-06
171.7,5.6608e-07
171.75,6.4864e-06
171.8,1.2053e-05
171.85,1.6958e-05
171.9,2.0933e-05
171.95,2.3763e-05
172,2.5291e-05
172.05,2.5433e-05
172.1,2.4185e-05
172.15,2.1611e-05
172.2,1.7857e-05
172.25,1.3125e-05
172.3,7.6742e-06
172.35,1.8064e-06
172.4,-4.161e-06
172.45,-9.9003e-06
172.5,-1.5096e-05
172.55,-1.9467e-05
172.6,-2.2772e-05
172.65,-2.483e-05
172.7,-2.5533e-05
172.75,-2.4837e-05
172.8,-2.2785e-05
172.85,-1.9487e-05
172.9,-1.5123e-05
172.95,-9.9354e-06
173,-4.2039e-06
173.05,1.7572e-06
173.1,7.6196e-06
173.15,1.3067e-05
173.2,1.7799e-05
173.25,2.1558e-05
173.3,2.4141e-05
173.35,2.5402e-05
173.4,2.5277e-05
173.45,2.3773e-05
173.5,2.0969e-05
173.55,1.7022e-05
173.6,1.2146e-05
173.65,6.6066e-06
173.7,7.092e-07
173.75,-5.2282e-06
173.8,-1.0879e-05
173.85,-1.5934e-05
173.9,-2.0122e-05
173.95,-2.3209e-05
174,-2.503e-05
174.05,-2.5487e-05
174.1,-2.4551e-05
174.15,-2.2278e-05
174.2,-1.879e-05
174.25,-1.4277e-05
174.3,-8.988e-06
174.35,-3.2077e-06
174.4,2.7463e-06
174.45,8.5486e-06
174.5,1.3887e-05
174.55,1.8465e-05
174.6,2.2037e-05
174.65,2.441e-05
174.7,2.5449e-05
174.75,2.5104e-05
174.8,2.3391e-05
174.85,2.0403e-05
174.9,1.6306e-05
174.95,1.132e-05
175,5.7178e-06
175.05,-1.9317e-07
175.1,-6.0952e-06
175.15,-1.1663e-05
175.2,-1.6595e-05
175.25,-2.0625e-05
175.3,-2.353e-05
175.35,-2.5154e-05
175.4,-2.541e-05
175.45,-2.4282e-05
175.5,-2.1834e-05
175.55,-1.8198e-05
175.6,-1.3572e-05
175.65,-8.2094e-06
175.7,-2.3992e-06
175.75,3.5397e-06
175.8,9.2846e-06
175.85,1.4526e-05
175.9,1.8975e-05
175.95,2.2392e-05
176,2.4593e-05
176.05,2.5454e-05
176.1,2.4934e-05
176.15,2.3058e-05
176.2,1.9928e-05
176.25,1.5718e-05
176.3,1.0652e-05
176.35,5.0085e-06
176.4,-9.0482e-07
176.45,-6.7706e-06
176.5,-1.2266e-05
176.55,-1.7095e-05
176.6,-2.0996e-05
176.65,-2.3754e-05
176.7,-2.5223e-05
176.75,-2.5323e-05
176.8,-2.4046e-05
176.85,-2.1467e-05
176.9,-1.7721e-05
176.95,-1.3013e-05
177,-7.6014e-06
177.05,-1.7757e-06
177.1,4.1441e-06
177.15,9.8381e-06
177.2,1.5e-05
177.25,1.9344e-05
177.3,2.264e-05
177.35,2.4708e-05
177.4,2.5434e-05
177.45,2.4783e-05
177.5,2.2786e-05
177.55,1.9554e-05
177.6,1.5264e-05
177.65,1.0145e-05
177.7,4.4774e-06
177.75,-1.431e-06
177.8,-7.2633e-06
177.85,-1.2699e-05
177.9,-1.7446e-05
177.95,-2.1249e-05
178,-2.3898e-05
178.05,-2.5253e-05
178.1,-2.5239e-05
178.15,-2.3857e-05
178.2,-2.1186e-05
178.25,-1.7365e-05
178.3,-1.2605e-05
178.35,-7.1637e-06
178.4,-1.3333e-06
178.45,4.5667e-06
178.5,1.0219e-05
178.55,1.5319e-05
178.6,1.9586e-05
178.65,2.2795e-05
178.7,2.4769e-05
178.75,2.5401e-05
178.8,2.4661e-05
178.85,2.2585e-05
178.9,1.9287e-05
178.95,1.4948e-05
179,9.7989e-06
179.05,4.1216e-06
179.1,-1.7772e-06
179.15,-7.5813e-06
179.2,-1.2972e-05
179.25,-1.7662e-05
179.3,-2.1397e-05
179.35,-2.3972e-05
179.4,-2.5254e-05
179.45,-2.5169e-05
179.5,-2.3722e-05
179.55,-2.0996e-05
179.6,-1.7134e-05
179.65,-1.2346e-05
179.7,-6.8939e-06
179.75,-1.0673e-06
179.8,4.8142e-06
179.85,1.0435e-05
179.9,1.5493e-05
179.95,1.9711e-05
180,2.2866e-05
180.05,2.4786e-05
180.1,2.5364e-05
180.15,2.4576e-05
180.2,2.2459e-05
180.25,1.913e-05
180.3,1.4771e-05
180.35,9.6123e-06
180.4,3.9371e-06
180.45,-1.9493e-06
180.5,-7.7317e-06
180.55,-1.3094e-05
180.6,-1.775e-05
180.65,-2.1448e-05
180.7,-2.3986e-05
180.75,-2.5233e-05
180.8,-2.5117e-05
180.85,-2.3645e-05
180.9,-2.0901e-05
180.95,-1.7028e-05
181,-1.2237e-05
181.05,-6.7888e-06
181.1,-9.729e-07
181.15,4.8926e-06
181.2,1.0494e-05
181.25,1.5531e-05
181.3,1.9727e-05
181.35,2.2861e-05
181.4,2.4763e-05
181.45,2.5328e-05
181.5,2.4531e-05
181.55,2.2411e-05
181.6,1.9083e-05
181.65,1.473e-05
181.7,9.5817e-06
181.75,3.9194e-06
181.8,-1.9526e-06
181.85,-7.7207e-06
181.9,-1.307e-05
181.95,-1.7715e-05
182,-2.1407e-05
182.05,-2.3944e-05
182.1,-2.5194e-05
182.15,-2.5086e-05
182.2,-2.3627e-05
182.25,-2.0898e-05
182.3,-1.7044e-05
182.35,-1.2273e-05
182.4,-6.844e-06
182.45,-1.0449e-06
182.5,4.8075e-06
182.55,1.0401e-05
182.6,1.5435e-05
182.65,1.9636e-05
182.7,2.2783e-05
182.75,2.4703e-05
182.8,2.5293e-05
182.85,2.4525e-05
182.9,2.2437e-05
182.95,1.9143e-05
183,1.4822e-05
183.05,9.7026e-06
183.1,4.0636e-06
183.15,-1.7922e-06
183.2,-7.553e-06
183.25,-1.2905e-05
183.3,-1.7563e-05
183.35,-2.1278e-05
183.4,-2.3847e-05
183.45,-2.5136e-05
183.5,-2.5074e-05
183.55,-2.3664e-05
183.6,-2.0986e-05
183.65,-1.7179e-05
183.7,-1.2449e-05
183.75,-7.0541e-06
183.8,-1.2783e-06
183.85,4.5635e-06
183.9,1.0159e-05
183.95,1.5211e-05
184,1.9443e-05
184.05,2.2632e-05
184.1,2.4606e-05
184.15,2.5257e-05
184.2,2.4555e-05
184.25,2.2535e-05
184.3,1.9304e-05
184.35,1.5041e-05
184.4,9.9692e-06
184.45,4.3642e-06
184.5,-1.4729e-06
184.55,-7.2326e-06
184.6,-1.2601e-05
184.65,-1.7294e-05
184.7,-2.106e-05
184.75,-2.3693e-05
184.8,-2.5058e-05
184.85,-2.5078e-05
184.9,-2.3753e-05
184.95,-2.1157e-05
185,-1.7425e-05
185.05,-1.276e-05
185.1,-7.4133e-06
185.15,-1.6679e-06
185.2,4.1646e-06
185.25,9.7726e-06
185.3,1.4858e-05
185.35,1.9145e-05
185.4,2.2406e-05
185.45,2.4467e-05
185.5,2.5215e-05
185.55,2.4615e-05
185.6,2.2696e-05
185.65,1.956e-05
185.7,1.538e-05
185.75,1.0375e-05
185.8,4.8154e-06
185.85,-9.994e-07
185.9,-6.7623e-06
185.95,-1.2161e-05
186,-1.6907e-05
186.05,-2.0749e-05
186.1,-2.3478e-05
186.15,-2.4952e-05
186.2,-2.509e-05
186.25,-2.3884e-05
186.3,-2.1402e-05
186.35,-1.7775e-05
186.4,-1.3196e-05
186.45,-7.9148e-06
186.5,-2.2083e-06
186.55,3.6146e-06
186.6,9.242e-06
186.65,1.4377e-05
186.7,1.874e-05
186.75,2.2101e-05
186.8,2.4281e-05
186.85,2.516e-05
186.9,2.4696e-05
186.95,2.2912e-05
187,1.9901e-05
187.05,1.583e-05
187.1,1.0912e-05
187.15,5.4108e-06
187.2,-3.7618e-07
187.25,-6.1447e-06
187.3,-1.1583e-05
187.35,-1.64e-05
187.4,-2.0343e-05
187.45,-2.3196e-05
187.5,-2.4811e-05
187.55,-2.5101e-05
187.6,-2.4048e-05
187.65,-2.1713e-05
187.7,-1.8219e-05
187.75,-1.375e-05
187.8,-8.5508e-06
187.85,-2.8938e-06
187.9,2.9167e-06
187.95,8.5688e-06
188,1.3765e-05
188.05,1.8224e-05
188.1,2.171e-05
188.15,2.4038e-05
188.2,2.5081e-05
188.25,2.4787e-05
188.3,2.317e-05
188.35,2.0316e-05
188.4,1.638e-05
188.45,1.1571e-05
188.5,6.1434e-06
188.55,3.9192e-07
188.6,-5.3818e-06
188.65,-1.0867e-05
188.7,-1.577e-05
188.75,-1.9834e-05
188.8,-2.2838e-05
188.85,-2.4624e-05
188.9,-2.5098e-05
188.95,-2.4232e-05
189,-2.2076e-05
189.05,-1.8744e-05
189.1,-1.441e-05
189.15,-9.3127e-06
189.2,-3.7181e-06
189.25,2.0746e-06
189.3,7.7534e-06
189.35,1.3021e-05
189.4,1.7592e-05
189.45,2.1225e-05
189.5,2.3729e-05
189.55,2.4966e-05
189.6,2.4874e-05
189.65,2.3458e-05
189.7,2.0791e-05
189.75,1.7019e-05
189.8,1.2341e-05
189.85,7.005e-06
189.9,1.2996e-06
189.95,-4.4757e-06
190,-1.0012e-05
190.05,-1.5013e-05
190.1,-1.9216e-05
190.15,-2.2394e-05
190.2,-2.4379e-05
190.25,-2.5069e-05
190.3,-2.4422e-05
190.35,-2.2476e-05
190.4,-1.9336e-05
190.45,-1.5165e-05
190.5,-1.019e-05
190.55,-4.6737e-06
190.6,1.0923e-06
190.65,6.7965e-06
190.7,1.214e-05
190.75,1.6838e-05
190.8,2.0637e-05
190.85,2.334e-05
190.9,2.4801e-05
190.95,2.4942e-05
191,2.3759e-05
191.05,2.1311e-05
191.1,1.7731e-05
191.15,1.3211e-05
191.2,7.9863e-06
191.25,2.3405e-06
191.3,-3.4292e-06
191.35,-9.0174e-06
191.4,-1.4123e-05
191.45,-1.8479e-05
191.5,-2.1852e-05
191.55,-2.4062e-05
191.6,-2.4996e-05
191.65,-2.46e-05
191.7,-2.2897e-05
191.75,-1.998e-05
191.8,-1.6e-05
191.85,-1.1172e-05
191.9,-5.7522e-06
191.95,-2.5524e-08
192,5.6991e-06
192.05,1.1121e-05
192.1,1.5953e-05
192.15,1.9935e-05
192.2,2.2859e-05
192.25,2.457e-05
192.3,2.4974e-05
192.35,2.4056e-05
192.4,2.1859e-05
192.45,1.8502e-05
192.5,1.4166e-05
192.55,9.0764e-06
192.6,3.5074e-06
192.65,-2.2458e-06
192.7,-7.8815e-06
192.75,-1.3096e-05
192.8,-1.7615e-05
192.85,-2.12e-05
192.9,-2.3658e-05
192.95,-2.4863e-05
193,-2.4749e-05
193.05,-2.332e-05
193.1,-2.0658e-05
193.15,-1.6899e-05
193.2,-1.2244e-05
193.25,-6.9434e-06
193.3,-1.2726e-06
193.35,4.4632e-06
193.4,9.9608e-06
193.45,1.4932e-05
193.5,1.9108e-05
193.55,2.2272e-05
193.6,2.4257e-05
193.65,2.4953e-05
193.7,2.4329e-05
193.75,2.2415e-05
193.8,1.9313e-05
193.85,1.5191e-05
193.9,1.0263e-05
193.95,4.7914e-06
194,-9.304e-07
194.05,-6.6047e-06
194.1,-1.1927e-05
194.15,-1.6615e-05
194.2,-2.0426e-05
194.25,-2.3152e-05
194.3,-2.4652e-05
194.35,-2.4848e-05
194.4,-2.3726e-05
194.45,-2.135e-05
194.5,-1.7844e-05
194.55,-1.3392e-05
194.6,-8.2352e-06
194.65,-2.6412e-06
194.7,3.0918e-06
194.75,8.658e-06
194.8,1.3768e-05
194.85,1.8147e-05
194.9,2.1564e-05
194.95,2.3843e-05
195,2.4857e-05
195.05,2.4557e-05
195.1,2.2959e-05
195.15,2.0144e-05
195.2,1.6267e-05
195.25,1.153e-05
195.3,6.1815e-06
195.35,5.1041e-07
195.4,-5.1888e-06
195.45,-1.0613e-05
195.5,-1.5473e-05
195.55,-1.9516e-05
195.6,-2.2526e-05
195.65,-2.4343e-05
195.7,-2.4876e-05
195.75,-2.4091e-05
195.8,-2.2034e-05
195.85,-1.8815e-05
195.9,-1.4598e-05
195.95,-9.6135e-06
196,-4.1211e-06
196.05,1.5899e-06
196.1,7.2129e-06
196.15,1.2456e-05
196.2,1.7041e-05
196.25,2.0722e-05
196.3,2.3311e-05
196.35,2.4666e-05
196.4,2.4718e-05
196.45,2.3467e-05
196.5,2.0974e-05
196.55,1.7375e-05
196.6,1.286e-05
196.65,7.6648e-06
196.7,2.0679e-06
196.75,-3.6376e-06
196.8,-9.1519e-06
196.85,-1.4179e-05
196.9,-1.8459e-05
196.95,-2.1764e-05
197,-2.3918e-05
197.05,-2.4811e-05
197.1,-2.4394e-05
197.15,-2.2688e-05
197.2,-1.9788e-05
197.25,-1.5842e-05
197.3,-1.1062e-05
197.35,-5.6999e-06
197.4,-3.5407e-08
197.45,5.6275e-06
197.5,1.0993e-05
197.55,1.578e-05
197.6,1.973e-05
197.65,2.2642e-05
197.7,2.4359e-05
197.75,2.4789e-05
197.8,2.3914e-05
197.85,2.1777e-05
197.9,1.8492e-05
197.95,1.4235e-05
198,9.2252e-06
198.05,3.731e-06
198.1,-1.9572e-06
198.15,-7.5442e-06
198.2,-1.273e-05
198.25,-1.7245e-05
198.3,-2.0851e-05
198.35,-2.3356e-05
198.4,-2.4631e-05
198.45,-2.4608e-05
198.5,-2.3286e-05
198.55,-2.0741e-05
198.6,-1.7102e-05
198.65,-1.2561e-05
198.7,-7.3622e-06
198.75,-1.774e-06
198.8,3.9061e-06
198.85,9.3777e-06
198.9,1.4358e-05
198.95,1.8578e-05
199,2.1819e-05
199.05,2.3914e-05
199.1,2.4745e-05
199.15,2.4276e-05
199.2,2.2529e-05
199.25,1.9594e-05
199.3,1.563e-05
199.35,1.0844e-05
199.4,5.4858e-06
199.45,-1.5685e-07
199.5,-5.7928e-06
199.55,-1.1122e-05
199.6,-1.5864e-05
199.65,-1.9773e-05
199.7,-2.2638e-05
199.75,-2.4312e-05
199.8,-2.4708e-05
199.85,-2.3802e-05
199.9,-2.1645e-05
199.95,-1.8351e-05
200,-1.4089e-05
200.05,-9.0897e-06
200.1,-3.6123e-06
200.15,2.0559e-06
200.2,7.6117e-06
200.25,1.2769e-05
200.3,1.7253e-05
200.35,2.0828e-05
200.4,2.331e-05
200.45,2.4563e-05
200.5,2.4525e-05
200.55,2.32e-05
200.6,2.0653e-05
200.65,1.7022e-05
200.7,1.2498e-05
200.75,7.3151e-06
200.8,1.7514e-06
200.85,-3.904e-06
200.9,-9.3552e-06
200.95,-1.4311e-05
201,-1.8515e-05
201.05,-2.1747e-05
201.1,-2.3832e-05
201.15,-2.4669e-05
201.2,-2.4207e-05
201.25,-2.2473e-05
201.3,-1.9562e-05
201.35,-1.5621e-05
201.4,-1.0861e-05
201.45,-5.5332e-06
201.5,8.749e-08
201.55,5.7e-06
201.6,1.1013e-05
201.65,1.5748e-05
201.7,1.9653e-05
201.75,2.2527e-05
201.8,2.4219e-05
201.85,2.4636e-05
201.9,2.3762e-05
201.95,2.1641e-05
202,1.8382e-05
202.05,1.4163e-05
202.1,9.1979e-06
202.15,3.7518e-06
202.2,-1.8882e-06
202.25,-7.4313e-06
202.3,-1.2581e-05
202.35,-1.707e-05
202.4,-2.0665e-05
202.45,-2.3171e-05
202.5,-2.4464e-05
202.55,-2.4473e-05
202.6,-2.3196e-05
202.65,-2.0706e-05
202.7,-1.7129e-05
202.75,-1.2652e-05
202.8,-7.5159e-06
202.85,-1.9841e-06
202.9,3.6507e-06
202.95,9.0908e-06
203,1.4056e-05
203.05,1.8282e-05
203.1,2.1548e-05
203.15,2.3687e-05
203.2,2.458e-05
203.25,2.4186e-05
203.3,2.2525e-05
203.35,1.9682e-05
203.4,1.581e-05
203.45,1.1109e-05
203.5,5.8251e-06
203.55,2.4024e-07
203.6,-5.3584e-06
203.65,-1.0676e-05
203.7,-1.543e-05
203.75,-1.9378e-05
203.8,-2.2309e-05
203.85,-2.4069e-05
203.9,-2.4571e-05
203.95,-2.3783e-05
204,-2.175e-05
204.05,-1.858e-05
204.1,-1.4434e-05
204.15,-9.536e-06
204.2,-4.1391e-06
204.25,1.4762e-06
204.3,7.0098e-06
204.35,1.2177e-05
204.4,1.6707e-05
204.45,2.0358e-05
204.5,2.2946e-05
204.55,2.4332e-05
204.6,2.4441e-05
204.65,2.3274e-05
204.7,2.0887e-05
204.75,1.7407e-05
