0,-2.0713e-05
0.05,-1.3413e-05
0.1,-3.7306e-06
0.15,6.6075e-06
0.2,1.5762e-05
0.25,2.2107e-05
0.3,2.4517e-05
0.35,2.2569e-05
0.4,1.6613e-05
0.45,7.7113e-06
0.5,-2.5517e-06
0.55,-1.2354e-05
0.6,-1.9956e-05
0.65,-2.4013e-05
0.7,-2.3809e-05
0.75,-1.9386e-05
0.8,-1.1532e-05
0.85,-1.6421e-06
0.9,8.5303e-06
0.95,1.7184e-05
1,2.2791e-05
1.05,2.4361e-05
1.1,2.1623e-05
1.15,1.5065e-05
1.2,5.8509e-06
1.25,-4.3887e-06
1.3,-1.3844e-05
1.35,-2.0848e-05
1.4,-2.4167e-05
1.45,-2.322e-05
1.5,-1.818e-05
1.55,-9.9389e-06
1.6,4.5795e-08
1.65,1.0013e-05
1.7,1.8209e-05
1.75,2.3192e-05
1.8,2.4089e-05
1.85,2.0748e-05
1.9,1.3762e-05
1.95,4.3626e-06
2,-5.7944e-06
2.05,-1.4924e-05
2.1,-2.1425e-05
2.15,-2.4158e-05
2.2,-2.265e-05
2.25,-1.717e-05
2.3,-8.6849e-06
2.35,1.315e-06
2.4,1.1075e-05
2.45,1.8886e-05
2.5,2.3382e-05
2.55,2.3781e-05
2.6,2.0019e-05
2.65,1.2758e-05
2.7,3.2745e-06
2.75,-6.7725e-06
2.8,-1.5626e-05
2.85,-2.1742e-05
2.9,-2.4055e-05
2.95,-2.2168e-05
3,-1.6415e-05
3.05,-7.8049e-06
3.1,2.1573e-06
3.15,1.1733e-05
3.2,1.9256e-05
3.25,2.3417e-05
3.3,2.3497e-05
3.35,1.9488e-05
3.4,1.2094e-05
3.45,2.6034e-06
3.5,-7.3293e-06
3.55,-1.5978e-05
3.6,-2.1842e-05
3.65,-2.3908e-05
3.7,-2.1821e-05
3.75,-1.5951e-05
3.8,-7.3208e-06
3.85,2.5696e-06
3.9,1.2004e-05
3.95,1.9349e-05
4,2.3334e-05
4.05,2.3277e-05
4.1,1.9191e-05
4.15,1.179e-05
4.2,2.359e-06
4.25,-7.4694e-06
4.3,-1.5996e-05
4.35,-2.1751e-05
4.4,-2.3744e-05
4.45,-2.1637e-05
4.5,-1.58e-05
4.55,-7.2446e-06
4.6,2.5495e-06
4.65,1.1893e-05
4.7,1.9177e-05
4.75,2.3151e-05
4.8,2.3136e-05
4.85,1.9141e-05
4.9,1.1858e-05
4.95,2.5461e-06
5,-7.1928e-06
5.05,-1.5685e-05
5.1,-2.1473e-05
5.15,-2.357e-05
5.2,-2.162e-05
5.25,-1.5965e-05
5.3,-7.5796e-06
5.35,2.094e-06
5.4,1.1397e-05
5.45,1.8737e-05
5.5,2.2862e-05
5.55,2.307e-05
5.6,1.9333e-05
5.65,1.2295e-05
5.7,3.1659e-06
5.75,-6.4929e-06
5.8,-1.5031e-05
5.85,-2.0993e-05
5.9,-2.3366e-05
5.95,-2.1752e-05
6,-1.6432e-05
6.05,-8.3198e-06
6.1,1.1993e-06
6.15,1.0502e-05
6.2,1.8005e-05
6.25,2.2436e-05
6.3,2.3047e-05
6.35,1.9739e-05
6.4,1.3083e-05
6.45,4.2142e-06
6.5,-5.3583e-06
6.55,-1.4009e-05
6.6,-2.0272e-05
6.65,-2.309e-05
6.7,-2.1992e-05
6.75,-1.717e-05
6.8,-9.4476e-06
6.85,-1.3711e-07
6.9,9.1837e-06
6.95,1.6939e-05
7,2.182e-05
7.05,2.3008e-05
7.1,2.0309e-05
7.15,1.4186e-05
7.2,5.6779e-06
7.25,-3.7759e-06
7.3,-1.258e-05
7.35,-1.9251e-05
7.4,-2.2671e-05
7.45,-2.2268e-05
7.5,-1.8119e-05
7.55,-1.0929e-05
7.6,-1.9107e-06
7.65,7.4151e-06
7.7,1.5482e-05
7.75,2.0937e-05
7.8,2.287e-05
7.85,2.0963e-05
7.9,1.5544e-05
7.95,7.5282e-06
8,-1.7372e-06
8.05,-1.0698e-05
8.1,-1.7854e-05
8.15,-2.2012e-05
8.2,-2.2483e-05
8.25,-1.9195e-05
8.3,-1.2704e-05
8.35,-4.1024e-06
8.4,5.171e-06
8.45,1.3567e-05
8.5,1.9688e-05
8.55,2.2516e-05
8.6,2.1589e-05
8.65,1.7067e-05
8.7,9.7118e-06
8.75,7.5189e-07
8.8,-8.3187e-06
8.85,-1.5992e-05
8.9,-2.0995e-05
8.95,-2.2504e-05
9,-2.0274e-05
9.05,-1.4684e-05
9.1,-6.6673e-06
9.15,2.4412e-06
9.2,1.113e-05
9.25,1.7961e-05
9.3,2.1808e-05
9.35,2.204e-05
9.4,1.8626e-05
9.45,1.2139e-05
9.5,3.6578e-06
9.55,-5.4134e-06
9.6,-1.3576e-05
9.65,-1.9484e-05
9.7,-2.2169e-05
9.75,-2.1196e-05
9.8,-1.6732e-05
9.85,-9.5207e-06
9.9,-7.5502e-07
9.95,8.1195e-06
10,1.5643e-05
10.05,2.0583e-05
10.1,2.2133e-05
10.15,2.0046e-05
10.2,1.4673e-05
10.25,6.903e-06
10.3,-1.9847e-06
10.35,-1.0531e-05
10.4,-1.7337e-05
10.45,-2.1293e-05
10.5,-2.1757e-05
10.55,-1.8663e-05
10.6,-1.2523e-05
10.65,-4.3493e-06
10.7,4.5199e-06
10.75,1.2635e-05
10.8,1.8673e-05
10.85,2.1656e-05
10.9,2.1104e-05
10.95,1.7115e-05
11,1.0348e-05
11.05,1.9099e-06
11.1,-6.8228e-06
11.15,-1.443e-05
11.2,-1.9678e-05
11.25,-2.172e-05
11.3,-2.0233e-05
11.35,-1.5467e-05
11.4,-8.2028e-06
11.45,3.7656e-07
11.5,8.878e-06
11.55,1.5925e-05
11.6,2.0382e-05
11.65,2.1534e-05
11.7,1.9203e-05
11.75,1.3774e-05
11.8,6.133e-06
11.85,-2.4827e-06
11.9,-1.068e-05
11.95,-1.714e-05
12,-2.0824e-05
12.05,-2.1148e-05
12.1,-1.8067e-05
12.15,-1.2086e-05
12.2,-4.1748e-06
12.25,4.3908e-06
12.3,1.2233e-05
12.35,1.8096e-05
12.4,2.1042e-05
12.45,2.0609e-05
12.5,1.6873e-05
12.55,1.0443e-05
12.6,2.3554e-06
12.65,-6.092e-06
12.7,-1.3547e-05
12.75,-1.8821e-05
12.8,-2.1076e-05
12.85,-1.9962e-05
12.9,-1.5666e-05
12.95,-8.8801e-06
13,-6.9426e-07
13.05,7.584e-06
13.1,1.4636e-05
13.15,1.9344e-05
13.2,2.0964e-05
13.25,1.9249e-05
13.3,1.448e-05
13.35,7.4228e-06
13.4,-7.9616e-07
13.45,-8.87e-06
13.5,-1.5519e-05
13.55,-1.9695e-05
13.6,-2.0743e-05
13.65,-1.8506e-05
13.7,-1.3348e-05
13.75,-6.0919e-06
13.8,2.1089e-06
13.85,9.9574e-06
13.9,1.6216e-05
13.95,1.9903e-05
14,2.0444e-05
14.05,1.7764e-05
14.1,1.2293e-05
14.15,4.9025e-06
14.2,-3.2415e-06
14.25,-1.0856e-05
14.3,-1.6747e-05
14.35,-1.9995e-05
14.4,-2.0098e-05
14.45,-1.705e-05
14.5,-1.1338e-05
14.55,-3.8646e-06
14.6,4.1947e-06
14.65,1.1578e-05
14.7,1.7132e-05
14.75,1.9996e-05
14.8,1.973e-05
14.85,1.6387e-05
14.9,1.0496e-05
14.95,2.9849e-06
15,-4.9719e-06
15.05,-1.2134e-05
15.1,-1.739e-05
15.15,-1.9928e-05
15.2,-1.9363e-05
15.25,-1.5792e-05
15.3,-9.7801e-06
15.35,-2.267e-06
15.4,5.5776e-06
15.45,1.2537e-05
15.5,1.7537e-05
15.55,1.9809e-05
15.6,1.9013e-05
15.65,1.528e-05
15.7,9.1975e-06
15.75,1.712e-06
15.8,-6.017e-06
15.85,-1.2797e-05
15.9,-1.7587e-05
15.95,-1.9655e-05
16,-1.8694e-05
16.05,-1.486e-05
16.1,-8.7533e-06
16.15,-1.3197e-06
16.2,6.2954e-06
16.25,1.2923e-05
16.3,1.7551e-05
16.35,1.9477e-05
16.4,1.8415e-05
16.45,1.4538e-05
16.5,8.4503e-06
16.55,1.0886e-06
16.6,-6.4178e-06
16.65,-1.2923e-05
16.7,-1.7437e-05
16.75,-1.9281e-05
16.8,-1.8182e-05
16.85,-1.4318e-05
16.9,-8.2884e-06
16.95,-1.0164e-06
17,6.388e-06
17.05,1.28e-05
17.1,1.7251e-05
17.15,1.9071e-05
17.2,1.7997e-05
17.25,1.42e-05
17.3,8.2661e-06
17.35,1.1004e-06
17.4,-6.2094e-06
17.45,-1.2558e-05
17.5,-1.6992e-05
17.55,-1.8848e-05
17.6,-1.7858e-05
17.65,-1.418e-05
17.7,-8.3796e-06
17.75,-1.337e-06
17.8,5.884e-06
17.85,1.2198e-05
17.9,1.6659e-05
17.95,1.8607e-05
18,1.7759e-05
18.05,1.4252e-05
18.1,8.6231e-06
18.15,1.7223e-06
18.2,-5.4132e-06
18.25,-1.1716e-05
18.3,-1.6248e-05
18.35,-1.8341e-05
18.4,-1.7691e-05
18.45,-1.4407e-05
18.5,-8.9888e-06
18.55,-2.2514e-06
18.6,4.7978e-06
18.65,1.111e-05
18.7,1.575e-05
18.75,1.8037e-05
18.8,1.7641e-05
18.85,1.4632e-05
18.9,9.4662e-06
18.95,2.918e-06
19,-4.0386e-06
19.05,-1.0374e-05
19.1,-1.5154e-05
19.15,-1.7681e-05
19.2,-1.7591e-05
19.25,-1.491e-05
19.3,-1.0042e-05
19.35,-3.714e-06
19.4,3.137e-06
19.45,9.5019e-06
19.5,1.4448e-05
19.55,1.7256e-05
19.6,1.7523e-05
19.65,1.5221e-05
19.7,1.0699e-05
19.75,4.6288e-06
19.8,-2.0956e-06
19.85,-8.4885e-06
19.9,-1.3618e-05
19.95,-1.6741e-05
20,-1.7411e-05
20.05,-1.5542e-05
20.1,-1.1418e-05
20.15,-5.6485e-06
20.2,9.1952e-07
20.25,7.3283e-06
20.3,1.2648e-05
20.35,1.6113e-05
20.4,1.7228e-05
20.45,1.5844e-05
20.5,1.2172e-05
20.55,6.7546e-06
20.6,3.8286e-07
20.65,-6.0185e-06
20.7,-1.1526e-05
20.75,-1.5348e-05
20.8,-1.6944e-05
20.85,-1.6094e-05
20.9,-1.2932e-05
20.95,-7.9239e-06
21,-1.7984e-06
21.05,4.5597e-06
21.1,1.0237e-05
21.15,1.4424e-05
21.2,1.6527e-05
21.25,1.6256e-05
21.3,1.3662e-05
21.35,9.1271e-06
21.4,3.3083e-06
21.45,-2.9576e-06
21.5,-8.7747e-06
21.55,-1.3317e-05
21.6,-1.5944e-05
21.65,-1.6291e-05
21.7,-1.4322e-05
21.75,-1.0328e-05
21.8,-4.8861e-06
21.85,1.2245e-06
21.9,7.1343e-06
21.95,1.2008e-05
22,1.5161e-05
22.05,1.6157e-05
22.1,1.4866e-05
22.15,1.1484e-05
22.2,6.4977e-06
22.25,6.1882e-07
22.3,-5.32e-06
22.35,-1.0483e-05
22.4,-1.4149e-05
22.45,-1.581e-05
22.5,-1.5245e-05
22.55,-1.2544e-05
22.6,-8.0993e-06
22.65,-2.5414e-06
22.7,3.3454e-06
22.75,8.7365e-06
22.8,1.2882e-05
22.85,1.5209e-05
22.9,1.5404e-05
22.95,1.3453e-05
23,9.6378e-06
23.05,4.5011e-06
23.1,-1.2359e-06
23.15,-6.7729e-06
23.2,-1.1343e-05
23.25,-1.4317e-05
23.3,-1.5293e-05
23.35,-1.4147e-05
23.4,-1.1051e-05
23.45,-6.4434e-06
23.5,-9.6948e-07
23.55,4.6101e-06
23.6,9.5255e-06
23.65,1.3104e-05
23.7,1.486e-05
23.75,1.4564e-05
23.8,1.2269e-05
23.85,8.3012e-06
23.9,3.2163e-06
23.95,-2.2825e-06
24,-7.4395e-06
24.05,-1.1551e-05
24.1,-1.4062e-05
24.15,-1.4638e-05
24.2,-1.3214e-05
24.25,-9.9963e-06
24.3,-5.4341e-06
24.35,-1.5727e-07
24.4,5.1119e-06
24.45,9.6573e-06
24.5,1.2866e-05
24.55,1.4312e-05
24.6,1.381e-05
24.65,1.1441e-05
24.7,7.5373e-06
24.75,2.6368e-06
24.8,-2.5918e-06
24.85,-7.4407e-06
24.9,-1.1258e-05
24.95,-1.3538e-05
25,-1.3981e-05
25.05,-1.2542e-05
25.1,-9.4267e-06
25.15,-5.064e-06
25.2,-4.7814e-08
25.25,4.945e-06
25.3,9.2459e-06
25.35,1.2284e-05
25.4,1.3663e-05
25.45,1.3208e-05
25.5,1.0994e-05
25.55,7.3287e-06
25.6,2.7094e-06
25.65,-2.242e-06
25.7,-6.8647e-06
25.75,-1.0547e-05
25.8,-1.2807e-05
25.85,-1.3354e-05
25.9,-1.2129e-05
25.95,-9.3072e-06
26,-5.2723e-06
26.05,-5.6668e-07
26.1,4.1836e-06
26.15,8.3516e-06
26.2,1.1392e-05
26.25,1.2914e-05
26.3,1.2727e-05
26.35,1.087e-05
26.4,7.5974e-06
26.45,3.3507e-06
26.5,-1.3069e-06
26.55,-5.7622e-06
26.6,-9.434e-06
26.65,-1.1848e-05
26.7,-1.27e-05
26.75,-1.1889e-05
26.8,-9.5345e-06
26.85,-5.9552e-06
26.9,-1.6261e-06
26.95,2.8842e-06
27,6.9887e-06
27.05,1.0158e-05
27.1,1.1989e-05
27.15,1.2255e-05
27.2,1.0934e-05
27.25,8.2096e-06
27.3,4.4453e-06
27.35,1.3484e-07
27.4,-4.1617e-06
27.45,-7.8913e-06
27.5,-1.0579e-05
27.55,-1.1887e-05
27.6,-1.166e-05
27.65,-9.9401e-06
27.7,-6.9591e-06
27.75,-3.1099e-06
27.8,1.108e-06
27.85,5.1523e-06
27.9,8.5084e-06
27.95,1.0754e-05
28,1.1613e-05
28.05,1.0987e-05
28.1,8.9692e-06
28.15,5.8283e-06
28.2,1.9725e-06
28.25,-2.1028e-06
28.3,-5.8796e-06
28.35,-8.8825e-06
28.4,-1.0739e-05
28.45,-1.1224e-05
28.5,-1.029e-05
28.55,-8.0664e-06
28.6,-4.8457e-06
28.65,-1.0421e-06
28.7,2.8611e-06
28.75,6.3727e-06
28.8,9.0559e-06
28.85,1.0582e-05
28.9,1.0771e-05
28.95,9.6121e-06
29,7.2623e-06
29.05,4.0266e-06
29.1,3.1677e-07
29.15,-3.4003e-06
29.2,-6.6621e-06
29.25,-9.0674e-06
29.3,-1.0326e-05
29.35,-1.0292e-05
29.4,-8.9842e-06
29.45,-6.5756e-06
29.5,-3.3757e-06
29.55,2.1232e-07
29.6,3.7415e-06
29.65,6.7772e-06
29.7,8.9504e-06
29.75,1.0002e-05
29.8,9.8154e-06
29.85,8.4251e-06
29.9,6.0146e-06
29.95,2.89e-06
30,-5.5861e-07
30.05,-3.906e-06
30.1,-6.7441e-06
30.15,-8.7319e-06
30.2,-9.636e-06
30.25,-9.358e-06
30.3,-7.9445e-06
30.35,-5.5796e-06
30.4,-2.561e-06
30.45,7.3791e-07
30.5,3.9143e-06
30.55,6.5848e-06
30.6,8.4322e-06
30.65,9.2425e-06
30.7,8.9295e-06
30.75,7.5439e-06
30.8,5.2646e-06
30.85,2.3762e-06
30.9,-7.6707e-07
30.95,-3.7849e-06
31,-6.3169e-06
31.05,-8.0653e-06
31.1,-8.8301e-06
31.15,-8.5316e-06
31.2,-7.218e-06
31.25,-5.0584e-06
31.3,-2.3203e-06
31.35,6.6333e-07
31.4,3.5346e-06
31.45,5.9538e-06
31.5,7.6395e-06
31.55,8.4009e-06
31.6,8.1594e-06
31.65,6.9563e-06
31.7,4.9458e-06
31.75,2.3756e-06
31.8,-4.4411e-07
31.85,-3.178e-06
31.9,-5.5055e-06
31.95,-7.1585e-06
32,-7.9516e-06
32.05,-7.8033e-06
32.1,-6.7434e-06
32.15,-4.9082e-06
32.2,-2.5226e-06
32.25,1.2729e-07
32.3,2.7289e-06
32.35,4.9797e-06
32.4,6.6226e-06
32.45,7.4751e-06
32.5,7.4493e-06
32.55,6.5604e-06
32.6,4.9239e-06
32.65,2.7396e-06
32.7,2.6818e-07
32.75,-2.2009e-06
32.8,-4.3829e-06
32.85,-6.0305e-06
32.9,-6.9619e-06
32.95,-7.0808e-06
33,-6.3857e-06
33.05,-4.9685e-06
33.1,-3.0027e-06
33.15,-7.2158e-07
33.2,1.609e-06
33.25,3.7223e-06
33.3,5.3805e-06
33.35,6.4018e-06
33.4,6.6801e-06
33.45,6.1956e-06
33.5,5.0156e-06
33.55,3.2853e-06
33.6,1.2097e-06
33.65,-9.7059e-07
33.7,-3.0073e-06
33.75,-4.6728e-06
33.8,-5.7856e-06
33.85,-6.2295e-06
33.9,-5.9661e-06
33.95,-5.0373e-06
34,-3.5588e-06
34.05,-1.7061e-06
34.1,3.0655e-07
34.15,2.2511e-06
34.2,3.9115e-06
34.25,5.1074e-06
34.3,5.714e-06
34.35,5.6745e-06
34.4,5.0053e-06
34.45,3.7926e-06
34.5,2.1813e-06
34.55,3.5765e-07
34.6,-1.4723e-06
34.65,-3.106e-06
34.7,-4.3668e-06
34.75,-5.1228e-06
34.8,-5.3008e-06
34.85,-4.8928e-06
34.9,-3.9556e-06
34.95,-2.6029e-06
35,-9.9183e-07
35.05,6.9569e-07
35.1,2.2733e-06
35.15,3.5708e-06
35.2,4.4526e-06
35.25,4.8313e-06
35.3,4.6769e-06
35.35,4.0179e-06
35.4,2.9372e-06
35.45,1.5617e-06
35.5,4.7352e-08
35.55,-1.4386e-06
35.6,-2.7361e-06
35.65,-3.7093e-06
35.7,-4.2609e-06
35.75,-4.3415e-06
35.8,-3.9539e-06
35.85,-3.1515e-06
35.9,-2.0306e-06
35.95,-7.1969e-07
36,6.3593e-07
36.05,1.8899e-06
36.1,2.9109e-06
36.15,3.5959e-06
36.2,3.8808e-06
36.25,3.7461e-06
36.3,3.2176e-06
36.35,2.3625e-06
36.4,1.2808e-06
36.45,9.355e-08
36.5,-1.0703e-06
36.55,-2.0882e-06
36.6,-2.8571e-06
36.65,-3.303e-06
36.7,-3.3889e-06
36.75,-3.1169e-06
36.8,-2.5267e-06
36.85,-1.6906e-06
36.9,-7.042e-07
36.95,3.2407e-07
37,1.2851e-06
37.05,2.0806e-06
37.1,2.6332e-06
37.15,2.8935e-06
37.2,2.8449e-06
37.25,2.5034e-06
37.3,1.9154e-06
37.35,1.1512e-06
37.4,2.9681e-07
37.45,-5.5562e-07
37.5,-1.3178e-06
37.55,-1.9145e-06
37.6,-2.2907e-06
37.65,-2.4167e-06
37.7,-2.2901e-06
37.75,-1.9349e-06
37.8,-1.3977e-06
37.85,-7.4215e-07
37.9,-4.1049e-08
37.95,6.3135e-07
38,1.2074e-06
38.05,1.6326e-06
38.1,1.871e-06
38.15,1.9078e-06
38.2,1.7497e-06
38.25,1.4237e-06
38.3,9.7236e-07
38.35,4.4904e-07
38.4,-8.846e-08
38.45,-5.8427e-07
38.5,-9.9022e-07
38.55,-1.2705e-06
38.6,-1.4046e-06
38.65,-1.3887e-06
38.7,-1.235e-06
38.75,-9.6922e-07
38.8,-6.2709e-07
38.85,-2.4981e-07
38.9,1.2083e-07
38.95,4.4699e-07
39,6.9866e-07
39.05,8.5633e-07
39.1,9.1236e-07
39.15,8.7089e-07
39.2,7.4641e-07
39.25,5.6128e-07
39.3,3.4246e-07
39.35,1.1798e-07
39.4,-8.6456e-08
39.45,-2.5037e-07
39.5,-3.605e-07
39.55,-4.1184e-07
39.6,-4.0749e-07
39.65,-3.5753e-07
39.7,-2.7704e-07
39.75,-1.8361e-07
39.8,-9.4637e-08
39.85,-2.4833e-08
39.9,1.5816e-08
39.95,2.3308e-08
40,-0
40.05,-4.5951e-08
40.1,-1.0198e-07
40.15,-1.5314e-07
40.2,-1.8452e-07
40.25,-1.8361e-07
40.3,-1.4249e-07
40.35,-5.9341e-08
40.4,6.0854e-08
40.45,2.0649e-07
40.5,3.605e-07
40.55,5.023e-07
40.6,6.1036e-07
40.65,6.6503e-07
40.7,6.5132e-07
40.75,5.6128e-07
40.8,3.9564e-07
40.85,1.6443e-07
40.9,-1.1338e-07
40.95,-4.1146e-07
41,-6.9866e-07
41.05,-9.422e-07
41.1,-1.1114e-06
41.15,-1.1811e-06
41.2,-1.1353e-06
41.25,-9.6922e-07
41.3,-6.9059e-07
41.35,-3.1986e-07
41.4,1.1137e-07
41.45,5.6301e-07
41.5,9.9022e-07
41.55,1.3479e-06
41.6,1.5952e-06
41.65,1.7005e-06
41.7,1.6446e-06
41.75,1.4237e-06
41.8,1.0505e-06
41.85,5.5365e-07
41.9,-2.4326e-08
41.95,-6.307e-07
42,-1.2074e-06
42.05,-1.6964e-06
42.1,-2.046e-06
42.15,-2.2155e-06
42.2,-2.1803e-06
42.25,-1.9349e-06
42.3,-1.4936e-06
42.35,-8.9083e-07
42.4,-1.7761e-07
42.45,5.8219e-07
42.5,1.3178e-06
42.55,1.9583e-06
42.6,2.439e-06
42.65,2.7086e-06
42.7,2.7337e-06
42.75,2.5034e-06
42.8,2.0304e-06
42.85,1.3509e-06
42.9,5.2169e-07
42.95,-3.8437e-07
43,-1.2851e-06
43.05,-2.0963e-06
43.1,-2.7396e-06
43.15,-3.1501e-06
43.2,-3.2827e-06
43.25,-3.1169e-06
43.3,-2.6593e-06
43.35,-1.9439e-06
43.4,-1.0292e-06
43.45,6.1028e-09
43.5,1.0703e-06
43.55,2.0666e-06
43.6,2.9022e-06
43.65,3.4965e-06
43.7,3.7892e-06
43.75,3.7461e-06
43.8,3.3628e-06
43.85,2.6657e-06
43.9,1.7104e-06
43.95,5.7714e-07
44,-6.3593e-07
44.05,-1.8213e-06
44.1,-2.8718e-06
44.15,-3.69e-06
44.2,-4.1972e-06
44.25,-4.3415e-06
44.3,-4.1019e-06
44.35,-3.4919e-06
44.4,-2.5579e-06
44.45,-1.3764e-06
44.5,-4.7352e-08
44.55,1.3143e-06
44.6,2.5887e-06
44.65,3.6613e-06
44.7,4.4334e-06
44.75,4.8313e-06
44.8,4.8128e-06
44.85,4.3718e-06
44.9,3.5391e-06
44.95,2.3806e-06
45,9.9183e-07
45.05,-5.0995e-07
45.1,-1.9957e-06
45.15,-3.3356e-06
45.2,-4.4106e-06
45.25,-5.1228e-06
45.3,-5.4043e-06
45.35,-5.2235e-06
45.4,-4.5884e-06
45.45,-3.5466e-06
45.5,-2.1813e-06
45.55,-6.0499e-07
45.6,1.0501e-06
45.65,2.643e-06
45.7,4.0363e-06
45.75,5.1074e-06
45.8,5.76e-06
45.85,5.932e-06
45.9,5.6018e-06
45.95,4.79e-06
46,3.5588e-06
46.05,2.0066e-06
46.1,2.6049e-07
46.15,-1.5344e-06
46.2,-3.2269e-06
46.25,-4.6728e-06
46.3,-5.7468e-06
46.35,-6.3535e-06
46.4,-6.4356e-06
46.45,-5.9792e-06
46.5,-5.0156e-06
46.55,-3.6189e-06
46.6,-1.9002e-06
46.65,1.0456e-09
46.7,1.9286e-06
46.75,3.7223e-06
46.8,5.2314e-06
46.85,6.327e-06
46.9,6.9134e-06
46.95,6.9358e-06
47,6.3857e-06
47.05,5.3016e-06
47.1,3.7668e-06
47.15,1.9024e-06
47.2,-1.4214e-07
47.25,-2.2009e-06
47.3,-4.1053e-06
47.35,-5.6976e-06
47.4,-6.8441e-06
47.45,-7.4464e-06
47.5,-7.4493e-06
47.55,-6.8461e-06
47.6,-5.6794e-06
47.65,-4.038e-06
47.7,-2.0499e-06
47.75,1.2729e-07
47.8,2.3196e-06
47.85,4.3499e-06
47.9,6.053e-06
47.95,7.2882e-06
48,7.9516e-06
48.05,7.9841e-06
48.1,7.377e-06
48.15,6.1726e-06
48.2,4.4615e-06
48.25,2.3756e-06
48.3,7.7779e-08
48.35,-2.2509e-06
48.4,-4.4254e-06
48.45,-6.2714e-06
48.5,-7.6395e-06
48.55,-8.4168e-06
48.6,-8.5365e-06
48.65,-7.9831e-06
48.7,-6.7944e-06
48.75,-5.0584e-06
48.8,-2.907e-06
48.85,-5.0579e-07
48.9,1.959e-06
48.95,4.2945e-06
49,6.3169e-06
49.05,7.8653e-06
49.1,8.8149e-06
49.15,9.0865e-06
49.2,8.6536e-06
49.25,7.5439e-06
49.3,5.8382e-06
49.35,3.664e-06
49.4,1.1859e-06
49.45,-1.4066e-06
49.5,-3.9143e-06
49.55,-6.1429e-06
49.6,-7.9186e-06
49.65,-9.1012e-06
49.7,-9.5954e-06
49.75,-9.358e-06
49.8,-8.4017e-06
49.85,-6.7943e-06
49.9,-4.6539e-06
49.95,-2.14e-06
50,5.5861e-07
50.05,3.2377e-06
50.1,5.6934e-06
50.15,7.7377e-06
50.2,9.2126e-06
50.25,1.0002e-05
50.3,1.0043e-05
50.35,9.3251e-06
50.4,7.8986e-06
50.45,5.8659e-06
50.5,3.3757e-06
50.55,6.1204e-07
50.6,-2.2195e-06
50.65,-4.9071e-06
50.7,-7.2489e-06
50.75,-9.0674e-06
50.8,-1.0224e-05
50.85,-1.0627e-05
50.9,-1.0243e-05
50.95,-9.0943e-06
51,-7.2623e-06
51.05,-4.8783e-06
51.1,-2.1154e-06
51.15,8.245e-07
51.2,3.7253e-06
51.25,6.3727e-06
51.3,8.5702e-06
51.35,1.0153e-05
51.4,1.1003e-05
51.45,1.1051e-05
51.5,1.029e-05
51.55,8.7706e-06
51.6,6.6001e-06
51.65,3.9327e-06
51.7,9.6017e-07
51.75,-2.1028e-06
51.8,-5.0342e-06
51.85,-7.6201e-06
51.9,-9.6714e-06
51.95,-1.1036e-05
52,-1.1613e-05
52.05,-1.1354e-05
52.1,-1.0275e-05
52.15,-8.4489e-06
52.2,-6.003e-06
52.25,-3.1099e-06
52.3,2.5186e-08
52.35,3.1788e-06
52.4,6.1252e-06
52.45,8.6527e-06
52.5,1.0579e-05
52.55,1.1763e-05
52.6,1.2117e-05
52.65,1.1612e-05
52.7,1.0279e-05
52.75,8.2096e-06
52.8,5.5455e-06
52.85,2.4729e-06
52.9,-7.9305e-07
52.95,-4.0229e-06
53,-6.9887e-06
53.05,-9.4805e-06
53.1,-1.1321e-05
53.15,-1.2377e-05
53.2,-1.2573e-05
53.25,-1.1889e-05
53.3,-1.037e-05
53.35,-8.1178e-06
53.4,-5.2867e-06
53.45,-2.0711e-06
53.5,1.3069e-06
53.55,4.6132e-06
53.6,7.6181e-06
53.65,1.0112e-05
53.7,1.192e-05
53.75,1.2914e-05
53.8,1.3022e-05
53.85,1.2233e-05
53.9,1.0597e-05
53.95,8.2234e-06
54,5.2723e-06
54.05,1.9437e-06
54.1,-1.5358e-06
54.15,-4.9288e-06
54.2,-8.0028e-06
54.25,-1.0547e-05
54.3,-1.2385e-05
54.35,-1.339e-05
54.4,-1.349e-05
54.45,-1.2674e-05
54.5,-1.0994e-05
54.55,-8.5615e-06
54.6,-5.5372e-06
54.65,-2.1234e-06
54.7,1.4507e-06
54.75,4.945e-06
54.8,8.1237e-06
54.85,1.0772e-05
54.9,1.271e-05
54.95,1.3805e-05
55,1.3981e-05
55.05,1.3223e-05
55.1,1.1578e-05
55.15,9.1519e-06
55.2,6.1047e-06
55.25,2.6368e-06
55.3,-1.0227e-06
55.35,-4.6315e-06
55.4,-7.95e-06
55.45,-1.0757e-05
55.5,-1.2866e-05
55.55,-1.4135e-05
55.6,-1.4477e-05
55.65,-1.3866e-05
55.7,-1.234e-05
55.75,-9.9963e-06
55.8,-6.9856e-06
55.85,-3.5034e-06
55.9,2.2363e-07
55.95,3.9525e-06
56,7.4395e-06
56.05,1.0456e-05
56.1,1.2805e-05
56.15,1.433e-05
56.2,1.493e-05
56.25,1.4564e-05
56.3,1.3251e-05
56.35,1.1075e-05
56.4,8.1733e-06
56.45,4.7312e-06
56.5,9.6948e-07
56.55,-2.8704e-06
56.6,-6.5413e-06
56.65,-9.8067e-06
56.7,-1.2456e-05
56.75,-1.4317e-05
56.8,-1.5268e-05
56.85,-1.5247e-05
56.9,-1.4251e-05
56.95,-1.2342e-05
57,-9.6378e-06
57.05,-6.3099e-06
57.1,-2.5676e-06
57.15,1.3524e-06
57.2,5.2018e-06
57.25,8.7365e-06
57.3,1.1732e-05
57.35,1.3997e-05
57.4,1.5388e-05
57.45,1.5813e-05
57.5,1.5245e-05
57.55,1.3715e-05
57.6,1.1318e-05
57.65,8.2012e-06
57.7,4.5594e-06
57.75,6.1882e-07
57.8,-3.3749e-06
57.85,-7.1725e-06
57.9,-1.0536e-05
57.95,-1.3256e-05
58,-1.5161e-05
58.05,-1.613e-05
58.1,-1.6101e-05
58.15,-1.5074e-05
58.2,-1.311e-05
58.25,-1.0328e-05
58.3,-6.8984e-06
58.35,-3.0311e-06
58.4,1.0364e-06
58.45,5.0541e-06
58.5,8.7747e-06
58.55,1.1969e-05
58.6,1.444e-05
58.65,1.6035e-05
58.7,1.6654e-05
58.75,1.6256e-05
58.8,1.4865e-05
58.85,1.2563e-05
58.9,9.4886e-06
58.95,5.8265e-06
59,1.7984e-06
59.05,-2.3518e-06
59.1,-6.3729e-06
59.15,-1.0021e-05
59.2,-1.3075e-05
59.25,-1.5348e-05
59.3,-1.6703e-05
59.35,-1.7055e-05
59.4,-1.6382e-05
59.45,-1.4722e-05
59.5,-1.2172e-05
59.55,-8.8843e-06
59.6,-5.0542e-06
59.65,-9.099e-07
59.7,3.3014e-06
59.75,7.3283e-06
59.8,1.093e-05
59.85,1.3892e-05
59.9,1.6036e-05
59.95,1.7233e-05
60,1.7411e-05
60.05,1.6557e-05
60.1,1.472e-05
60.15,1.2006e-05
60.2,8.5755e-06
60.25,4.6288e-06
60.3,3.9793e-07
60.35,-3.8685e-06
60.4,-7.9195e-06
60.45,-1.1517e-05
60.5,-1.4448e-05
60.55,-1.6541e-05
60.6,-1.7671e-05
60.65,-1.7771e-05
60.7,-1.6833e-05
60.75,-1.491e-05
60.8,-1.2113e-05
60.85,-8.6026e-06
60.9,-4.583e-06
60.95,-2.8624e-07
61,4.0386e-06
61.05,8.1409e-06
61.1,1.1783e-05
61.15,1.4753e-05
61.2,1.6879e-05
61.25,1.8037e-05
61.3,1.8158e-05
61.35,1.7234e-05
61.4,1.5317e-05
61.45,1.2516e-05
61.5,8.9888e-06
61.55,4.9379e-06
61.6,5.9403e-07
61.65,-3.7947e-06
61.7,-7.9777e-06
61.75,-1.1716e-05
61.8,-1.4796e-05
61.85,-1.7041e-05
61.9,-1.8323e-05
61.95,-1.8567e-05
62,-1.7759e-05
62.05,-1.5942e-05
62.1,-1.3218e-05
62.15,-9.7407e-06
62.2,-5.7045e-06
62.25,-1.337e-06
62.3,3.1162e-06
62.35,7.4045e-06
62.4,1.1286e-05
62.45,1.4543e-05
62.5,1.6992e-05
62.55,1.8494e-05
62.6,1.8963e-05
62.65,1.8374e-05
62.7,1.6756e-05
62.75,1.42e-05
62.8,1.0847e-05
62.85,6.8816e-06
62.9,2.5251e-06
62.95,-1.9815e-06
63,-6.388e-06
63.05,-1.045e-05
63.1,-1.3942e-05
63.15,-1.6671e-05
63.2,-1.8484e-05
63.25,-1.9281e-05
63.3,-1.9016e-05
63.35,-1.7703e-05
63.4,-1.5414e-05
63.45,-1.2272e-05
63.5,-8.4503e-06
63.55,-4.1568e-06
63.6,3.7333e-07
63.65,4.8924e-06
63.7,9.1534e-06
63.75,1.2923e-05
63.8,1.5996e-05
63.85,1.8203e-05
63.9,1.9424e-05
63.95,1.959e-05
64,1.8694e-05
64.05,1.678e-05
64.1,1.3954e-05
64.15,1.0366e-05
64.2,6.2111e-06
64.25,1.712e-06
64.3,-2.8883e-06
64.35,-7.3417e-06
64.4,-1.1408e-05
64.45,-1.4869e-05
64.5,-1.7537e-05
64.55,-1.9268e-05
64.6,-1.9969e-05
64.65,-1.9602e-05
64.7,-1.8185e-05
64.75,-1.5792e-05
64.8,-1.2552e-05
64.85,-8.6362e-06
64.9,-4.2528e-06
64.95,3.651e-07
65,4.9719e-06
65.05,9.3229e-06
65.1,1.3187e-05
65.15,1.6358e-05
65.2,1.8669e-05
65.25,1.9996e-05
65.3,2.0268e-05
65.35,1.9471e-05
65.4,1.7645e-05
65.45,1.4885e-05
65.5,1.1338e-05
65.55,7.188e-06
65.6,2.6533e-06
65.65,-2.0283e-06
65.7,-6.6115e-06
65.75,-1.0856e-05
65.8,-1.454e-05
65.85,-1.747e-05
65.9,-1.9492e-05
65.95,-2.0502e-05
66,-2.0444e-05
66.05,-1.9322e-05
66.1,-1.7194e-05
66.15,-1.4168e-05
66.2,-1.0403e-05
66.25,-6.0919e-06
66.3,-1.4587e-06
66.35,3.2574e-06
66.4,7.8126e-06
66.45,1.1972e-05
66.5,1.5519e-05
66.55,1.8273e-05
66.6,2.009e-05
66.65,2.0876e-05
66.7,2.0592e-05
66.75,1.9249e-05
66.8,1.6918e-05
66.85,1.3716e-05
66.9,9.8077e-06
66.95,5.3919e-06
67,6.9426e-07
67.05,-4.0458e-06
67.1,-8.5866e-06
67.15,-1.2697e-05
67.2,-1.6167e-05
67.25,-1.8821e-05
67.3,-2.0522e-05
67.35,-2.1186e-05
67.4,-2.0776e-05
67.45,-1.9314e-05
67.5,-1.6873e-05
67.55,-1.3577e-05
67.6,-9.5899e-06
67.65,-5.114e-06
67.7,-3.7428e-07
67.75,4.3908e-06
67.8,8.9417e-06
67.85,1.305e-05
67.9,1.6508e-05
67.95,1.9144e-05
68,2.0824e-05
68.05,2.1464e-05
68.1,2.1033e-05
68.15,1.955e-05
68.2,1.709e-05
68.25,1.3774e-05
68.3,9.7688e-06
68.35,5.272e-06
68.4,5.0733e-07
68.45,-4.2886e-06
68.5,-8.878e-06
68.55,-1.3033e-05
68.6,-1.6548e-05
68.65,-1.9249e-05
68.7,-2.1002e-05
68.75,-2.172e-05
68.8,-2.1367e-05
68.85,-1.9961e-05
68.9,-1.7571e-05
68.95,-1.4313e-05
69,-1.0348e-05
69.05,-5.8702e-06
69.1,-1.0989e-06
69.15,3.7318e-06
69.2,8.3857e-06
69.25,1.2635e-05
69.3,1.6271e-05
69.35,1.9118e-05
69.4,2.1035e-05
69.45,2.193e-05
69.5,2.1757e-05
69.55,2.0527e-05
69.6,1.8297e-05
69.65,1.5176e-05
69.7,1.1316e-05
69.75,6.903e-06
69.8,2.1509e-06
69.85,-2.7105e-06
69.9,-7.4463e-06
69.95,-1.1828e-05
70,-1.5643e-05
70.05,-1.8709e-05
70.1,-2.0877e-05
70.15,-2.2044e-05
70.2,-2.2151e-05
70.25,-2.1196e-05
70.3,-1.9222e-05
70.35,-1.6325e-05
70.4,-1.2643e-05
70.45,-8.3522e-06
70.5,-3.6578e-06
70.55,1.2162e-06
70.6,6.0371e-06
70.65,1.0575e-05
70.7,1.4614e-05
70.75,1.7961e-05
70.8,2.0458e-05
70.85,2.1986e-05
70.9,2.2471e-05
70.95,2.1891e-05
71,2.0274e-05
71.05,1.7695e-05
71.1,1.4277e-05
71.15,1.0181e-05
71.2,5.6009e-06
71.25,7.5189e-07
71.3,-4.1372e-06
71.35,-8.836e-06
71.4,-1.3124e-05
71.45,-1.6798e-05
71.5,-1.9688e-05
71.55,-2.1656e-05
71.6,-2.2611e-05
71.65,-2.2507e-05
71.7,-2.1351e-05
71.75,-1.9195e-05
71.8,-1.614e-05
71.85,-1.2329e-05
71.9,-7.9405e-06
71.95,-3.1777e-06
72,1.7372e-06
72.05,6.5756e-06
72.1,1.1113e-05
72.15,1.5137e-05
72.2,1.8464e-05
72.25,2.0937e-05
72.3,2.2442e-05
72.35,2.2911e-05
72.4,2.232e-05
72.45,2.0698e-05
72.5,1.8119e-05
72.55,1.4703e-05
72.6,1.0606e-05
72.65,6.0183e-06
72.7,1.1496e-06
72.75,-3.7759e-06
72.8,-8.5319e-06
72.85,-1.29e-05
72.9,-1.6681e-05
72.95,-1.97e-05
73,-2.182e-05
73.05,-2.2944e-05
73.1,-2.3021e-05
73.15,-2.2047e-05
73.2,-2.0066e-05
73.25,-1.717e-05
73.3,-1.3489e-05
73.35,-9.1924e-06
73.4,-4.4744e-06
73.45,4.5038e-07
73.5,5.3583e-06
73.55,1.0027e-05
73.6,1.4244e-05
73.65,1.782e-05
73.7,2.0593e-05
73.75,2.2436e-05
73.8,2.3268e-05
73.85,2.305e-05
73.9,2.1793e-05
73.95,1.9554e-05
74,1.6432e-05
74.05,1.257e-05
74.1,8.14e-06
74.15,3.3415e-06
74.2,-1.6101e-06
74.25,-6.4929e-06
74.3,-1.1088e-05
74.35,-1.519e-05
74.4,-1.8615e-05
74.45,-2.1211e-05
74.5,-2.2862e-05
74.55,-2.3494e-05
74.6,-2.3078e-05
74.65,-2.1635e-05
74.7,-1.9228e-05
74.75,-1.5965e-05
74.8,-1.199e-05
74.85,-7.4799e-06
74.9,-2.6355e-06
74.95,2.3287e-06
75,7.1928e-06
75.05,1.1741e-05
75.1,1.5774e-05
75.15,1.9111e-05
75.2,2.1607e-05
75.25,2.3151e-05
75.3,2.3676e-05
75.35,2.3158e-05
75.4,2.162e-05
75.45,1.9131e-05
75.5,1.58e-05
75.55,1.1773e-05
75.6,7.227e-06
75.65,2.3618e-06
75.7,-2.6096e-06
75.75,-7.4694e-06
75.8,-1.2005e-05
75.85,-1.6019e-05
75.9,-1.9335e-05
75.95,-2.181e-05
76,-2.3334e-05
76.05,-2.3843e-05
76.1,-2.3314e-05
76.15,-2.1771e-05
76.2,-1.9281e-05
76.25,-1.5951e-05
76.3,-1.1928e-05
76.35,-7.3852e-06
76.4,-2.5202e-06
76.45,2.4564e-06
76.5,7.3293e-06
76.55,1.1888e-05
76.6,1.5935e-05
76.65,1.9296e-05
76.7,2.1826e-05
76.75,2.3417e-05
76.8,2.4e-05
76.85,2.355e-05
76.9,2.2087e-05
76.95,1.9674e-05
77,1.6415e-05
77.05,1.245e-05
77.1,7.9497e-06
77.15,3.1065e-06
77.2,-1.8719e-06
77.25,-6.7725e-06
77.3,-1.1386e-05
77.35,-1.5515e-05
77.4,-1.8983e-05
77.45,-2.1643e-05
77.5,-2.3382e-05
77.55,-2.4125e-05
77.6,-2.3842e-05
77.65,-2.2545e-05
77.7,-2.0289e-05
77.75,-1.717e-05
77.8,-1.3322e-05
77.85,-8.9067e-06
77.9,-4.1123e-06
77.95,8.5823e-07
78,5.7944e-06
78.05,1.0488e-05
78.1,1.4739e-05
78.15,1.8371e-05
78.2,2.1228e-05
78.25,2.3192e-05
78.3,2.4179e-05
78.35,2.4149e-05
78.4,2.3102e-05
78.45,2.1084e-05
78.5,1.818e-05
78.55,1.4511e-05
78.6,1.0232e-05
78.65,5.5223e-06
78.7,5.7985e-07
78.75,-4.3887e-06
78.8,-9.1754e-06
78.85,-1.358e-05
78.9,-1.7419e-05
78.95,-2.0533e-05
79,-2.2791e-05
79.05,-2.4099e-05
79.1,-2.4404e-05
79.15,-2.3694e-05
79.2,-2.1997e-05
79.25,-1.9386e-05
79.3,-1.5969e-05
79.35,-1.1887e-05
79.4,-7.3113e-06
79.45,-2.4309e-06
79.5,2.5517e-06
79.55,7.4303e-06
79.6,1.2003e-05
79.65,1.6081e-05
79.7,1.9496e-05
79.75,2.2107e-05
79.8,2.3807e-05
79.85,2.4526e-05
79.9,2.4235e-05
79.95,2.2946e-05
80,2.0713e-05
80.05,1.7628e-05
80.1,1.3817e-05
80.15,9.4385e-06
80.2,4.6713e-06
80.25,-2.8882e-07
80.3,-5.2384e-06
80.35,-9.9749e-06
80.4,-1.4305e-05
80.45,-1.805e-05
80.5,-2.106e-05
80.55,-2.321e-05
80.6,-2.4414e-05
80.65,-2.4622e-05
80.7,-2.3827e-05
80.75,-2.2062e-05
80.8,-1.9398e-05
80.85,-1.5945e-05
80.9,-1.1842e-05
80.95,-7.2583e-06
81,-2.3784e-06
81.05,2.5991e-06
81.1,7.4724e-06
81.15,1.2044e-05
81.2,1.6129e-05
81.25,1.9563e-05
81.3,2.2207e-05
81.35,2.3954e-05
81.4,2.4734e-05
81.45,2.4516e-05
81.5,2.331e-05
81.55,2.1164e-05
81.6,1.8166e-05
81.65,1.4436e-05
81.7,1.0124e-05
81.75,5.4047e-06
81.8,4.674e-07
81.85,-4.4897e-06
81.9,-9.2676e-06
81.95,-1.3675e-05
82,-1.7535e-05
82.05,-2.0694e-05
82.1,-2.3026e-05
82.15,-2.4437e-05
82.2,-2.4873e-05
82.25,-2.4315e-05
82.3,-2.2786e-05
82.35,-2.0349e-05
82.4,-1.7099e-05
82.45,-1.3169e-05
82.5,-8.7132e-06
82.55,-3.9102e-06
82.6,1.0491e-06
82.65,5.9674e-06
82.7,1.065e-05
82.75,1.491e-05
82.8,1.858e-05
82.85,2.1514e-05
82.9,2.3596e-05
82.95,2.4745e-05
83,2.4915e-05
83.05,2.41e-05
83.1,2.2332e-05
83.15,1.9683e-05
83.2,1.6257e-05
83.25,1.2189e-05
83.3,7.6399e-06
83.35,2.7895e-06
83.4,-2.1713e-06
83.45,-7.0475e-06
83.5,-1.1647e-05
83.55,-1.579e-05
83.6,-1.9313e-05
83.65,-2.2079e-05
83.7,-2.3979e-05
83.75,-2.4939e-05
83.8,-2.4923e-05
83.85,-2.3931e-05
83.9,-2.2003e-05
83.95,-1.9214e-05
84,-1.5674e-05
84.05,-1.1522e-05
84.1,-6.9194e-06
84.15,-2.0465e-06
84.2,2.9067e-06
84.25,7.7471e-06
84.3,1.2286e-05
84.35,1.6348e-05
84.4,1.9774e-05
84.45,2.2432e-05
84.5,2.4219e-05
84.55,2.5066e-05
84.6,2.4941e-05
84.65,2.3848e-05
84.7,2.1832e-05
84.75,1.8969e-05
84.8,1.5372e-05
84.85,1.1181e-05
84.9,6.5564e-06
84.95,1.6785e-06
85,-3.2646e-06
85.05,-8.0821e-06
85.1,-1.2588e-05
85.15,-1.6609e-05
85.2,-1.9991e-05
85.25,-2.2603e-05
85.3,-2.4346e-05
85.35,-2.5152e-05
85.4,-2.4992e-05
85.45,-2.3871e-05
85.5,-2.1835e-05
85.55,-1.896e-05
85.6,-1.5358e-05
85.65,-1.1168e-05
85.7,-6.549e-06
85.75,-1.6795e-06
85.8,3.2544e-06
85.85,8.0641e-06
85.9,1.2566e-05
85.95,1.6588e-05
86,1.9977e-05
86.05,2.2604e-05
86.1,2.4369e-05
86.15,2.5206e-05
86.2,2.5082e-05
86.25,2.4004e-05
86.3,2.2013e-05
86.35,1.9185e-05
86.4,1.5628e-05
86.45,1.1477e-05
86.5,6.89e-06
86.55,2.0419e-06
86.6,-2.8838e-06
86.65,-7.7003e-06
86.7,-1.2225e-05
86.75,-1.6287e-05
86.8,-1.9734e-05
86.85,-2.2434e-05
86.9,-2.4286e-05
86.95,-2.5221e-05
87,-2.5204e-05
87.05,-2.4236e-05
87.1,-2.2355e-05
87.15,-1.963e-05
87.2,-1.6167e-05
87.25,-1.2095e-05
87.3,-7.5677e-06
87.35,-2.756e-06
87.4,2.1592e-06
87.45,6.9934e-06
87.5,1.1565e-05
87.55,1.5702e-05
87.6,1.9251e-05
87.65,2.2078e-05
87.7,2.4078e-05
87.75,2.5176e-05
87.8,2.5333e-05
87.85,2.4541e-05
87.9,2.2833e-05
87.95,2.0271e-05
88,1.6952e-05
88.05,1.3001e-05
88.1,8.5653e-06
88.15,3.81e-06
88.2,-1.0871e-06
88.25,-5.9435e-06
88.3,-1.0579e-05
88.35,-1.482e-05
88.4,-1.851e-05
88.45,-2.1512e-05
88.5,-2.3715e-05
88.55,-2.5038e-05
88.6,-2.5431e-05
88.65,-2.4881e-05
88.7,-2.3409e-05
88.75,-2.107e-05
88.8,-1.795e-05
88.85,-1.4167e-05
88.9,-9.8595e-06
88.95,-5.1878e-06
89,-3.246e-07
89.05,4.5503e-06
89.1,9.257e-06
89.15,1.3622e-05
89.2,1.7484e-05
89.25,2.0702e-05
89.3,2.3157e-05
89.35,2.4759e-05
89.4,2.545e-05
89.45,2.5205e-05
89.5,2.4033e-05
89.55,2.1978e-05
89.6,1.9116e-05
89.65,1.5553e-05
89.7,1.1419e-05
89.75,6.8666e-06
89.8,2.063e-06
89.85,-2.8158e-06
89.9,-7.5911e-06
89.95,-1.2088e-05
90,-1.6143e-05
90.05,-1.9607e-05
90.1,-2.2355e-05
90.15,-2.4285e-05
90.2,-2.5329e-05
90.25,-2.5449e-05
90.3,-2.4641e-05
90.35,-2.2934e-05
90.4,-2.0392e-05
90.45,-1.7108e-05
90.5,-1.3201e-05
90.55,-8.8144e-06
90.6,-4.1077e-06
90.65,7.4796e-07
90.7,5.576e-06
90.75,1.0201e-05
90.8,1.4455e-05
90.85,1.8185e-05
90.9,2.1255e-05
90.95,2.3555e-05
91,2.5001e-05
91.05,2.5542e-05
91.1,2.5158e-05
91.15,2.3865e-05
91.2,2.1709e-05
91.25,1.8769e-05
91.3,1.5151e-05
91.35,1.0987e-05
91.4,6.4268e-06
91.45,1.6353e-06
91.5,-3.2146e-06
91.55,-7.9481e-06
91.6,-1.2395e-05
91.65,-1.6395e-05
91.7,-1.9805e-05
91.75,-2.2502e-05
91.8,-2.439e-05
91.85,-2.5402e-05
91.9,-2.5501e-05
91.95,-2.4685e-05
92,-2.2983e-05
92.05,-2.0458e-05
92.1,-1.7199e-05
92.15,-1.3325e-05
92.2,-8.9739e-06
92.25,-4.3023e-06
92.3,5.2269e-07
92.35,5.3284e-06
92.4,9.9429e-06
92.45,1.4202e-05
92.5,1.7953e-05
92.55,2.1063e-05
92.6,2.342e-05
92.65,2.4943e-05
92.7,2.5576e-05
92.75,2.5298e-05
92.8,2.4119e-05
92.85,2.2081e-05
92.9,1.9259e-05
92.95,1.5751e-05
93,1.1685e-05
93.05,7.2034e-06
93.1,2.4669e-06
93.15,-2.3564e-06
93.2,-7.0955e-06
93.25,-1.1582e-05
93.3,-1.5658e-05
93.35,-1.9178e-05
93.4,-2.2018e-05
93.45,-2.4078e-05
93.5,-2.5286e-05
93.55,-2.56e-05
93.6,-2.5008e-05
93.65,-2.3533e-05
93.7,-2.1226e-05
93.75,-1.8171e-05
93.8,-1.4474e-05
93.85,-1.0268e-05
93.9,-5.7001e-06
93.95,-9.3214e-07
94,3.8679e-06
94.05,8.531e-06
94.1,1.2893e-05
94.15,1.6801e-05
94.2,2.0117e-05
94.25,2.2726e-05
94.3,2.4535e-05
94.35,2.5483e-05
94.4,2.5535e-05
94.45,2.4692e-05
94.5,2.2983e-05
94.55,2.0468e-05
94.6,1.7236e-05
94.65,1.3401e-05
94.7,9.0978e-06
94.75,4.4765e-06
94.8,-3.0052e-07
94.85,-5.0663e-06
94.9,-9.6541e-06
94.95,-1.3904e-05
95,-1.7667e-05
95.05,-2.0813e-05
95.1,-2.3232e-05
95.15,-2.484e-05
95.2,-2.5582e-05
95.25,-2.5432e-05
95.3,-2.4397e-05
95.35,-2.2511e-05
95.4,-1.9843e-05
95.45,-1.6485e-05
95.5,-1.2554e-05
95.55,-8.1871e-06
95.6,-3.5368e-06
95.65,1.2356e-06
95.7,5.9641e-06
95.75,1.0485e-05
95.8,1.4641e-05
95.85,1.8288e-05
95.9,2.1301e-05
95.95,2.3576e-05
96,2.5033e-05
96.05,2.5624e-05
96.1,2.5327e-05
96.15,2.4155e-05
96.2,2.2148e-05
96.25,1.9375e-05
96.3,1.5934e-05
96.35,1.1943e-05
96.4,7.541e-06
96.45,2.8793e-06
96.5,-1.8807e-06
96.55,-6.5749e-06
96.6,-1.1042e-05
96.65,-1.5127e-05
96.7,-1.8691e-05
96.75,-2.161e-05
96.8,-2.3786e-05
96.85,-2.5143e-05
96.9,-2.5635e-05
96.95,-2.5246e-05
97,-2.399e-05
97.05,-2.191e-05
97.1,-1.9079e-05
97.15,-1.5594e-05
97.2,-1.1575e-05
97.25,-7.1592e-06
97.3,-2.4994e-06
97.35,2.245e-06
97.4,6.9115e-06
97.45,1.134e-05
97.5,1.538e-05
97.55,1.8893e-05
97.6,2.176e-05
97.65,2.3882e-05
97.7,2.5188e-05
97.75,2.5633e-05
97.8,2.5203e-05
97.85,2.3914e-05
97.9,2.1809e-05
97.95,1.896e-05
98,1.5467e-05
98.05,1.1447e-05
98.1,7.0379e-06
98.15,2.3905e-06
98.2,-2.3373e-06
98.25,-6.9845e-06
98.3,-1.1393e-05
98.35,-1.5414e-05
98.4,-1.8909e-05
98.45,-2.1762e-05
98.5,-2.3875e-05
98.55,-2.5178e-05
98.6,-2.5626e-05
98.65,-2.5205e-05
98.7,-2.3929e-05
98.75,-2.1843e-05
98.8,-1.9018e-05
98.85,-1.5549e-05
98.9,-1.1555e-05
98.95,-7.1706e-06
99,-2.5447e-06
99.05,2.1661e-06
99.1,6.8026e-06
99.15,1.1208e-05
99.2,1.5234e-05
99.25,1.8745e-05
99.3,2.1622e-05
99.35,2.377e-05
99.4,2.5115e-05
99.45,2.5613e-05
99.5,2.5248e-05
99.55,2.4033e-05
99.6,2.2009e-05
99.65,1.9244e-05
99.7,1.5833e-05
99.75,1.189e-05
99.8,7.5482e-06
99.85,2.9537e-06
99.9,-1.7389e-06
99.95,-6.372e-06
100,-1.079e-05
100.05,-1.4845e-05
100.1,-1.8401e-05
100.15,-2.1338e-05
100.2,-2.356e-05
100.25,-2.4992e-05
100.3,-2.5586e-05
100.35,-2.5323e-05
100.4,-2.4213e-05
100.45,-2.2292e-05
100.5,-1.9627e-05
100.55,-1.6305e-05
100.6,-1.244e-05
100.65,-8.1597e-06
100.7,-3.608e-06
100.75,1.063e-06
100.8,5.6974e-06
100.85,1.014e-05
100.9,1.4244e-05
100.95,1.7872e-05
101,2.0903e-05
101.05,2.3237e-05
101.1,2.4796e-05
101.15,2.5529e-05
101.2,2.5412e-05
101.25,2.445e-05
101.3,2.2675e-05
101.35,2.0146e-05
101.4,1.6949e-05
101.45,1.3189e-05
101.5,8.9914e-06
101.55,4.4969e-06
101.6,-1.4577e-07
101.65,-4.7824e-06
101.7,-9.2591e-06
101.75,-1.3428e-05
101.8,-1.715e-05
101.85,-2.0303e-05
101.9,-2.2783e-05
101.95,-2.4508e-05
102,-2.5421e-05
102.05,-2.5493e-05
102.1,-2.4721e-05
102.15,-2.3132e-05
102.2,-2.0779e-05
102.25,-1.774e-05
102.3,-1.4116e-05
102.35,-1.0027e-05
102.4,-5.6075e-06
102.45,-1.0044e-06
102.5,3.6306e-06
102.55,8.1446e-06
102.6,1.2389e-05
102.65,1.6224e-05
102.7,1.9523e-05
102.75,2.2179e-05
102.8,2.4103e-05
102.85,2.5234e-05
102.9,2.5535e-05
102.95,2.4995e-05
103,2.3634e-05
103.05,2.1497e-05
103.1,1.8653e-05
103.15,1.5198e-05
103.2,1.1245e-05
103.25,6.9241e-06
103.3,2.3769e-06
103.35,-2.2469e-06
103.4,-6.7958e-06
103.45,-1.1121e-05
103.5,-1.508e-05
103.55,-1.8544e-05
103.6,-2.14e-05
103.65,-2.3555e-05
103.7,-2.4938e-05
103.75,-2.5504e-05
103.8,-2.5237e-05
103.85,-2.4145e-05
103.9,-2.2263e-05
103.95,-1.9655e-05
104,-1.6406e-05
104.05,-1.2622e-05
104.1,-8.4266e-06
104.15,-3.9578e-06
104.2,6.389e-07
104.25,5.2134e-06
104.3,9.6167e-06
104.35,1.3705e-05
104.4,1.7346e-05
104.45,2.0421e-05
104.5,2.2831e-05
104.55,2.4496e-05
104.6,2.5364e-05
104.65,2.5407e-05
104.7,2.4623e-05
104.75,2.304e-05
104.8,2.0708e-05
104.85,1.7704e-05
104.9,1.4126e-05
104.95,1.009e-05
105,5.7283e-06
105.05,1.1819e-06
105.1,-3.4016e-06
105.15,-7.8734e-06
105.2,-1.2089e-05
105.25,-1.5911e-05
105.3,-1.9217e-05
105.35,-2.1899e-05
105.4,-2.3872e-05
105.45,-2.5072e-05
105.5,-2.546e-05
105.55,-2.5024e-05
105.6,-2.378e-05
105.65,-2.1767e-05
105.7,-1.9051e-05
105.75,-1.5721e-05
105.8,-1.1884e-05
105.85,-7.664e-06
105.9,-3.1984e-06
105.95,1.3692e-06
106,5.8912e-06
106.05,1.0222e-05
106.1,1.4222e-05
106.15,1.7762e-05
106.2,2.0729e-05
106.25,2.3028e-05
106.3,2.4584e-05
106.35,2.5349e-05
106.4,2.5298e-05
106.45,2.4433e-05
106.5,2.2782e-05
106.55,2.04e-05
106.6,1.7363e-05
106.65,1.3769e-05
106.7,9.7331e-06
106.75,5.3864e-06
106.8,8.6806e-07
106.85,-3.6768e-06
106.9,-8.1022e-06
106.95,-1.2267e-05
107,-1.6036e-05
107.05,-1.9291e-05
107.1,-2.1926e-05
107.15,-2.3858e-05
107.2,-2.5026e-05
107.25,-2.5392e-05
107.3,-2.4945e-05
107.35,-2.37e-05
107.4,-2.1697e-05
107.45,-1.9002e-05
107.5,-1.5699e-05
107.55,-1.1896e-05
107.6,-7.7136e-06
107.65,-3.2863e-06
107.7,1.2445e-06
107.75,5.7342e-06
107.8,1.004e-05
107.85,1.4023e-05
107.9,1.7558e-05
107.95,2.0533e-05
108,2.2851e-05
108.05,2.4441e-05
108.1,2.5252e-05
108.15,2.5258e-05
108.2,2.446e-05
108.25,2.2883e-05
108.3,2.0579e-05
108.35,1.7621e-05
108.4,1.4103e-05
108.45,1.0138e-05
108.5,5.8522e-06
108.55,1.3815e-06
108.6,-3.1317e-06
108.65,-7.544e-06
108.7,-1.1715e-05
108.75,-1.5514e-05
108.8,-1.8818e-05
108.85,-2.1525e-05
108.9,-2.3548e-05
108.95,-2.4824e-05
109,-2.5313e-05
109.05,-2.4999e-05
109.1,-2.3893e-05
109.15,-2.2031e-05
109.2,-1.9472e-05
109.25,-1.6298e-05
109.3,-1.2609e-05
109.35,-8.5215e-06
109.4,-4.1663e-06
109.45,3.1929e-07
109.5,4.7934e-06
109.55,9.1145e-06
109.6,1.3146e-05
109.65,1.6762e-05
109.7,1.9847e-05
109.75,2.2304e-05
109.8,2.4057e-05
109.85,2.505e-05
109.9,2.5253e-05
109.95,2.4659e-05
110,2.3288e-05
110.05,2.1184e-05
110.1,1.8413e-05
110.15,1.5062e-05
110.2,1.1239e-05
110.25,7.0627e-06
110.3,2.6656e-06
110.35,-1.8139e-06
110.4,-6.2349e-06
110.45,-1.0458e-05
110.5,-1.4352e-05
110.55,-1.7793e-05
110.6,-2.0673e-05
110.65,-2.2904e-05
110.7,-2.4414e-05
110.75,-2.5157e-05
110.8,-2.511e-05
110.85,-2.4276e-05
110.9,-2.2679e-05
110.95,-2.0372e-05
111,-1.7427e-05
111.05,-1.3937e-05
111.1,-1.0011e-05
111.15,-5.7722e-06
111.2,-1.3542e-06
111.25,3.1047e-06
111.3,7.465e-06
111.35,1.159e-05
111.4,1.5351e-05
111.45,1.8631e-05
111.5,2.1327e-05
111.55,2.3355e-05
111.6,2.4653e-05
111.65,2.5179e-05
111.7,2.4919e-05
111.75,2.388e-05
111.8,2.2096e-05
111.85,1.9623e-05
111.9,1.6538e-05
111.95,1.2938e-05
112,8.9352e-06
112.05,4.6554e-06
112.1,2.3182e-07
112.15,-4.1975e-06
112.2,-8.4946e-06
112.25,-1.2526e-05
112.3,-1.6165e-05
112.35,-1.93e-05
112.4,-2.1833e-05
112.45,-2.3685e-05
112.5,-2.48e-05
112.55,-2.5143e-05
112.6,-2.4704e-05
112.65,-2.3497e-05
112.7,-2.156e-05
112.75,-1.8953e-05
112.8,-1.5758e-05
112.85,-1.2075e-05
112.9,-8.0184e-06
112.95,-3.7138e-06
113,7.0454e-07
113.05,5.0996e-06
113.1,9.335e-06
113.15,1.3279e-05
113.2,1.6811e-05
113.25,1.982e-05
113.3,2.2213e-05
113.35,2.3918e-05
113.4,2.4881e-05
113.45,2.5073e-05
113.5,2.4488e-05
113.55,2.3146e-05
113.6,2.1088e-05
113.65,1.8378e-05
113.7,1.51e-05
113.75,1.1357e-05
113.8,7.2631e-06
113.85,2.9465e-06
113.9,-1.4597e-06
113.95,-5.8193e-06
114,-9.9977e-06
114.05,-1.3866e-05
114.1,-1.7305e-05
114.15,-2.0208e-05
114.2,-2.2487e-05
114.25,-2.4071e-05
114.3,-2.4913e-05
114.35,-2.4985e-05
114.4,-2.4288e-05
114.45,-2.2842e-05
114.5,-2.0692e-05
114.55,-1.7906e-05
114.6,-1.4569e-05
114.65,-1.0785e-05
114.7,-6.6696e-06
114.75,-2.3506e-06
114.8,2.0393e-06
114.85,6.365e-06
114.9,1.0494e-05
114.95,1.4298e-05
115,1.7661e-05
115.05,2.0481e-05
115.1,2.267e-05
115.15,2.4162e-05
115.2,2.4911e-05
115.25,2.4895e-05
115.3,2.4115e-05
115.35,2.2595e-05
115.4,2.0382e-05
115.45,1.7544e-05
115.5,1.4169e-05
115.55,1.0361e-05
115.6,6.2363e-06
115.65,1.922e-06
115.7,-2.4497e-06
115.75,-6.7449e-06
115.8,-1.0832e-05
115.85,-1.4586e-05
115.9,-1.7892e-05
115.95,-2.0649e-05
116,-2.2774e-05
116.05,-2.4201e-05
116.1,-2.4887e-05
116.15,-2.4812e-05
116.2,-2.3978e-05
116.25,-2.2411e-05
116.3,-2.016e-05
116.35,-1.7294e-05
116.4,-1.3901e-05
116.45,-1.0084e-05
116.5,-5.9602e-06
116.55,-1.6562e-06
116.6,2.6969e-06
116.65,6.9663e-06
116.7,1.1022e-05
116.75,1.4739e-05
116.8,1.8006e-05
116.85,2.0723e-05
116.9,2.2808e-05
116.95,2.4196e-05
117,2.4847e-05
117.05,2.4741e-05
117.1,2.3881e-05
117.15,2.2295e-05
117.2,2.003e-05
117.25,1.7157e-05
117.3,1.3763e-05
117.35,9.9506e-06
117.4,5.8374e-06
117.45,1.5481e-06
117.5,-2.7868e-06
117.55,-7.0355e-06
117.6,-1.1069e-05
117.65,-1.4765e-05
117.7,-1.8011e-05
117.75,-2.0709e-05
117.8,-2.2777e-05
117.85,-2.4153e-05
117.9,-2.4796e-05
117.95,-2.4686e-05
118,-2.3827e-05
118.05,-2.2246e-05
118.1,-1.9991e-05
118.15,-1.7131e-05
118.2,-1.3752e-05
118.25,-9.9578e-06
118.3,-5.8633e-06
118.35,-1.5926e-06
118.4,2.7248e-06
118.45,6.9583e-06
118.5,1.098e-05
118.55,1.4667e-05
118.6,1.791e-05
118.65,2.0609e-05
118.7,2.2685e-05
118.75,2.4073e-05
118.8,2.4734e-05
118.85,2.4646e-05
118.9,2.3814e-05
118.95,2.2262e-05
119,2.0039e-05
119.05,1.7211e-05
119.1,1.3864e-05
119.15,1.01e-05
119.2,6.0328e-06
119.25,1.7846e-06
119.3,-2.5159e-06
119.35,-6.7391e-06
119.4,-1.0758e-05
119.45,-1.445e-05
119.5,-1.7706e-05
119.55,-2.0427e-05
119.6,-2.2532e-05
119.65,-2.3957e-05
119.7,-2.4659e-05
119.75,-2.4619e-05
119.8,-2.3838e-05
119.85,-2.234e-05
119.9,-2.0169e-05
119.95,-1.7393e-05
120,-1.4094e-05
120.05,-1.0372e-05
120.1,-6.3403e-06
120.15,-2.119e-06
120.2,2.1646e-06
120.25,6.3817e-06
120.3,1.0405e-05
120.35,1.4115e-05
120.4,1.74e-05
120.45,2.0161e-05
120.5,2.2315e-05
120.55,2.3799e-05
120.6,2.4568e-05
120.65,2.46e-05
120.7,2.3894e-05
120.75,2.2471e-05
120.8,2.0375e-05
120.85,1.7669e-05
120.9,1.4434e-05
120.95,1.0767e-05
121,6.7797e-06
121.05,2.5902e-06
121.1,-1.6754e-06
121.15,-5.8893e-06
121.2,-9.9254e-06
121.25,-1.3663e-05
121.3,-1.699e-05
121.35,-1.9808e-05
121.4,-2.2032e-05
121.45,-2.3596e-05
121.5,-2.4454e-05
121.55,-2.4581e-05
121.6,-2.3973e-05
121.65,-2.2648e-05
121.7,-2.0647e-05
121.75,-1.803e-05
121.8,-1.4875e-05
121.85,-1.1277e-05
121.9,-7.344e-06
121.95,-3.1928e-06
122,1.0523e-06
122.05,5.2645e-06
122.1,9.3182e-06
122.15,1.3092e-05
122.2,1.6475e-05
122.25,1.9365e-05
122.3,2.1676e-05
122.35,2.3341e-05
122.4,2.4309e-05
122.45,2.4553e-05
122.5,2.4065e-05
122.55,2.286e-05
122.6,2.0976e-05
122.65,1.8467e-05
122.7,1.5409e-05
122.75,1.1894e-05
122.8,8.0259e-06
122.85,3.9206e-06
122.9,-2.9997e-07
122.95,-4.5101e-06
123,-8.5846e-06
123.05,-1.2402e-05
123.1,-1.585e-05
123.15,-1.8826e-05
123.2,-2.1241e-05
123.25,-2.3024e-05
123.3,-2.4123e-05
123.35,-2.4505e-05
123.4,-2.4159e-05
123.45,-2.3096e-05
123.5,-2.1348e-05
123.55,-1.8967e-05
123.6,-1.6024e-05
123.65,-1.2607e-05
123.7,-8.8168e-06
123.75,-4.7668e-06
123.8,-5.7693e-07
123.85,3.6286e-06
123.9,7.7251e-06
123.95,1.1591e-05
124,1.5113e-05
124.05,1.8185e-05
124.1,2.0718e-05
124.15,2.2636e-05
124.2,2.3884e-05
124.25,2.4424e-05
124.3,2.4241e-05
124.35,2.3341e-05
124.4,2.175e-05
124.45,1.9517e-05
124.5,1.6708e-05
124.55,1.3405e-05
124.6,9.7073e-06
124.65,5.7239e-06
124.7,1.5729e-06
124.75,-2.6232e-06
124.8,-6.7403e-06
124.85,-1.0657e-05
124.9,-1.4257e-05
124.95,-1.7435e-05
125,-2.0098e-05
125.05,-2.2166e-05
125.1,-2.3579e-05
125.15,-2.4296e-05
125.2,-2.4296e-05
125.25,-2.358e-05
125.3,-2.2168e-05
125.35,-2.0103e-05
125.4,-1.7446e-05
125.45,-1.4276e-05
125.5,-1.0686e-05
125.55,-6.783e-06
125.6,-2.6813e-06
125.65,1.4979e-06
125.7,5.6316e-06
125.75,9.5979e-06
125.8,1.328e-05
125.85,1.657e-05
125.9,1.9372e-05
125.95,2.1602e-05
126,2.3196e-05
126.05,2.4107e-05
126.1,2.4309e-05
126.15,2.3796e-05
126.2,2.2584e-05
126.25,2.0708e-05
126.3,1.8224e-05
126.35,1.5206e-05
126.4,1.1742e-05
126.45,7.9339e-06
126.5,3.8945e-06
126.55,-2.5776e-07
126.6,-4.401e-06
126.65,-8.4136e-06
126.7,-1.2178e-05
126.75,-1.5583e-05
126.8,-1.853e-05
126.85,-2.0933e-05
126.9,-2.272e-05
126.95,-2.3841e-05
127,-2.4262e-05
127.05,-2.3972e-05
127.1,-2.298e-05
127.15,-2.1314e-05
127.2,-1.9024e-05
127.25,-1.6178e-05
127.3,-1.2859e-05
127.35,-9.1646e-06
127.4,-5.2031e-06
127.45,-1.0908e-06
127.5,3.0521e-06
127.55,7.1041e-06
127.6,1.0947e-05
127.65,1.4468e-05
127.7,1.7565e-05
127.75,2.0146e-05
127.8,2.2138e-05
127.85,2.3482e-05
127.9,2.4139e-05
127.95,2.409e-05
128,2.3337e-05
128.05,2.1902e-05
128.1,1.9828e-05
128.15,1.7176e-05
128.2,1.4023e-05
128.25,1.0462e-05
128.3,6.596e-06
128.35,2.5393e-06
128.4,-1.59e-06
128.45,-5.6715e-06
128.5,-9.586e-06
128.55,-1.322e-05
128.6,-1.6466e-05
128.65,-1.9231e-05
128.7,-2.1435e-05
128.75,-2.3013e-05
128.8,-2.3919e-05
128.85,-2.4128e-05
128.9,-2.3634e-05
128.95,-2.2452e-05
129,-2.0616e-05
129.05,-1.818e-05
129.1,-1.5215e-05
129.15,-1.1809e-05
129.2,-8.0598e-06
129.25,-4.0776e-06
129.3,2.1873e-08
129.35,4.1192e-06
129.4,8.0953e-06
129.45,1.1834e-05
129.5,1.5228e-05
129.55,1.8178e-05
129.6,2.0598e-05
129.65,2.2418e-05
129.7,2.3586e-05
129.75,2.4068e-05
129.8,2.3851e-05
129.85,2.2941e-05
129.9,2.1365e-05
129.95,1.9168e-05
130,1.6416e-05
130.05,1.3188e-05
130.1,9.579e-06
130.15,5.6928e-06
130.2,1.6428e-06
130.25,-2.4535e-06
130.3,-6.4771e-06
130.35,-1.0311e-05
130.4,-1.3845e-05
130.45,-1.6976e-05
130.5,-1.9614e-05
130.55,-2.1682e-05
130.6,-2.3121e-05
130.65,-2.3889e-05
130.7,-2.3965e-05
130.75,-2.3347e-05
130.8,-2.2052e-05
130.85,-2.0119e-05
130.9,-1.7604e-05
130.95,-1.458e-05
131,-1.1136e-05
131.05,-7.3697e-06
131.1,-3.3919e-06
131.15,6.8273e-07
131.2,4.7361e-06
131.25,8.6511e-06
131.3,1.2314e-05
131.35,1.562e-05
131.4,1.8473e-05
131.45,2.0791e-05
131.5,2.2507e-05
131.55,2.3572e-05
131.6,2.3955e-05
131.65,2.3646e-05
131.7,2.2654e-05
131.75,2.1008e-05
131.8,1.8755e-05
131.85,1.5962e-05
131.9,1.2709e-05
131.95,9.0903e-06
132,5.2103e-06
132.05,1.1814e-06
132.1,-2.8802e-06
132.15,-6.8572e-06
132.2,-1.0635e-05
132.25,-1.4105e-05
132.3,-1.7166e-05
132.35,-1.9732e-05
132.4,-2.1728e-05
132.45,-2.3096e-05
132.5,-2.3799e-05
132.55,-2.3815e-05
132.6,-2.3145e-05
132.65,-2.1809e-05
132.7,-1.9844e-05
132.75,-1.7309e-05
132.8,-1.4276e-05
132.85,-1.0834e-05
132.9,-7.0801e-06
132.95,-3.1241e-06
133,9.2028e-07
133.05,4.9368e-06
133.1,8.8098e-06
133.15,1.2428e-05
133.2,1.5687e-05
133.25,1.8494e-05
133.3,2.0769e-05
133.35,2.2445e-05
133.4,2.3475e-05
133.45,2.383e-05
133.5,2.35e-05
133.55,2.2495e-05
133.6,2.0844e-05
133.65,1.8594e-05
133.7,1.5812e-05
133.75,1.2576e-05
133.8,8.9798e-06
133.85,5.1274e-06
133.9,1.1291e-06
133.95,-2.9002e-06
134,-6.8448e-06
134.05,-1.0592e-05
134.1,-1.4033e-05
134.15,-1.7071e-05
134.2,-1.9618e-05
134.25,-2.1601e-05
134.3,-2.2964e-05
134.35,-2.3668e-05
134.4,-2.3694e-05
134.45,-2.304e-05
134.5,-2.1726e-05
134.55,-1.979e-05
134.6,-1.7287e-05
134.65,-1.429e-05
134.7,-1.0885e-05
134.75,-7.1694e-06
134.8,-3.2496e-06
134.85,7.6185e-07
134.9,4.7501e-06
134.95,8.6009e-06
135,1.2204e-05
135.05,1.5457e-05
135.1,1.8266e-05
135.15,2.0552e-05
135.2,2.2249e-05
135.25,2.3308e-05
135.3,2.3701e-05
135.35,2.3416e-05
135.4,2.2462e-05
135.45,2.0866e-05
135.5,1.8673e-05
135.55,1.5948e-05
135.6,1.2769e-05
135.65,9.225e-06
135.7,5.4191e-06
135.75,1.4598e-06
135.8,-2.5398e-06
135.85,-6.4654e-06
135.9,-1.0205e-05
135.95,-1.3652e-05
136,-1.6708e-05
136.05,-1.9286e-05
136.1,-2.1313e-05
136.15,-2.2731e-05
136.2,-2.3499e-05
136.25,-2.3597e-05
136.3,-2.3022e-05
136.35,-2.1791e-05
136.4,-1.9939e-05
136.45,-1.7518e-05
136.5,-1.4599e-05
136.55,-1.1265e-05
136.6,-7.6116e-06
136.65,-3.7421e-06
136.7,2.3264e-07
136.75,4.1993e-06
136.8,8.045e-06
136.85,1.166e-05
136.9,1.4942e-05
136.95,1.7797e-05
137,2.0145e-05
137.05,2.1918e-05
137.1,2.3066e-05
137.15,2.3558e-05
137.2,2.3379e-05
137.25,2.2535e-05
137.3,2.105e-05
137.35,1.8967e-05
137.4,1.6345e-05
137.45,1.3259e-05
137.5,9.7971e-06
137.55,6.058e-06
137.6,2.148e-06
137.65,-1.8217e-06
137.7,-5.7382e-06
137.75,-9.4902e-06
137.8,-1.2971e-05
137.85,-1.6083e-05
137.9,-1.8736e-05
137.95,-2.0856e-05
138,-2.2383e-05
138.05,-2.3274e-05
138.1,-2.3504e-05
138.15,-2.3067e-05
138.2,-2.1975e-05
138.25,-2.0259e-05
138.3,-1.7969e-05
138.35,-1.5171e-05
138.4,-1.1942e-05
138.45,-8.3764e-06
138.5,-4.5742e-06
138.55,-6.4358e-07
138.6,3.3039e-06
138.65,7.1563e-06
138.7,1.0804e-05
138.75,1.4145e-05
138.8,1.7084e-05
138.85,1.9537e-05
138.9,2.1436e-05
138.95,2.2726e-05
139,2.3373e-05
139.05,2.3357e-05
139.1,2.268e-05
139.15,2.136e-05
139.2,1.9437e-05
139.25,1.6963e-05
139.3,1.4011e-05
139.35,1.0662e-05
139.4,7.0134e-06
139.45,3.1674e-06
139.5,-7.6691e-07
139.55,-4.6781e-06
139.6,-8.4557e-06
139.65,-1.1993e-05
139.7,-1.5189e-05
139.75,-1.7955e-05
139.8,-2.0212e-05
139.85,-2.1897e-05
139.9,-2.2963e-05
139.95,-2.3379e-05
140,-2.3134e-05
140.05,-2.2236e-05
140.1,-2.0709e-05
140.15,-1.8598e-05
140.2,-1.5963e-05
140.25,-1.2877e-05
140.3,-9.429e-06
140.35,-5.7158e-06
140.4,-1.8426e-06
140.45,2.0813e-06
140.5,5.945e-06
140.55,9.6396e-06
140.6,1.3061e-05
140.65,1.6112e-05
140.7,1.8708e-05
140.75,2.0775e-05
140.8,2.2256e-05
140.85,2.3108e-05
140.9,2.3308e-05
140.95,2.2851e-05
141,2.1749e-05
141.05,2.0035e-05
141.1,1.7757e-05
141.15,1.4979e-05
141.2,1.178e-05
141.25,8.2503e-06
141.3,4.4892e-06
141.35,6.0295e-07
141.4,-3.2989e-06
141.45,-7.1065e-06
141.5,-1.0713e-05
141.55,-1.4016e-05
141.6,-1.6923e-05
141.65,-1.9353e-05
141.7,-2.1238e-05
141.75,-2.2523e-05
141.8,-2.3175e-05
141.85,-2.3174e-05
141.9,-2.2521e-05
141.95,-2.1235e-05
142,-1.9352e-05
142.05,-1.6925e-05
142.1,-1.4023e-05
142.15,-1.0728e-05
142.2,-7.1324e-06
142.25,-3.3374e-06
142.3,5.5008e-07
142.35,4.4207e-06
142.4,8.1658e-06
142.45,1.168e-05
142.5,1.4865e-05
142.55,1.7631e-05
142.6,1.9901e-05
142.65,2.1611e-05
142.7,2.2713e-05
142.75,2.3178e-05
142.8,2.2991e-05
142.85,2.2159e-05
142.9,2.0705e-05
142.95,1.867e-05
143,1.6112e-05
143.05,1.3103e-05
143.1,9.7273e-06
143.15,6.0797e-06
143.2,2.2628e-06
143.25,-1.6163e-06
143.3,-5.4486e-06
143.35,-9.1268e-06
143.4,-1.2548e-05
143.45,-1.5616e-05
143.5,-1.8245e-05
143.55,-2.0361e-05
143.6,-2.1907e-05
143.65,-2.2837e-05
143.7,-2.3128e-05
143.75,-2.277e-05
143.8,-2.1774e-05
143.85,-2.0169e-05
143.9,-1.7999e-05
143.95,-1.5326e-05
144,-1.2225e-05
144.05,-8.7824e-06
144.1,-5.0951e-06
144.15,-1.2664e-06
144.2,2.5963e-06
144.25,6.3851e-06
144.3,9.9939e-06
144.35,1.3322e-05
144.4,1.6276e-05
144.45,1.8773e-05
144.5,2.0745e-05
144.55,2.2135e-05
144.6,2.2906e-05
144.65,2.3036e-05
144.7,2.2522e-05
144.75,2.1378e-05
144.8,1.9637e-05
144.85,1.7348e-05
144.9,1.4574e-05
144.95,1.1394e-05
145,7.8973e-06
145.05,4.1807e-06
145.1,3.4859e-07
145.15,-3.4919e-06
145.2,-7.2336e-06
145.25,-1.0772e-05
145.3,-1.4008e-05
145.35,-1.6852e-05
145.4,-1.9224e-05
145.45,-2.1059e-05
145.5,-2.2306e-05
145.55,-2.2929e-05
145.6,-2.2912e-05
145.65,-2.2256e-05
145.7,-2.0978e-05
145.75,-1.9116e-05
145.8,-1.6722e-05
145.85,-1.3861e-05
145.9,-1.0615e-05
145.95,-7.0743e-06
146,-3.3373e-06
146.05,4.9143e-07
146.1,4.3052e-06
146.15,7.9976e-06
146.2,1.1466e-05
146.25,1.4613e-05
146.3,1.7352e-05
146.35,1.9607e-05
146.4,2.1314e-05
146.45,2.2427e-05
146.5,2.2915e-05
146.55,2.2764e-05
146.6,2.198e-05
146.65,2.0583e-05
146.7,1.8614e-05
146.75,1.6127e-05
146.8,1.3192e-05
146.85,9.8906e-06
146.9,6.3152e-06
146.95,2.5652e-06
147,-1.2548e-06
147.05,-5.0387e-06
147.1,-8.681e-06
147.15,-1.208e-05
147.2,-1.5143e-05
147.25,-1.7783e-05
147.3,-1.9927e-05
147.35,-2.1517e-05
147.4,-2.2507e-05
147.45,-2.2872e-05
147.5,-2.26e-05
147.55,-2.1701e-05
147.6,-2.0198e-05
147.65,-1.8134e-05
147.7,-1.5568e-05
147.75,-1.2569e-05
147.8,-9.2224e-06
147.85,-5.6206e-06
147.9,-1.8639e-06
147.95,1.9433e-06
148,5.6952e-06
148.05,9.2877e-06
148.1,1.2621e-05
148.15,1.5603e-05
148.2,1.815e-05
148.25,2.0193e-05
148.3,2.1674e-05
148.35,2.2554e-05
148.4,2.2807e-05
148.45,2.2427e-05
148.5,2.1425e-05
148.55,1.9829e-05
148.6,1.7683e-05
148.65,1.5048e-05
148.7,1.1996e-05
148.75,8.6122e-06
148.8,4.9909e-06
148.85,1.2325e-06
148.9,-2.5588e-06
148.95,-6.2779e-06
149,-9.8217e-06
149.05,-1.3092e-05
149.1,-1.5998e-05
149.15,-1.846e-05
149.2,-2.041e-05
149.25,-2.1793e-05
149.3,-2.2572e-05
149.35,-2.2726e-05
149.4,-2.225e-05
149.45,-2.1158e-05
149.5,-1.948e-05
149.55,-1.7264e-05
149.6,-1.457e-05
149.65,-1.1473e-05
149.7,-8.0606e-06
149.75,-4.4258e-06
149.8,-6.6969e-07
149.85,3.1036e-06
149.9,6.7898e-06
149.95,1.0287e-05
150,1.3498e-05
150.05,1.6335e-05
150.1,1.8718e-05
150.15,2.0584e-05
150.2,2.1879e-05
150.25,2.2569e-05
150.3,2.2634e-05
150.35,2.2074e-05
150.4,2.0903e-05
150.45,1.9155e-05
150.5,1.6878e-05
150.55,1.4136e-05
150.6,1.1003e-05
150.65,7.5679e-06
150.7,3.9246e-06
150.75,1.7405e-07
150.8,-3.58e-06
150.85,-7.2339e-06
150.9,-1.0687e-05
150.95,-1.3843e-05
151,-1.6616e-05
151.05,-1.893e-05
151.1,-2.0719e-05
151.15,-2.1937e-05
151.2,-2.2548e-05
151.25,-2.2536e-05
151.3,-2.1903e-05
151.35,-2.0665e-05
151.4,-1.8857e-05
151.45,-1.653e-05
151.5,-1.3747e-05
151.55,-1.0586e-05
151.6,-7.1341e-06
151.65,-3.4864e-06
151.7,2.5614e-07
151.75,3.9904e-06
151.8,7.6133e-06
151.85,1.1025e-05
151.9,1.4132e-05
151.95,1.6848e-05
152,1.9098e-05
152.05,2.0822e-05
152.1,2.197e-05
152.15,2.2514e-05
152.2,2.2436e-05
152.25,2.174e-05
152.3,2.0446e-05
152.35,1.8588e-05
152.4,1.622e-05
152.45,1.3405e-05
152.5,1.0222e-05
152.55,6.7585e-06
152.6,3.1101e-06
152.65,-6.2266e-07
152.7,-4.337e-06
152.75,-7.9307e-06
152.8,-1.1305e-05
152.85,-1.4367e-05
152.9,-1.7032e-05
152.95,-1.9228e-05
153,-2.0894e-05
153.05,-2.1984e-05
153.1,-2.2469e-05
153.15,-2.2336e-05
153.2,-2.1589e-05
153.25,-2.0248e-05
153.3,-1.835e-05
153.35,-1.5949e-05
153.4,-1.3109e-05
153.45,-9.9106e-06
153.5,-6.4404e-06
153.55,-2.7943e-06
153.6,9.2737e-07
153.65,4.6223e-06
153.7,8.1889e-06
153.75,1.1529e-05
153.8,1.4552e-05
153.85,1.7173e-05
153.9,1.9322e-05
153.95,2.0939e-05
154,2.1981e-05
154.05,2.2418e-05
154.1,2.224e-05
154.15,2.1451e-05
154.2,2.0073e-05
154.25,1.8144e-05
154.3,1.5718e-05
154.35,1.2861e-05
154.4,9.6518e-06
154.45,6.1789e-06
154.5,2.5376e-06
154.55,-1.1721e-06
154.6,-4.8484e-06
154.65,-8.3904e-06
154.7,-1.1701e-05
154.75,-1.469e-05
154.8,-1.7274e-05
154.85,-1.9384e-05
154.9,-2.0961e-05
154.95,-2.1963e-05
155,-2.2363e-05
155.05,-2.2149e-05
155.1,-2.1327e-05
155.15,-1.9922e-05
155.2,-1.797e-05
155.25,-1.5527e-05
155.3,-1.2659e-05
155.35,-9.4447e-06
155.4,-5.9729e-06
155.45,-2.3385e-06
155.5,1.3587e-06
155.55,5.0175e-06
155.6,8.5375e-06
155.65,1.1823e-05
155.7,1.4783e-05
155.75,1.7337e-05
155.8,1.9415e-05
155.85,2.0961e-05
155.9,2.1933e-05
155.95,2.2304e-05
156,2.2064e-05
156.05,2.122e-05
156.1,1.9795e-05
156.15,1.7829e-05
156.2,1.5376e-05
156.25,1.2503e-05
156.3,9.2886e-06
156.35,5.8211e-06
156.4,2.1955e-06
156.45,-1.489e-06
156.5,-5.1315e-06
156.55,-8.6324e-06
156.6,-1.1896e-05
156.65,-1.4833e-05
156.7,-1.7364e-05
156.75,-1.9419e-05
156.8,-2.0942e-05
156.85,-2.1892e-05
156.9,-2.2244e-05
156.95,-2.1987e-05
157,-2.1129e-05
157.05,-1.9694e-05
157.1,-1.7721e-05
157.15,-1.5265e-05
157.2,-1.2393e-05
157.25,-9.1823e-06
157.3,-5.7223e-06
157.35,-2.107e-06
157.4,1.5646e-06
157.45,5.1922e-06
157.5,8.6768e-06
157.55,1.1923e-05
157.6,1.4843e-05
157.65,1.7357e-05
157.7,1.9395e-05
157.75,2.0904e-05
157.8,2.1841e-05
157.85,2.2182e-05
157.9,2.1918e-05
157.95,2.1055e-05
158,1.9618e-05
158.05,1.7646e-05
158.1,1.5193e-05
158.15,1.2327e-05
158.2,9.1246e-06
158.25,5.6749e-06
158.3,2.0715e-06
158.35,-1.5872e-06
158.4,-5.2014e-06
158.45,-8.6726e-06
158.5,-1.1906e-05
158.55,-1.4814e-05
158.6,-1.7317e-05
158.65,-1.9347e-05
158.7,-2.0849e-05
158.75,-2.1782e-05
158.8,-2.2121e-05
158.85,-2.1857e-05
158.9,-2.0997e-05
158.95,-1.9566e-05
159,-1.7602e-05
159.05,-1.5159e-05
159.1,-1.2304e-05
159.15,-9.1143e-06
159.2,-5.6776e-06
159.25,-2.0874e-06
159.3,1.5584e-06
159.35,5.1606e-06
159.4,8.6211e-06
159.45,1.1846e-05
159.5,1.4747e-05
159.55,1.7245e-05
159.6,1.9274e-05
159.65,2.0776e-05
159.7,2.1713e-05
159.75,2.2059e-05
159.8,2.1804e-05
159.85,2.0956e-05
159.9,1.9538e-05
159.95,1.7589e-05
160,1.5162e-05
160.05,1.2323e-05
160.1,9.1498e-06
160.15,5.7288e-06
160.2,2.1532e-06
160.25,-1.4798e-06
160.3,-5.0713e-06
160.35,-8.5238e-06
160.4,-1.1743e-05
160.45,-1.4643e-05
160.5,-1.7143e-05
160.55,-1.9176e-05
160.6,-2.0688e-05
160.65,-2.1636e-05
160.7,-2.1996e-05
160.75,-2.1759e-05
160.8,-2.093e-05
160.85,-1.9533e-05
160.9,-1.7605e-05
160.95,-1.52e-05
161,-1.2382e-05
161.05,-9.2296e-06
161.1,-5.8271e-06
161.15,-2.2674e-06
161.2,1.3526e-06
161.25,4.9348e-06
161.3,8.3818e-06
161.35,1.16e-05
161.4,1.4502e-05
161.45,1.701e-05
161.5,1.9055e-05
161.55,2.0582e-05
161.6,2.155e-05
161.65,2.1933e-05
161.7,2.172e-05
161.75,2.0918e-05
161.8,1.9549e-05
161.85,1.7649e-05
161.9,1.5272e-05
161.95,1.2481e-05
162,9.3521e-06
162.05,5.9707e-06
162.1,2.4285e-06
162.15,-1.1784e-06
162.2,-4.7522e-06
162.25,-8.196e-06
162.3,-1.1416e-05
162.35,-1.4326e-05
162.4,-1.6847e-05
162.45,-1.891e-05
162.5,-2.0459e-05
162.55,-2.1454e-05
162.6,-2.1867e-05
162.65,-2.1687e-05
162.7,-2.0919e-05
162.75,-1.9585e-05
162.8,-1.772e-05
162.85,-1.5376e-05
162.9,-1.2616e-05
162.95,-9.5156e-06
163,-6.1581e-06
163.05,-2.6349e-06
163.1,9.5848e-07
163.15,4.5248e-06
163.2,7.9674e-06
163.25,1.1193e-05
163.3,1.4115e-05
163.35,1.6653e-05
163.4,1.874e-05
163.45,2.0319e-05
163.5,2.1347e-05
163.55,2.1797e-05
163.6,2.1657e-05
163.65,2.0931e-05
163.7,1.9639e-05
163.75,1.7816e-05
163.8,1.5511e-05
163.85,1.2787e-05
163.9,9.7183e-06
163.95,6.3876e-06
164,2.8852e-06
164.05,-6.9409e-07
164.1,-4.2535e-06
164.15,-7.6967e-06
164.2,-1.0931e-05
164.25,-1.3868e-05
164.3,-1.6429e-05
164.35,-1.8546e-05
164.4,-2.016e-05
164.45,-2.1229e-05
164.5,-2.1723e-05
164.55,-2.163e-05
164.6,-2.0953e-05
164.65,-1.9709e-05
164.7,-1.7934e-05
164.75,-1.5674e-05
164.8,-1.2991e-05
164.85,-9.9583e-06
164.9,-6.6575e-06
164.95,-3.1778e-06
165,3.8653e-07
165.05,3.9393e-06
165.1,7.3845e-06
165.15,1.0629e-05
165.2,1.3586e-05
165.25,1.6175e-05
165.3,1.8326e-05
165.35,1.9981e-05
165.4,2.1097e-05
165.45,2.1643e-05
165.5,2.1604e-05
165.55,2.0982e-05
165.6,1.9794e-05
165.65,1.8072e-05
165.7,1.5863e-05
165.75,1.3226e-05
165.8,1.0234e-05
165.85,6.9659e-06
165.9,3.5112e-06
165.95,-3.709e-08
166,-3.5832e-06
166.05,-7.0316e-06
166.1,-1.0289e-05
166.15,-1.3268e-05
166.2,-1.5888e-05
166.25,-1.8079e-05
166.3,-1.9782e-05
166.35,-2.095e-05
166.4,-2.1554e-05
166.45,-2.1576e-05
166.5,-2.1016e-05
166.55,-1.989e-05
166.6,-1.8228e-05
166.65,-1.6075e-05
166.7,-1.349e-05
166.75,-1.0542e-05
166.8,-7.3109e-06
166.85,-3.8837e-06
166.9,-3.5293e-07
166.95,3.1862e-06
167,6.6384e-06
167.05,9.9106e-06
167.1,1.2915e-05
167.15,1.557e-05
167.2,1.7805e-05
167.25,1.956e-05
167.3,2.0787e-05
167.35,2.1455e-05
167.4,2.1544e-05
167.45,2.1053e-05
167.5,1.9995e-05
167.55,1.84e-05
167.6,1.6309e-05
167.65,1.3781e-05
167.7,1.0882e-05
167.75,7.6906e-06
167.8,4.2936e-06
167.85,7.8219e-07
167.9,-2.7492e-06
167.95,-6.2054e-06
168,-9.4936e-06
168.05,-1.2525e-05
168.1,-1.5219e-05
168.15,-1.7503e-05
168.2,-1.9314e-05
168.25,-2.0606e-05
168.3,-2.1343e-05
168.35,-2.1506e-05
168.4,-2.109e-05
168.45,-2.0108e-05
168.5,-1.8584e-05
168.55,-1.6562e-05
168.6,-1.4095e-05
168.65,-1.125e-05
168.7,-8.1029e-06
168.75,-4.7393e-06
168.8,-1.2493e-06
168.85,2.2731e-06
168.9,5.7334e-06
168.95,9.0384e-06
169,1.2099e-05
169.05,1.4834e-05
169.1,1.717e-05
169.15,1.9043e-05
169.2,2.0404e-05
169.25,2.1217e-05
169.3,2.1459e-05
169.35,2.1125e-05
169.4,2.0223e-05
169.45,1.8779e-05
169.5,1.683e-05
169.55,1.4431e-05
169.6,1.1644e-05
169.65,8.5456e-06
169.7,5.2187e-06
169.75,1.7528e-06
169.8,-1.7591e-06
169.85,-5.2227e-06
169.9,-8.545e-06
169.95,-1.1637e-05
170,-1.4415e-05
170.05,-1.6806e-05
170.1,-1.8745e-05
170.15,-2.018e-05
170.2,-2.1074e-05
170.25,-2.1401e-05
170.3,-2.1154e-05
170.35,-2.034e-05
170.4,-1.898e-05
170.45,-1.7112e-05
170.5,-1.4785e-05
170.55,-1.2062e-05
170.6,-9.0165e-06
170.65,-5.7301e-06
170.7,-2.2911e-06
170.75,1.2083e-06
170.8,4.6741e-06
170.85,8.0136e-06
170.9,1.1137e-05
170.95,1.3961e-05
171,1.641e-05
171.05,1.8418e-05
171.1,1.9932e-05
171.15,2.0911e-05
171.2,2.1329e-05
171.25,2.1175e-05
171.3,2.0454e-05
171.35,1.9186e-05
171.4,1.7403e-05
171.45,1.5155e-05
171.5,1.2501e-05
171.55,9.513e-06
171.6,6.2713e-06
171.65,2.8626e-06
171.7,-6.2177e-07
171.75,-4.0884e-06
171.8,-7.4444e-06
171.85,-1.06e-05
171.9,-1.3471e-05
171.95,-1.598e-05
172,-1.806e-05
172.05,-1.9656e-05
172.1,-2.0726e-05
172.15,-2.124e-05
172.2,-2.1185e-05
172.25,-2.0563e-05
172.3,-1.9391e-05
172.35,-1.7701e-05
172.4,-1.5537e-05
172.45,-1.2958e-05
172.5,-1.0033e-05
172.55,-6.8401e-06
172.6,-3.4654e-06
172.65,9.6625e-10
172.7,3.4662e-06
172.75,6.8376e-06
172.8,1.0025e-05
172.85,1.2943e-05
172.9,1.5514e-05
172.95,1.767e-05
173,1.9352e-05
173.05,2.0516e-05
173.1,2.1131e-05
173.15,2.118e-05
173.2,2.0664e-05
173.25,1.9595e-05
173.3,1.8002e-05
173.35,1.5928e-05
173.4,1.343e-05
173.45,1.0573e-05
173.5,7.434e-06
173.55,4.0976e-06
173.6,6.5266e-07
173.65,-2.8086e-06
173.7,-6.1938e-06
173.75,-9.4124e-06
173.8,-1.2378e-05
173.85,-1.5013e-05
173.9,-1.7245e-05
173.95,-1.9016e-05
174,-2.0279e-05
174.05,-2.0999e-05
174.1,-2.1158e-05
174.15,-2.0752e-05
174.2,-1.9791e-05
174.25,-1.8303e-05
174.3,-1.6326e-05
174.35,-1.3913e-05
174.4,-1.113e-05
174.45,-8.0506e-06
174.5,-4.757e-06
174.55,-1.3375e-06
174.6,2.1168e-06
174.65,5.5134e-06
174.7,8.7618e-06
174.75,1.1775e-05
174.8,1.4474e-05
174.85,1.6785e-05
174.9,1.8647e-05
174.95,2.0011e-05
175,2.0841e-05
175.05,2.1114e-05
175.1,2.0824e-05
175.15,1.9978e-05
175.2,1.86e-05
175.25,1.6726e-05
175.3,1.4406e-05
175.35,1.1702e-05
175.4,8.6872e-06
175.45,5.4415e-06
175.5,2.0517e-06
175.55,-1.3918e-06
175.6,-4.7972e-06
175.65,-8.0735e-06
175.7,-1.1134e-05
175.75,-1.3896e-05
175.8,-1.6287e-05
175.85,-1.8243e-05
175.9,-1.9711e-05
175.95,-2.0654e-05
176,-2.1047e-05
176.05,-2.0877e-05
176.1,-2.0152e-05
176.15,-1.889e-05
176.2,-1.7124e-05
176.25,-1.4903e-05
176.3,-1.2285e-05
176.35,-9.3407e-06
176.4,-6.1484e-06
176.45,-2.7932e-06
176.5,6.3537e-07
176.55,4.046e-06
176.6,7.3477e-06
176.65,1.0453e-05
176.7,1.3278e-05
176.75,1.5749e-05
176.8,1.78e-05
176.85,1.9376e-05
176.9,2.0436e-05
176.95,2.0951e-05
177,2.0908e-05
177.05,2.0308e-05
177.1,1.9168e-05
177.15,1.7518e-05
177.2,1.5401e-05
177.25,1.2876e-05
177.3,1.0008e-05
177.35,6.8751e-06
177.4,3.5599e-06
177.45,1.5097e-07
177.5,-3.2609e-06
177.55,-6.585e-06
177.6,-9.7328e-06
177.65,-1.2621e-05
177.7,-1.5172e-05
177.75,-1.7319e-05
177.8,-1.9004e-05
177.85,-2.0183e-05
177.9,-2.0825e-05
177.95,-2.0912e-05
178,-2.0443e-05
178.05,-1.9431e-05
178.1,-1.7902e-05
178.15,-1.5897e-05
178.2,-1.3471e-05
178.25,-1.0686e-05
178.3,-7.6186e-06
178.35,-4.3493e-06
178.4,-9.6526e-07
178.45,2.4434e-06
178.5,5.786e-06
178.55,8.9738e-06
178.6,1.1922e-05
178.65,1.4553e-05
178.7,1.6795e-05
178.75,1.8591e-05
178.8,1.9892e-05
178.85,2.0664e-05
178.9,2.0886e-05
178.95,2.0554e-05
179,1.9675e-05
179.05,1.8274e-05
179.1,1.6387e-05
179.15,1.4066e-05
179.2,1.1372e-05
179.25,8.3759e-06
179.3,5.1587e-06
179.35,1.8054e-06
179.4,-1.5949e-06
179.45,-4.9518e-06
179.5,-8.1761e-06
179.55,-1.1182e-05
179.6,-1.3891e-05
179.65,-1.6229e-05
179.7,-1.8136e-05
179.75,-1.9561e-05
179.8,-2.0466e-05
179.85,-2.0827e-05
179.9,-2.0635e-05
179.95,-1.9896e-05
180,-1.8628e-05
180.05,-1.6866e-05
180.1,-1.4657e-05
180.15,-1.206e-05
180.2,-9.1435e-06
180.25,-5.9851e-06
180.3,-2.6688e-06
180.35,7.1732e-07
180.4,4.0834e-06
180.45,7.3401e-06
180.5,1.0401e-05
180.55,1.3185e-05
180.6,1.5619e-05
180.65,1.7637e-05
180.7,1.9187e-05
180.75,2.0227e-05
180.8,2.0731e-05
180.85,2.0684e-05
180.9,2.0089e-05
180.95,1.8961e-05
181,1.7331e-05
181.05,1.5241e-05
181.1,1.2748e-05
181.15,9.9179e-06
181.2,6.8255e-06
181.25,3.553e-06
181.3,1.8722e-07
181.35,-3.1825e-06
181.4,-6.4668e-06
181.45,-9.5787e-06
181.5,-1.2436e-05
181.55,-1.4962e-05
181.6,-1.7091e-05
181.65,-1.8767e-05
181.7,-1.9945e-05
181.75,-2.0593e-05
181.8,-2.0696e-05
181.85,-2.0251e-05
181.9,-1.9268e-05
181.95,-1.7776e-05
182,-1.5813e-05
182.05,-1.3432e-05
182.1,-1.0695e-05
182.15,-7.6763e-06
182.2,-4.4548e-06
182.25,-1.1163e-06
182.3,2.2508e-06
182.35,5.5572e-06
182.4,8.7155e-06
182.45,1.1642e-05
182.5,1.4259e-05
182.55,1.6498e-05
182.6,1.83e-05
182.65,1.9616e-05
182.7,2.0412e-05
182.75,2.0668e-05
182.8,2.0377e-05
182.85,1.9546e-05
182.9,1.8198e-05
182.95,1.6368e-05
183,1.4106e-05
183.05,1.1471e-05
183.1,8.5338e-06
183.15,5.3711e-06
183.2,2.0672e-06
183.25,-1.2904e-06
183.3,-4.6129e-06
183.35,-7.8123e-06
183.4,-1.0804e-05
183.45,-1.3509e-05
183.5,-1.5856e-05
183.55,-1.7782e-05
183.6,-1.9238e-05
183.65,-2.0184e-05
183.7,-2.0596e-05
183.75,-2.0463e-05
183.8,-1.9789e-05
183.85,-1.8592e-05
183.9,-1.6903e-05
183.95,-1.4767e-05
184,-1.2242e-05
184.05,-9.394e-06
184.1,-6.2983e-06
184.15,-3.0368e-06
184.2,3.0392e-07
184.25,3.6357e-06
184.3,6.8703e-06
184.35,9.9223e-06
184.4,1.2711e-05
184.45,1.5163e-05
184.5,1.7214e-05
184.55,1.8808e-05
184.6,1.9906e-05
184.65,2.0476e-05
184.7,2.0506e-05
184.75,1.9993e-05
184.8,1.8953e-05
184.85,1.7411e-05
184.9,1.5411e-05
184.95,1.3003e-05
185,1.0253e-05
185.05,7.2325e-06
185.1,4.0219e-06
185.15,7.0598e-07
185.2,-2.6276e-06
185.25,-5.8908e-06
185.3,-8.9974e-06
185.35,-1.1865e-05
185.4,-1.4419e-05
185.45,-1.6592e-05
185.5,-1.8325e-05
185.55,-1.9574e-05
185.6,-2.0306e-05
185.65,-2.0501e-05
185.7,-2.0155e-05
185.75,-1.9277e-05
185.8,-1.789e-05
185.85,-1.6031e-05
185.9,-1.375e-05
185.95,-1.1106e-05
186,-8.1696e-06
186.05,-5.0186e-06
186.1,-1.7361e-06
186.15,1.5913e-06
186.2,4.8757e-06
186.25,8.0304e-06
186.3,1.0972e-05
186.35,1.3624e-05
186.4,1.5915e-05
186.45,1.7786e-05
186.5,1.9186e-05
186.55,2.008e-05
186.6,2.0444e-05
186.65,2.0269e-05
186.7,1.9559e-05
186.75,1.8333e-05
186.8,1.6624e-05
186.85,1.4476e-05
186.9,1.1948e-05
186.95,9.1052e-06
187,6.0231e-06
187.05,2.783e-06
187.1,-5.2958e-07
187.15,-3.8272e-06
187.2,-7.0229e-06
187.25,-1.0033e-05
187.3,-1.2777e-05
187.35,-1.5183e-05
187.4,-1.7189e-05
187.45,-1.874e-05
187.5,-1.9798e-05
187.55,-2.0333e-05
187.6,-2.0332e-05
187.65,-1.9794e-05
187.7,-1.8736e-05
187.75,-1.7184e-05
187.8,-1.5179e-05
187.85,-1.2775e-05
187.9,-1.0035e-05
187.95,-7.0309e-06
188,-3.8427e-06
188.05,-5.5419e-07
188.1,2.748e-06
188.15,5.9767e-06
188.2,9.0471e-06
188.25,1.1878e-05
188.3,1.4396e-05
188.35,1.6533e-05
188.4,1.8234e-05
188.45,1.9455e-05
188.5,2.0162e-05
188.55,2.0339e-05
188.6,1.9979e-05
188.65,1.9094e-05
188.7,1.7706e-05
188.75,1.5852e-05
188.8,1.3581e-05
188.85,1.0953e-05
188.9,8.0374e-06
188.95,4.9111e-06
189,1.6564e-06
189.05,-1.641e-06
189.1,-4.8942e-06
189.15,-8.0177e-06
189.2,-1.0929e-05
189.25,-1.3552e-05
189.3,-1.5817e-05
189.35,-1.7666e-05
189.4,-1.9049e-05
189.45,-1.993e-05
189.5,-2.0286e-05
189.55,-2.0109e-05
189.6,-1.9402e-05
189.65,-1.8185e-05
189.7,-1.649e-05
189.75,-1.4361e-05
189.8,-1.1855e-05
189.85,-9.0377e-06
189.9,-5.9835e-06
189.95,-2.7729e-06
190,5.0985e-07
190.05,3.7782e-06
190.1,6.9462e-06
190.15,9.9306e-06
190.2,1.2653e-05
190.25,1.5042e-05
190.3,1.7034e-05
190.35,1.8578e-05
190.4,1.9633e-05
190.45,2.0171e-05
190.5,2.0179e-05
190.55,1.9656e-05
190.6,1.8616e-05
190.65,1.7087e-05
190.7,1.5109e-05
190.75,1.2735e-05
190.8,1.0027e-05
190.85,7.0552e-06
190.9,3.8992e-06
190.95,6.4169e-07
191,-2.6318e-06
191.05,-5.8352e-06
191.1,-8.8843e-06
191.15,-1.1699e-05
191.2,-1.4205e-05
191.25,-1.6338e-05
191.3,-1.804e-05
191.35,-1.9268e-05
191.4,-1.9989e-05
191.45,-2.0185e-05
191.5,-1.985e-05
191.55,-1.8994e-05
191.6,-1.7639e-05
191.65,-1.5821e-05
191.7,-1.3588e-05
191.75,-1.0998e-05
191.8,-8.1208e-06
191.85,-5.0307e-06
191.9,-1.8093e-06
191.95,1.4587e-06
192,4.6875e-06
192.05,7.7922e-06
192.1,1.0691e-05
192.15,1.3309e-05
192.2,1.5576e-05
192.25,1.7434e-05
192.3,1.8833e-05
192.35,1.9738e-05
192.4,2.0124e-05
192.45,1.9981e-05
192.5,1.9314e-05
192.55,1.814e-05
192.6,1.649e-05
192.65,1.4408e-05
192.7,1.1948e-05
192.75,9.1749e-06
192.8,6.162e-06
192.85,2.9882e-06
192.9,-2.6314e-07
192.95,-3.5066e-06
193,-6.6572e-06
193.05,-9.6321e-06
193.1,-1.2353e-05
193.15,-1.475e-05
193.2,-1.6759e-05
193.25,-1.8327e-05
193.3,-1.9414e-05
193.35,-1.9991e-05
193.4,-2.0044e-05
193.45,-1.9571e-05
193.5,-1.8584e-05
193.55,-1.7111e-05
193.6,-1.5189e-05
193.65,-1.2869e-05
193.7,-1.0212e-05
193.75,-7.2876e-06
193.8,-4.1733e-06
193.85,-9.5042e-07
193.9,2.2965e-06
193.95,5.4822e-06
194,8.5233e-06
194.05,1.134e-05
194.1,1.3859e-05
194.15,1.6013e-05
194.2,1.7747e-05
194.25,1.9015e-05
194.3,1.9785e-05
194.35,2.0035e-05
194.4,1.976e-05
194.45,1.8967e-05
194.5,1.7677e-05
194.55,1.5924e-05
194.6,1.3755e-05
194.65,1.1225e-05
194.7,8.4018e-06
194.75,5.3591e-06
194.8,2.1769e-06
194.85,-1.0614e-06
194.9,-4.2711e-06
194.95,-7.3679e-06
195,-1.0271e-05
195.05,-1.2904e-05
195.1,-1.5198e-05
195.15,-1.7093e-05
195.2,-1.854e-05
195.25,-1.9501e-05
195.3,-1.995e-05
195.35,-1.9877e-05
195.4,-1.9283e-05
195.45,-1.8184e-05
195.5,-1.6609e-05
195.55,-1.46e-05
195.6,-1.2209e-05
195.65,-9.4982e-06
195.7,-6.5398e-06
195.75,-3.411e-06
195.8,-1.9364e-07
195.85,3.0278e-06
195.9,6.1691e-06
195.95,9.148e-06
196,1.1887e-05
196.05,1.4313e-05
196.1,1.6364e-05
196.15,1.7986e-05
196.2,1.9137e-05
196.25,1.9786e-05
196.3,1.9917e-05
196.35,1.9527e-05
196.4,1.8626e-05
196.45,1.7237e-05
196.5,1.5398e-05
196.55,1.3156e-05
196.6,1.0571e-05
196.65,7.7091e-06
196.7,4.6466e-06
196.75,1.4634e-06
196.8,-1.7573e-06
196.85,-4.931e-06
196.9,-7.9749e-06
196.95,-1.0809e-05
197,-1.336e-05
197.05,-1.556e-05
197.1,-1.7353e-05
197.15,-1.8691e-05
197.2,-1.954e-05
197.25,-1.9878e-05
197.3,-1.9695e-05
197.35,-1.8997e-05
197.4,-1.7803e-05
197.45,-1.6143e-05
197.5,-1.4061e-05
197.55,-1.1612e-05
197.6,-8.8605e-06
197.65,-5.8777e-06
197.7,-2.742e-06
197.75,4.6456e-07
197.8,3.6581e-06
197.85,6.755e-06
197.9,9.6745e-06
197.95,1.234e-05
198,1.4682e-05
198.05,1.664e-05
198.1,1.8162e-05
198.15,1.9209e-05
198.2,1.9754e-05
198.25,1.9782e-05
198.3,1.9292e-05
198.35,1.8299e-05
198.4,1.6828e-05
198.45,1.4917e-05
198.5,1.2616e-05
198.55,9.9872e-06
198.6,7.0975e-06
198.65,4.0232e-06
198.7,8.4459e-07
198.75,-2.3552e-06
198.8,-5.4926e-06
198.85,-8.4856e-06
198.9,-1.1256e-05
198.95,-1.3732e-05
199,-1.5848e-05
199.05,-1.7549e-05
199.1,-1.8792e-05
199.15,-1.9543e-05
199.2,-1.9783e-05
199.25,-1.9507e-05
199.3,-1.8721e-05
199.35,-1.7446e-05
199.4,-1.5716e-05
199.45,-1.3576e-05
199.5,-1.1082e-05
199.55,-8.2993e-06
199.6,-5.3004e-06
199.65,-2.164e-06
199.7,1.0281e-06
199.75,4.1925e-06
199.8,7.2465e-06
199.85,1.011e-05
199.9,1.271e-05
199.95,1.4976e-05
200,1.6851e-05
200.05,1.8286e-05
200.1,1.9242e-05
200.15,1.9696e-05
200.2,1.9636e-05
200.25,1.9063e-05
200.3,1.7993e-05
200.35,1.6453e-05
200.4,1.4484e-05
200.45,1.2138e-05
200.5,9.4756e-06
200.55,6.5666e-06
200.6,3.487e-06
200.65,3.1716e-07
200.7,-2.86e-06
200.75,-5.9617e-06
200.8,-8.907e-06
200.85,-1.1619e-05
200.9,-1.4027e-05
200.95,-1.6069e-05
201,-1.769e-05
201.05,-1.885e-05
201.1,-1.9517e-05
201.15,-1.9676e-05
201.2,-1.932e-05
201.25,-1.8461e-05
201.3,-1.7121e-05
201.35,-1.5334e-05
201.4,-1.3148e-05
201.45,-1.0619e-05
201.5,-7.8144e-06
201.55,-4.8065e-06
201.6,-1.674e-06
201.65,1.5013e-06
201.7,4.6365e-06
201.75,7.65e-06
201.8,1.0463e-05
201.85,1.3003e-05
201.9,1.5202e-05
201.95,1.7005e-05
202,1.8364e-05
202.05,1.9244e-05
202.1,1.9622e-05
202.15,1.9488e-05
202.2,1.8846e-05
202.25,1.7713e-05
202.3,1.6118e-05
202.35,1.4104e-05
202.4,1.1722e-05
202.45,9.0361e-06
202.5,6.115e-06
202.55,3.0354e-06
202.6,-1.2262e-07
202.65,-3.2765e-06
202.7,-6.3442e-06
202.75,-9.2457e-06
202.8,-1.1905e-05
202.85,-1.4254e-05
202.9,-1.6231e-05
202.95,-1.7784e-05
203,-1.8874e-05
203.05,-1.9471e-05
203.1,-1.9561e-05
203.15,-1.9141e-05
203.2,-1.8223e-05
203.25,-1.683e-05
203.3,-1.4999e-05
203.35,-1.2777e-05
203.4,-1.0224e-05
203.45,-7.4049e-06
203.5,-4.3937e-06
203.55,-1.2688e-06
203.6,1.8882e-06
203.65,4.9953e-06
203.7,7.9714e-06
203.75,1.0739e-05
203.8,1.3226e-05
203.85,1.5368e-05
203.9,1.711e-05
203.95,1.8405e-05
204,1.9221e-05
204.05,1.9536e-05
204.1,1.9342e-05
204.15,1.8645e-05
204.2,1.7462e-05
204.25,1.5825e-05
204.3,1.3777e-05
204.35,1.137e-05
204.4,8.668e-06
204.45,5.7411e-06
204.5,2.6656e-06
204.55,-4.7855e-07
204.6,-3.6094e-06
204.65,-6.6454e-06
204.7,-9.5076e-06
204.75,-1.2122e-05
