0,-1.0296e-05
0.05,-6.8672e-05
0.1,-0.00010479
0.15,-0.00010696
0.2,-7.4514e-05
0.25,-1.7967e-05
0.3,4.4371e-05
0.35,9.2337e-05
0.4,0.00011043
0.45,9.2828e-05
0.5,4.5237e-05
0.55,-1.6949e-05
0.6,-7.3638e-05
0.65,-0.00010653
0.7,-0.00010503
0.75,-6.9646e-05
0.8,-1.181e-05
0.85,4.9812e-05
0.9,9.5352e-05
0.95,0.00011015
1,8.9451e-05
1.05,3.9954e-05
1.1,-2.2385e-05
1.15,-7.7495e-05
1.2,-0.00010765
1.25,-0.00010316
1.3,-6.5499e-05
1.35,-6.799e-06
1.4,5.4061e-05
1.45,9.7526e-05
1.5,0.00010965
1.55,8.656e-05
1.6,3.5697e-05
1.65,-2.6598e-05
1.7,-8.0334e-05
1.75,-0.00010828
1.8,-0.00010151
1.85,-6.2201e-05
1.9,-2.9847e-06
1.95,5.7161e-05
2,9.8977e-05
2.05,0.00010909
2.1,8.4296e-05
2.15,3.2545e-05
2.2,-2.9588e-05
2.25,-8.2234e-05
2.3,-0.00010857
2.35,-0.00010021
2.4,-5.9854e-05
2.45,-4.0197e-07
2.5,5.9149e-05
2.55,9.9799e-05
2.6,0.0001086
2.65,8.2762e-05
2.7,3.0559e-05
2.75,-3.1355e-05
2.8,-8.325e-05
2.85,-0.00010861
2.9,-9.9378e-05
2.95,-5.8527e-05
3,9.2221e-07
3.05,6.0048e-05
3.1,0.00010005
3.15,0.00010824
3.2,8.2029e-05
3.25,2.9782e-05
3.3,-3.1893e-05
3.35,-8.3413e-05
3.4,-0.00010844
3.45,-9.9055e-05
3.5,-5.8269e-05
3.55,9.6415e-07
3.6,5.986e-05
3.65,9.9761e-05
3.7,0.00010805
3.75,8.2135e-05
3.8,3.0242e-05
3.85,-3.1187e-05
3.9,-8.272e-05
3.95,-0.00010807
4,-9.9264e-05
4.05,-5.9101e-05
4.1,-2.9876e-07
4.15,5.8563e-05
4.2,9.8911e-05
4.25,0.00010803
4.3,8.3082e-05
4.35,3.1956e-05
4.4,-2.9209e-05
4.45,-8.1136e-05
4.5,-0.00010748
4.55,-9.9978e-05
4.6,-6.1018e-05
4.65,-2.8881e-06
4.7,5.6114e-05
4.75,9.744e-05
4.8,0.00010812
4.85,8.4835e-05
4.9,3.4924e-05
4.95,-2.5917e-05
5,-7.8588e-05
5.05,-0.00010657
5.1,-0.00010113
5.15,-6.3986e-05
5.2,-6.8212e-06
5.25,5.2442e-05
5.3,9.5247e-05
5.35,0.00010821
5.4,8.7316e-05
5.45,3.9124e-05
5.5,-2.1266e-05
5.55,-7.4969e-05
5.6,-0.00010522
5.65,-0.00010258
5.7,-6.7932e-05
5.75,-1.2105e-05
5.8,4.7459e-05
5.85,9.2183e-05
5.9,0.00010814
5.95,9.0396e-05
6,4.4507e-05
6.05,-1.5206e-05
6.1,-7.0143e-05
6.15,-0.00010322
6.2,-0.00010417
6.25,-7.2739e-05
6.3,-1.8727e-05
6.35,4.1063e-05
6.4,8.8058e-05
6.45,0.00010769
6.5,9.3888e-05
6.55,5.0981e-05
6.6,-7.6994e-06
6.65,-6.3949e-05
6.7,-0.00010035
6.75,-0.00010564
6.8,-7.8232e-05
6.85,-2.6637e-05
6.9,3.3156e-05
6.95,8.2651e-05
7,0.00010656
7.05,9.7537e-05
7.1,5.8398e-05
7.15,1.2632e-06
7.2,-5.6216e-05
7.25,-9.6309e-05
7.3,-0.00010668
7.35,-8.4161e-05
7.4,-3.5736e-05
7.45,2.3654e-05
7.5,7.5714e-05
7.55,0.00010443
7.6,0.00010101
7.65,6.6536e-05
7.7,1.1644e-05
7.75,-4.678e-05
7.8,-9.0789e-05
7.85,-0.0001069
7.9,-9.0193e-05
7.95,-4.5844e-05
8,1.2519e-05
8.05,6.6996e-05
8.1,0.0001009
8.15,0.00010389
8.2,7.508e-05
8.25,2.3328e-05
8.3,-3.5512e-05
8.35,-8.3445e-05
8.4,-0.00010584
8.45,-9.5894e-05
8.5,-5.6685e-05
8.55,-2.1508e-07
8.6,5.6269e-05
8.65,9.5546e-05
8.7,0.00010567
8.75,8.36e-05
8.8,3.6095e-05
8.85,-2.235e-05
8.9,-7.3941e-05
8.95,-0.000103
9,-0.00010073
9.05,-6.7852e-05
9.1,-1.4406e-05
9.15,4.3362e-05
9.2,8.7918e-05
9.25,0.00010577
9.3,9.1538e-05
9.35,4.9585e-05
9.4,-7.3434e-06
9.45,-6.1993e-05
9.5,-9.7829e-05
9.55,-0.00010404
9.6,-7.8791e-05
9.65,-2.9757e-05
9.7,2.8215e-05
9.75,7.7609e-05
9.8,0.00010353
9.85,9.8199e-05
9.9,6.3264e-05
9.95,9.2994e-06
10,-4.741e-05
10.05,-8.9786e-05
10.1,-0.0001051
10.15,-8.8776e-05
10.2,-4.578e-05
10.25,1.0928e-05
10.3,6.4293e-05
10.35,9.8297e-05
10.4,0.00010276
10.45,7.6398e-05
10.5,2.7156e-05
10.55,-3.0172e-05
10.6,-7.8398e-05
10.65,-0.0001031
10.7,-9.6917e-05
10.75,-6.1752e-05
10.8,-8.1641e-06
10.85,4.7804e-05
10.9,8.943e-05
10.95,0.00010431
11,8.8044e-05
11.05,4.5538e-05
11.1,-1.0496e-05
11.15,-6.3338e-05
11.2,-9.7254e-05
11.25,-0.00010218
11.3,-7.6696e-05
11.35,-2.8433e-05
11.4,2.8225e-05
11.45,7.643e-05
11.5,0.00010188
11.55,9.7062e-05
11.6,6.3454e-05
11.65,1.1071e-05
11.7,-4.453e-05
11.75,-8.6873e-05
11.8,-0.00010344
11.85,-8.9381e-05
11.9,-4.8898e-05
11.95,5.9896e-06
12,5.904e-05
12.05,9.4588e-05
12.1,0.00010217
12.15,7.9599e-05
12.2,3.3584e-05
12.25,-2.2271e-05
12.3,-7.1494e-05
12.35,-9.9605e-05
12.4,-9.8367e-05
12.45,-6.8199e-05
12.5,-1.802e-05
12.55,3.7388e-05
12.6,8.1744e-05
12.65,0.00010205
12.7,9.2388e-05
12.75,5.5652e-05
12.8,2.6546e-06
12.85,-5.105e-05
12.9,-8.9737e-05
12.95,-0.00010212
13,-8.4614e-05
13.05,-4.2405e-05
13.1,1.2135e-05
13.15,6.3057e-05
13.2,9.5508e-05
13.25,0.00010006
13.3,7.5434e-05
13.35,2.8866e-05
13.4,-2.6042e-05
13.45,-7.3294e-05
13.5,-9.916e-05
13.55,-9.6161e-05
13.6,-6.5226e-05
13.65,-1.5392e-05
13.7,3.8838e-05
13.75,8.1723e-05
13.8,0.00010085
13.85,9.0731e-05
13.9,5.4348e-05
13.95,2.2862e-06
14,-5.036e-05
14.05,-8.8369e-05
14.1,-0.00010079
14.15,-8.4077e-05
14.2,-4.3124e-05
14.25,1.0207e-05
14.3,6.0516e-05
14.35,9.3311e-05
14.4,9.9183e-05
14.45,7.6498e-05
14.5,3.1842e-05
14.55,-2.19e-05
14.6,-6.9267e-05
14.65,-9.6669e-05
14.7,-9.6283e-05
14.75,-6.828e-05
14.8,-2.0746e-05
14.85,3.2657e-05
14.9,7.6625e-05
14.95,9.8595e-05
15,9.233e-05
15.05,5.9683e-05
15.1,1.0037e-05
15.15,-4.2394e-05
15.2,-8.2643e-05
15.25,-9.9259e-05
15.3,-8.7559e-05
15.35,-5.0936e-05
15.4,1.2592e-07
15.45,5.1068e-05
15.5,8.7406e-05
15.55,9.8845e-05
15.6,8.2194e-05
15.65,4.2242e-05
15.7,-9.6248e-06
15.75,-5.8676e-05
15.8,-9.102e-05
15.85,-9.7538e-05
15.9,-7.6445e-05
15.95,-3.3769e-05
16,1.8377e-05
16.05,6.5243e-05
16.1,9.361e-05
16.15,9.5521e-05
16.2,7.0498e-05
16.25,2.5655e-05
16.3,-2.6333e-05
16.35,-7.0818e-05
16.4,-9.5308e-05
16.45,-9.2967e-05
16.5,-6.4518e-05
16.55,-1.8009e-05
16.6,3.3468e-05
16.65,7.5469e-05
16.7,9.6249e-05
16.75,9.0041e-05
16.8,5.8649e-05
16.85,1.0913e-05
16.9,-3.9784e-05
16.95,-7.9276e-05
17,-9.6568e-05
17.05,-8.6892e-05
17.1,-5.3012e-05
17.15,-4.4281e-06
17.2,4.5297e-05
17.25,8.2325e-05
17.3,9.6394e-05
17.35,8.3652e-05
17.4,4.7707e-05
17.45,-1.4071e-06
17.5,-5.0036e-05
17.55,-8.4704e-05
17.6,-9.5847e-05
17.65,-8.044e-05
17.7,-4.2816e-05
17.75,6.5688e-06
17.8,5.4041e-05
17.85,8.6502e-05
17.9,9.5038e-05
17.95,7.7357e-05
18,3.8402e-05
18.05,-1.1046e-05
18.1,-5.7356e-05
18.15,-8.7803e-05
18.2,-9.4065e-05
18.25,-7.4489e-05
18.3,-3.4516e-05
18.35,1.4838e-05
18.4,6.0025e-05
18.45,8.8682e-05
18.5,9.3016e-05
18.55,7.1907e-05
18.6,3.1195e-05
18.65,-1.795e-05
18.7,-6.2092e-05
18.75,-8.921e-05
18.8,-9.1962e-05
18.85,-6.9667e-05
18.9,-2.8464e-05
18.95,2.039e-05
19,6.3599e-05
19.05,8.9444e-05
19.1,9.0963e-05
19.15,6.7814e-05
19.2,2.6342e-05
19.25,-2.2172e-05
19.3,-6.4579e-05
19.35,-8.9431e-05
19.4,-9.0065e-05
19.45,-6.6381e-05
19.5,-2.484e-05
19.55,2.3304e-05
19.6,6.5061e-05
19.65,8.9207e-05
19.7,8.93e-05
19.75,6.5387e-05
19.8,2.3963e-05
19.85,-2.3797e-05
19.9,-6.5064e-05
19.95,-8.8795e-05
20,-8.8688e-05
20.05,-6.4844e-05
20.1,-2.3713e-05
20.15,2.3658e-05
20.2,6.46e-05
20.25,8.8205e-05
20.3,8.8234e-05
20.35,6.4752e-05
20.4,2.4085e-05
20.45,-2.2892e-05
20.5,-6.3669e-05
20.55,-8.7433e-05
20.6,-8.793e-05
20.65,-6.5101e-05
20.7,-2.5072e-05
20.75,2.1499e-05
20.8,6.2265e-05
20.85,8.6464e-05
20.9,8.7754e-05
20.95,6.587e-05
21,2.6661e-05
21.05,-1.9478e-05
21.1,-6.037e-05
21.15,-8.5267e-05
21.2,-8.7672e-05
21.25,-6.7029e-05
21.3,-2.8835e-05
21.35,1.6827e-05
21.4,5.796e-05
21.45,8.38e-05
21.5,8.7635e-05
21.55,6.8534e-05
21.6,3.1569e-05
21.65,-1.3544e-05
21.7,-5.5004e-05
21.75,-8.2011e-05
21.8,-8.7578e-05
21.85,-7.0328e-05
21.9,-3.483e-05
21.95,9.6278e-06
22,5.1465e-05
22.05,7.9833e-05
22.1,8.7423e-05
22.15,7.2341e-05
22.2,3.8572e-05
22.25,-5.0832e-06
22.3,-4.7304e-05
22.35,-7.7192e-05
22.4,-8.7079e-05
22.45,-7.4485e-05
22.5,-4.2737e-05
22.55,-7.727e-08
22.6,4.2483e-05
22.65,7.4006e-05
22.7,8.6437e-05
22.75,7.6657e-05
22.8,4.7253e-05
22.85,5.8295e-06
22.9,-3.6967e-05
22.95,-7.0188e-05
23,-8.5381e-05
23.05,-7.8733e-05
23.1,-5.2023e-05
23.15,-1.2133e-05
23.2,3.073e-05
23.25,6.565e-05
23.3,8.3778e-05
23.35,8.0575e-05
23.4,5.6933e-05
23.45,1.8927e-05
23.5,-2.3761e-05
23.55,-6.0307e-05
23.6,-8.1492e-05
23.65,-8.2021e-05
23.7,-6.1842e-05
23.75,-2.6125e-05
23.8,1.6068e-05
23.85,5.4086e-05
23.9,7.838e-05
23.95,8.2897e-05
24,6.6581e-05
24.05,3.3609e-05
24.1,-7.6868e-06
24.15,-4.6929e-05
24.2,-7.4303e-05
24.25,-8.3013e-05
24.3,-7.0957e-05
24.35,-4.1229e-05
24.4,-1.3128e-06
24.45,3.8803e-05
24.5,6.9132e-05
24.55,8.217e-05
24.6,7.4748e-05
24.65,4.8793e-05
24.7,1.082e-05
24.75,-2.9712e-05
24.8,-6.2755e-05
24.85,-8.0167e-05
24.9,-7.7709e-05
24.95,-5.6073e-05
25,-2.0675e-05
25.05,1.9702e-05
25.1,5.5093e-05
25.15,7.6812e-05
25.2,7.958e-05
25.25,6.2797e-05
25.3,3.0664e-05
25.35,-8.8756e-06
25.4,-4.6108e-05
25.45,-7.1934e-05
25.5,-8.009e-05
25.55,-6.866e-05
25.6,-4.0519e-05
25.65,-2.5992e-06
25.7,3.5823e-05
25.75,6.5397e-05
25.8,7.8973e-05
25.85,7.3326e-05
25.9,4.9911e-05
25.95,1.4482e-05
26,-2.4329e-05
26.05,-5.7118e-05
26.1,-7.5987e-05
26.15,-7.6443e-05
26.2,-5.8459e-05
26.25,-2.6452e-05
26.3,1.1807e-05
26.35,4.7089e-05
26.4,7.0929e-05
26.45,7.7656e-05
26.5,6.5737e-05
26.55,3.8112e-05
26.6,1.4661e-06
26.65,-3.5395e-05
26.7,-6.3666e-05
26.75,-7.6639e-05
26.8,-7.1292e-05
26.85,-4.8985e-05
26.9,-1.5106e-05
26.95,2.2236e-05
27,5.4158e-05
27.05,7.3112e-05
27.1,7.4666e-05
27.15,5.8537e-05
27.2,2.8623e-05
27.25,-7.9393e-06
27.3,-4.2488e-05
27.35,-6.6884e-05
27.4,-7.543e-05
27.45,-6.6191e-05
27.5,-4.1426e-05
27.55,-7.0279e-06
27.6,2.8885e-05
27.65,5.7887e-05
27.7,7.322e-05
27.75,7.1366e-05
27.8,5.2843e-05
27.85,2.2057e-05
27.9,-1.3749e-05
27.95,-4.621e-05
28,-6.7786e-05
28.05,-7.3518e-05
28.1,-6.2152e-05
28.15,-3.6413e-05
28.2,-2.3397e-06
28.25,3.2137e-05
28.3,5.904e-05
28.35,7.2193e-05
28.4,6.863e-05
28.45,4.9259e-05
28.5,1.8623e-05
28.55,-1.6171e-05
28.6,-4.7104e-05
28.65,-6.7093e-05
28.7,-7.1611e-05
28.75,-5.9704e-05
28.8,-3.4183e-05
28.85,-9.5546e-07
28.9,3.235e-05
28.95,5.8134e-05
29,7.056e-05
29.05,6.6871e-05
29.1,4.7991e-05
29.15,1.829e-05
29.2,-1.5432e-05
29.25,-4.5511e-05
29.3,-6.5154e-05
29.35,-6.9976e-05
29.4,-5.8966e-05
29.45,-3.4697e-05
29.5,-2.7123e-06
29.55,2.9742e-05
29.6,5.5363e-05
29.65,6.843e-05
29.7,6.6078e-05
29.75,4.8922e-05
29.8,2.0885e-05
29.85,-1.1698e-05
29.9,-4.1521e-05
29.95,-6.194e-05
30,-6.8455e-05
30.05,-5.9693e-05
30.1,-3.769e-05
30.15,-7.4116e-06
30.2,2.4374e-05
30.25,5.0608e-05
30.3,6.5512e-05
30.35,6.5853e-05
30.4,5.1638e-05
30.45,2.609e-05
30.5,-5.092e-06
30.55,-3.5006e-05
30.6,-5.7078e-05
30.65,-6.6503e-05
30.7,-6.1285e-05
30.75,-4.2654e-05
30.8,-1.477e-05
30.85,1.6212e-05
30.9,4.3504e-05
30.95,6.117e-05
31,6.5415e-05
31.05,5.5394e-05
31.1,3.3373e-05
31.15,4.2072e-06
31.2,-2.5729e-05
31.25,-4.9943e-05
31.3,-6.3224e-05
31.35,-6.2768e-05
31.4,-4.8754e-05
31.45,-2.4291e-05
31.5,5.2863e-06
31.55,3.3579e-05
31.6,5.4511e-05
31.65,6.3632e-05
31.7,5.9057e-05
31.75,4.1853e-05
31.8,1.5778e-05
31.85,-1.3538e-05
31.9,-3.9815e-05
31.95,-5.7468e-05
32,-6.279e-05
32.05,-5.4727e-05
32.1,-3.5077e-05
32.15,-8.0821e-06
32.2,2.0486e-05
32.25,4.457e-05
32.3,5.9102e-05
32.35,6.1075e-05
32.4,5.0152e-05
32.45,2.8718e-05
32.5,1.352e-06
32.55,-2.6154e-05
32.6,-4.8024e-05
32.65,-5.9707e-05
32.7,-5.8822e-05
32.75,-4.5635e-05
32.8,-2.2983e-05
32.85,4.3439e-06
32.9,3.0619e-05
32.95,5.0378e-05
33,5.9555e-05
33.05,5.6314e-05
33.1,4.1409e-05
33.15,1.8006e-05
33.2,-8.9953e-06
33.25,-3.399e-05
33.3,-5.1831e-05
33.35,-5.8888e-05
33.4,-5.3781e-05
33.45,-3.7642e-05
33.5,-1.3861e-05
33.55,1.2631e-05
33.6,3.6388e-05
33.65,5.2565e-05
33.7,5.7909e-05
33.75,5.1401e-05
33.8,3.4451e-05
33.85,1.0582e-05
33.9,-1.5303e-05
33.95,-3.7933e-05
34,-5.2739e-05
34.05,-5.6776e-05
34.1,-4.93e-05
34.15,-3.1905e-05
34.2,-8.1707e-06
34.25,1.7073e-05
34.3,3.8734e-05
34.35,5.248e-05
34.4,5.5607e-05
34.45,4.7563e-05
34.5,3.004e-05
34.55,6.6096e-06
34.6,-1.8003e-05
34.65,-3.8878e-05
34.7,-5.1881e-05
34.75,-5.4481e-05
34.8,-4.6236e-05
34.85,-2.8861e-05
34.9,-5.8689e-06
34.95,1.8147e-05
35,3.843e-05
35.05,5.1e-05
35.1,5.3435e-05
35.15,4.5328e-05
35.2,2.8353e-05
35.25,5.9117e-06
35.3,-1.7553e-05
35.35,-3.7433e-05
35.4,-4.9865e-05
35.45,-5.2473e-05
35.5,-4.4822e-05
35.55,-2.8481e-05
35.6,-6.6962e-06
35.65,1.6254e-05
35.7,3.5905e-05
35.75,4.8469e-05
35.8,5.1567e-05
35.85,4.4671e-05
35.9,2.919e-05
35.95,8.176e-06
36,-1.4279e-05
36.05,-3.3844e-05
36.1,-4.678e-05
36.15,-5.0657e-05
36.2,-4.4801e-05
36.25,-3.0409e-05
36.3,-1.0297e-05
36.35,1.1649e-05
36.4,3.1232e-05
36.45,4.4742e-05
36.5,4.9658e-05
36.55,4.5113e-05
36.6,3.2045e-05
36.65,1.2996e-05
36.7,-8.3854e-06
36.75,-2.8042e-05
36.8,-4.2279e-05
36.85,-4.8459e-05
36.9,-4.5484e-05
36.95,-3.3985e-05
37,-1.619e-05
37.05,4.5188e-06
37.1,2.4242e-05
37.15,3.9304e-05
37.2,4.6931e-05
37.25,4.5762e-05
37.3,3.6088e-05
37.35,1.9775e-05
37.4,-9.5538e-08
37.45,-1.9812e-05
37.5,-3.5726e-05
37.55,-4.4929e-05
37.6,-4.5777e-05
37.65,-3.8184e-05
37.7,-2.3617e-05
37.75,-4.8111e-06
37.8,1.4746e-05
37.85,3.1463e-05
37.9,4.2304e-05
37.95,4.5338e-05
38,4.0075e-05
38.05,2.7545e-05
38.1,1.0091e-05
38.15,-9.0723e-06
38.2,-2.6452e-05
38.25,-3.8913e-05
38.3,-4.4241e-05
38.35,-4.1534e-05
38.4,-3.135e-05
38.45,-1.5589e-05
38.5,2.864e-06
38.55,2.0668e-05
38.6,3.4632e-05
38.65,4.2286e-05
38.7,4.2315e-05
38.75,3.4781e-05
38.8,2.1094e-05
38.85,3.7479e-06
38.9,-1.4136e-05
38.95,-2.9375e-05
39,-3.9286e-05
39.05,-4.216e-05
39.1,-3.7551e-05
39.15,-2.6339e-05
39.2,-1.0563e-05
39.25,6.9561e-06
39.3,2.3118e-05
39.35,3.5094e-05
39.4,4.0821e-05
39.45,3.9349e-05
39.5,3.1003e-05
39.55,1.7303e-05
39.6,6.8807e-07
39.65,-1.5918e-05
39.7,-2.9627e-05
39.75,-3.8081e-05
39.8,-3.9861e-05
39.85,-3.4721e-05
39.9,-2.3614e-05
39.95,-8.5137e-06
40,7.9371e-06
40.05,2.2891e-05
40.1,3.3789e-05
40.15,3.8796e-05
40.2,3.7109e-05
40.25,2.9078e-05
40.3,1.6137e-05
40.35,5.4316e-07
40.4,-1.5018e-05
40.45,-2.7897e-05
40.5,-3.5928e-05
40.55,-3.7792e-05
40.6,-3.3233e-05
40.65,-2.3082e-05
40.7,-9.1117e-06
40.75,6.2836e-06
40.8,2.0494e-05
40.85,3.1137e-05
40.9,3.6458e-05
40.95,3.5615e-05
41,2.8809e-05
41.05,1.7237e-05
41.1,2.8794e-06
41.15,-1.1839e-05
41.2,-2.4461e-05
41.25,-3.2907e-05
41.3,-3.5814e-05
41.35,-3.2754e-05
41.4,-2.4292e-05
41.45,-1.1882e-05
41.5,2.385e-06
41.55,1.6138e-05
41.6,2.7115e-05
41.65,3.3539e-05
41.7,3.4399e-05
41.75,2.9609e-05
41.8,2.0012e-05
41.85,7.2251e-06
41.9,-6.6311e-06
41.95,-1.9286e-05
42,-2.8691e-05
42.05,-3.3349e-05
42.1,-3.2553e-05
42.15,-2.6488e-05
42.2,-1.6188e-05
42.25,-3.3624e-06
42.3,9.8925e-06
42.35,2.1436e-05
42.4,2.9428e-05
42.45,3.262e-05
42.5,3.0551e-05
42.55,2.3605e-05
42.6,1.2946e-05
42.65,3.1538e-07
42.7,-1.2252e-05
42.75,-2.2755e-05
42.8,-2.9544e-05
42.85,-3.158e-05
42.9,-2.8591e-05
42.95,-2.1102e-05
43,-1.0346e-05
43.05,1.9442e-06
43.1,1.3815e-05
43.15,2.3402e-05
43.2,2.9223e-05
43.25,3.0404e-05
43.3,2.6811e-05
43.35,1.9056e-05
43.4,8.3969e-06
43.45,-3.4722e-06
43.5,-1.4689e-05
43.55,-2.3516e-05
43.6,-2.8607e-05
43.65,-2.9214e-05
43.7,-2.5292e-05
43.75,-1.7498e-05
43.8,-7.0762e-06
43.85,4.3363e-06
43.9,1.4972e-05
43.95,2.3204e-05
44,2.7796e-05
44.05,2.8085e-05
44.1,2.4074e-05
44.15,1.6424e-05
44.2,6.3432e-06
44.25,-4.6051e-06
44.3,-1.4746e-05
44.35,-2.2547e-05
44.4,-2.6853e-05
44.45,-2.7051e-05
44.5,-2.3157e-05
44.55,-1.5806e-05
44.6,-6.1456e-06
44.65,4.3429e-06
44.7,1.4074e-05
44.75,2.1595e-05
44.8,2.5805e-05
44.85,2.6112e-05
44.9,2.2515e-05
44.95,1.5596e-05
45,6.4252e-06
45.05,-3.6078e-06
45.1,-1.3002e-05
45.15,-2.0373e-05
45.2,-2.4651e-05
45.25,-2.5241e-05
45.3,-2.21e-05
45.35,-1.5734e-05
45.4,-7.1184e-06
45.45,2.4528e-06
45.5,1.1564e-05
45.55,1.8885e-05
45.6,2.3367e-05
45.65,2.4389e-05
45.7,2.1843e-05
45.75,1.6143e-05
45.8,8.1562e-06
45.85,-9.2919e-07
45.9,-9.7827e-06
45.95,-1.7125e-05
46,-2.1913e-05
46.05,-2.3487e-05
46.1,-2.166e-05
46.15,-1.6736e-05
46.2,-9.4609e-06
46.25,-9.0821e-07
46.3,7.681e-06
46.35,1.5077e-05
46.4,2.0239e-05
46.45,2.2458e-05
46.5,2.1454e-05
46.55,1.7412e-05
46.6,1.0943e-05
46.65,2.9957e-06
46.7,-5.2869e-06
46.75,-1.2729e-05
46.8,-1.8292e-05
46.85,-2.1214e-05
46.9,-2.1119e-05
46.95,-1.8059e-05
47,-1.25e-05
47.05,-5.2548e-06
47.1,2.6422e-06
47.15,1.0079e-05
47.2,1.6026e-05
47.25,1.9672e-05
47.3,2.0542e-05
47.35,1.855e-05
47.4,1.4012e-05
47.45,7.5872e-06
47.5,1.9e-07
47.55,-7.1461e-06
47.6,-1.3411e-05
47.65,-1.7757e-05
47.7,-1.9613e-05
47.75,-1.8757e-05
47.8,-1.5342e-05
47.85,-9.8717e-06
47.9,-3.1193e-06
47.95,3.9767e-06
48,1.0445e-05
48.05,1.5416e-05
48.1,1.8233e-05
48.15,1.8546e-05
48.2,1.6346e-05
48.25,1.1965e-05
48.3,6.0235e-06
48.35,-6.5512e-07
48.4,-7.1625e-06
48.45,-1.2627e-05
48.5,-1.633e-05
48.55,-1.78e-05
48.6,-1.6872e-05
48.65,-1.3703e-05
48.7,-8.7488e-06
48.75,-2.6931e-06
48.8,3.6431e-06
48.85,9.4146e-06
48.9,1.3865e-05
48.95,1.6423e-05
49,1.6779e-05
49.05,1.4917e-05
49.1,1.1115e-05
49.15,5.9009e-06
49.2,-1.935e-08
49.25,-5.859e-06
49.3,-1.0854e-05
49.35,-1.4365e-05
49.4,-1.5953e-05
49.45,-1.5441e-05
49.5,-1.2927e-05
49.55,-8.7661e-06
49.6,-3.5246e-06
49.65,2.1025e-06
49.7,7.381e-06
49.75,1.1634e-05
49.8,1.4328e-05
49.85,1.514e-05
49.9,1.3993e-05
49.95,1.1066e-05
50,6.7605e-06
50.05,1.6497e-06
50.1,-3.6003e-06
50.15,-8.3168e-06
50.2,-1.1907e-05
50.25,-1.393e-05
50.3,-1.4155e-05
50.35,-1.258e-05
50.4,-9.4337e-06
50.45,-5.1394e-06
50.5,-2.579e-07
50.55,4.5852e-06
50.6,8.7801e-06
50.65,1.1809e-05
50.7,1.3311e-05
50.75,1.3121e-05
50.8,1.1291e-05
50.85,8.0769e-06
50.9,3.9022e-06
50.95,-6.9643e-07
51,-5.139e-06
51.05,-8.8757e-06
51.1,-1.1454e-05
51.15,-1.2573e-05
51.2,-1.212e-05
51.25,-1.0175e-05
51.3,-7.0057e-06
51.35,-3.0221e-06
51.4,1.2712e-06
51.45,5.3411e-06
51.5,8.6918e-06
51.55,1.0925e-05
51.6,1.1787e-05
51.65,1.1195e-05
51.7,9.2476e-06
51.75,6.2055e-06
51.8,2.4581e-06
51.85,-1.5269e-06
51.9,-5.2618e-06
51.95,-8.2985e-06
52,-1.0282e-05
52.05,-1.0992e-05
52.1,-1.0365e-05
52.15,-8.5005e-06
52.2,-5.6462e-06
52.25,-2.1625e-06
52.3,1.5213e-06
52.35,4.9603e-06
52.4,7.7477e-06
52.45,9.5627e-06
52.5,1.0207e-05
52.55,9.6259e-06
52.6,7.9114e-06
52.65,5.2885e-06
52.7,2.0856e-06
52.75,-1.3072e-06
52.8,-4.485e-06
52.85,-7.0769e-06
52.9,-8.7885e-06
52.95,-9.4355e-06
53,-8.9628e-06
53.05,-7.4477e-06
53.1,-5.0884e-06
53.15,-2.178e-06
53.2,9.3243e-07
53.25,3.8758e-06
53.3,6.3124e-06
53.35,7.9689e-06
53.4,8.6687e-06
53.45,8.3501e-06
53.5,7.071e-06
53.55,4.9995e-06
53.6,2.3914e-06
53.65,-4.4108e-07
53.7,-3.1667e-06
53.75,-5.4741e-06
53.8,-7.1069e-06
53.85,-7.8923e-06
53.9,-7.7585e-06
53.95,-6.7407e-06
54,-4.9746e-06
54.05,-2.6781e-06
54.1,-1.2468e-07
54.15,2.3893e-06
54.2,4.5791e-06
54.25,6.2034e-06
54.3,7.0909e-06
54.35,7.158e-06
54.4,6.4159e-06
54.45,4.967e-06
54.5,2.9911e-06
54.55,7.2297e-07
54.6,-1.5756e-06
54.65,-3.6459e-06
54.7,-5.2613e-06
54.75,-6.2518e-06
54.8,-6.5218e-06
54.85,-6.0588e-06
54.9,-4.9324e-06
54.95,-3.2845e-06
55,-1.3112e-06
55.05,7.6013e-07
55.1,2.6973e-06
55.15,4.2892e-06
55.2,5.3686e-06
55.25,5.8296e-06
55.3,5.6375e-06
55.35,4.8305e-06
55.4,3.5139e-06
55.45,1.8459e-06
55.5,1.8964e-08
55.55,-1.7623e-06
55.6,-3.3043e-06
55.65,-4.445e-06
55.7,-5.0712e-06
55.75,-5.129e-06
55.8,-4.6283e-06
55.85,-3.6395e-06
55.9,-2.2842e-06
55.95,-7.2011e-07
56,8.7723e-07
56.05,2.334e-06
56.1,3.4969e-06
56.15,4.2495e-06
56.2,4.5231e-06
56.25,4.3032e-06
56.3,3.6288e-06
56.35,2.5867e-06
56.4,1.3005e-06
56.45,-8.4065e-08
56.5,-1.4157e-06
56.55,-2.5537e-06
56.6,-3.383e-06
56.65,-3.8257e-06
56.7,-3.8477e-06
56.75,-3.4613e-06
56.8,-2.7218e-06
56.85,-1.7203e-06
56.9,-5.7239e-07
56.95,5.9494e-07
57,1.6574e-06
57.05,2.5065e-06
57.1,3.0607e-06
57.15,3.2727e-06
57.2,3.1334e-06
57.25,2.6713e-06
57.3,1.948e-06
57.35,1.0501e-06
57.4,7.9207e-08
57.45,-8.5976e-07
57.5,-1.6696e-06
57.55,-2.2709e-06
57.6,-2.6099e-06
57.65,-2.6626e-06
57.7,-2.4364e-06
57.75,-1.9679e-06
57.8,-1.3174e-06
57.85,-5.6149e-07
57.9,2.157e-07
57.95,9.3193e-07
58,1.5154e-06
58.05,1.9121e-06
58.1,2.0901e-06
58.15,2.0427e-06
58.2,1.7869e-06
58.25,1.3612e-06
58.3,8.1962e-07
58.35,2.2565e-07
58.4,-3.5537e-07
58.45,-8.6327e-07
58.5,-1.2492e-06
58.55,-1.4803e-06
58.6,-1.5424e-06
58.65,-1.44e-06
58.7,-1.1954e-06
58.75,-8.4443e-07
58.8,-4.3227e-07
58.85,-7.5475e-09
58.9,3.8311e-07
58.95,7.0014e-07
59,9.15e-07
59.05,1.0126e-06
59.1,9.9227e-07
59.15,8.6653e-07
59.2,6.5905e-07
59.25,4.0104e-07
59.3,1.2703e-07
59.35,-1.2935e-07
59.4,-3.3937e-07
59.45,-4.8234e-07
59.5,-5.4755e-07
59.55,-5.3496e-07
59.6,-4.545e-07
59.65,-3.2421e-07
59.7,-1.6739e-07
59.75,-9.3042e-09
59.8,1.263e-07
59.85,2.203e-07
59.9,2.6061e-07
59.95,2.4359e-07
60,1.7434e-07
60.05,6.5802e-08
60.1,-6.3167e-08
60.15,-1.9045e-07
60.2,-2.9377e-07
60.25,-3.5387e-07
60.3,-3.572e-07
60.35,-2.9799e-07
60.4,-1.7929e-07
60.45,-1.2881e-08
60.5,1.8194e-07
60.55,3.8059e-07
60.6,5.5614e-07
60.65,6.8272e-07
60.7,7.3884e-07
60.75,7.1038e-07
60.8,5.9273e-07
60.85,3.9192e-07
60.9,1.2446e-07
60.95,-1.8396e-07
61,-5.0105e-07
61.05,-7.913e-07
61.1,-1.0199e-06
61.15,-1.1566e-06
61.2,-1.1798e-06
61.25,-1.0789e-06
61.3,-8.5635e-07
61.35,-5.2809e-07
61.4,-1.2231e-07
61.45,3.2289e-07
61.5,7.6316e-07
61.55,1.1523e-06
61.6,1.4472e-06
61.65,1.6123e-06
61.7,1.6239e-06
61.75,1.473e-06
61.8,1.1667e-06
61.85,7.2856e-07
61.9,1.9638e-07
61.95,-3.8084e-07
62,-9.475e-07
62.05,-1.4468e-06
62.1,-1.8266e-06
62.15,-2.0443e-06
62.2,-2.0721e-06
62.25,-1.8997e-06
62.3,-1.5365e-06
62.35,-1.0106e-06
62.4,-3.6716e-07
62.45,3.3558e-07
62.5,1.0318e-06
62.55,1.6542e-06
62.6,2.1404e-06
62.65,2.4394e-06
62.7,2.5166e-06
62.75,2.3577e-06
62.8,1.9705e-06
62.85,1.385e-06
62.9,6.5094e-07
62.95,-1.6658e-07
63,-9.9271e-07
63.05,-1.7499e-06
63.1,-2.3649e-06
63.15,-2.7764e-06
63.2,-2.9404e-06
63.25,-2.8353e-06
63.3,-2.464e-06
63.35,-1.8545e-06
63.4,-1.0578e-06
63.45,-1.4318e-07
63.5,8.0728e-07
63.55,1.7065e-06
63.6,2.4704e-06
63.65,3.0254e-06
63.7,3.3159e-06
63.75,3.3095e-06
63.8,3.0005e-06
63.85,2.4109e-06
63.9,1.5887e-06
63.95,6.0434e-07
64,-4.557e-07
64.05,-1.4964e-06
64.1,-2.423e-06
64.15,-3.149e-06
64.2,-3.605e-06
64.25,-3.7449e-06
64.3,-3.5501e-06
64.35,-3.0322e-06
64.4,-2.2323e-06
64.45,-1.2173e-06
64.5,-7.4763e-08
64.55,1.0951e-06
64.6,2.1879e-06
64.65,3.1047e-06
64.7,3.7608e-06
64.75,4.0934e-06
64.8,4.0679e-06
64.85,3.681e-06
64.9,2.9614e-06
64.95,1.9681e-06
65,7.8483e-07
65.05,-4.8641e-07
65.1,-1.7346e-06
65.15,-2.8493e-06
65.2,-3.7304e-06
65.25,-4.297e-06
65.3,-4.495e-06
65.35,-4.3021e-06
65.4,-3.7299e-06
65.45,-2.8235e-06
65.5,-1.6577e-06
65.55,-3.3102e-07
65.6,1.0428e-06
65.65,2.3447e-06
65.7,3.4606e-06
65.75,4.291e-06
65.8,4.7605e-06
65.85,4.8241e-06
65.9,4.4714e-06
65.95,3.728e-06
66,2.6536e-06
66.05,1.3372e-06
66.1,-1.1062e-07
66.15,-1.5666e-06
66.2,-2.9057e-06
66.25,-4.0116e-06
66.3,-4.787e-06
66.35,-5.1619e-06
66.4,-5.1e-06
66.45,-4.602e-06
66.5,-3.7059e-06
66.55,-2.4842e-06
66.6,-1.0375e-06
66.65,5.1321e-07
66.7,2.0373e-06
66.75,3.405e-06
66.8,4.499e-06
66.85,5.2239e-06
66.9,5.515e-06
66.95,5.3435e-06
67,4.7197e-06
67.05,3.6921e-06
67.1,2.3435e-06
67.15,7.8461e-07
67.2,-8.5555e-07
67.25,-2.44e-06
67.3,-3.8353e-06
67.35,-4.9231e-06
67.4,-5.6097e-06
67.45,-5.8344e-06
67.5,-5.5745e-06
67.55,-4.8478e-06
67.6,-3.7111e-06
67.65,-2.2555e-06
67.7,-5.9956e-07
67.75,1.1208e-06
67.8,2.7634e-06
67.85,4.1915e-06
67.9,5.2854e-06
67.95,5.9519e-06
68,6.133e-06
68.05,5.8099e-06
68.1,5.0058e-06
68.15,3.7832e-06
68.2,2.2397e-06
68.25,4.9981e-07
68.3,-1.295e-06
68.35,-2.998e-06
68.4,-4.4691e-06
68.45,-5.5863e-06
68.5,-6.2559e-06
68.55,-6.4202e-06
68.6,-6.0625e-06
68.65,-5.2085e-06
68.7,-3.9244e-06
68.75,-2.3119e-06
68.8,-4.9982e-07
68.85,1.366e-06
68.9,3.1346e-06
68.95,4.6622e-06
69,5.8237e-06
69.05,6.523e-06
69.1,6.7009e-06
69.15,6.3398e-06
69.2,5.4657e-06
69.25,4.146e-06
69.3,2.4841e-06
69.35,6.1167e-07
69.4,-1.3223e-06
69.45,-3.1631e-06
69.5,-4.7626e-06
69.55,-5.9917e-06
69.6,-6.7499e-06
69.65,-6.9742e-06
69.7,-6.6437e-06
69.75,-5.782e-06
69.8,-4.4546e-06
69.85,-2.7649e-06
69.9,-8.4522e-07
69.95,1.1532e-06
70,3.0723e-06
70.05,4.7594e-06
70.1,6.08e-06
70.15,6.9277e-06
70.2,7.2332e-06
70.25,6.9697e-06
70.3,6.1553e-06
70.35,4.8514e-06
70.4,3.1585e-06
70.45,1.2078e-06
70.5,-8.4859e-07
70.55,-2.8498e-06
70.6,-4.6386e-06
70.65,-6.0738e-06
70.7,-7.0416e-06
70.75,-7.4642e-06
70.8,-7.3061e-06
70.85,-6.5771e-06
70.9,-5.3316e-06
70.95,-3.6644e-06
71,-1.7036e-06
71.05,3.9977e-07
71.1,2.4827e-06
71.15,4.3835e-06
71.2,5.954e-06
71.25,7.0712e-06
71.3,7.6467e-06
71.35,7.6338e-06
71.4,7.0312e-06
71.45,5.8832e-06
71.5,4.276e-06
71.55,2.3319e-06
71.6,1.9912e-07
71.65,-1.9589e-06
71.7,-3.9765e-06
71.75,-5.6981e-06
71.8,-6.9907e-06
71.85,-7.7534e-06
71.9,-7.9262e-06
71.95,-7.4934e-06
72,-6.4862e-06
72.05,-4.9793e-06
72.1,-3.086e-06
72.15,-9.4934e-07
72.2,1.2688e-06
72.25,3.4e-06
72.3,5.2817e-06
72.35,6.7703e-06
72.4,7.7514e-06
72.45,8.1489e-06
72.5,7.9308e-06
72.55,7.1116e-06
72.6,5.7513e-06
72.65,3.951e-06
72.7,1.8453e-06
72.75,-4.0804e-07
72.8,-2.6395e-06
72.85,-4.681e-06
72.9,-6.3783e-06
72.95,-7.6027e-06
73,-8.2609e-06
73.05,-8.3018e-06
73.1,-7.7204e-06
73.15,-6.5586e-06
73.2,-4.9015e-06
73.25,-2.8718e-06
73.3,-6.2e-07
73.35,1.6863e-06
73.4,3.8752e-06
73.45,5.7831e-06
73.5,7.2673e-06
73.55,8.2159e-06
73.6,8.5572e-06
73.65,8.264e-06
73.7,7.3564e-06
73.75,5.9002e-06
73.8,4.0018e-06
73.85,1.8006e-06
73.9,-5.412e-07
73.95,-2.8509e-06
74,-4.9577e-06
74.05,-6.7057e-06
74.1,-7.965e-06
74.15,-8.6416e-06
74.2,-8.6843e-06
74.25,-8.0884e-06
74.3,-6.8961e-06
74.35,-5.1937e-06
74.4,-3.1048e-06
74.45,-7.817e-07
74.5,1.6059e-06
74.55,3.8833e-06
74.6,5.8837e-06
74.65,7.4602e-06
74.7,8.4967e-06
74.75,8.9165e-06
74.8,8.6874e-06
74.85,7.8248e-06
74.9,6.3901e-06
74.95,4.4864e-06
75,2.2512e-06
75.05,-1.5396e-07
75.1,-2.5549e-06
75.15,-4.7774e-06
75.2,-6.66e-06
75.25,-8.0659e-06
75.3,-8.8923e-06
75.35,-9.0783e-06
75.4,-8.6091e-06
75.45,-7.5174e-06
75.5,-5.8807e-06
75.55,-3.8159e-06
75.6,-1.4708e-06
75.65,9.8639e-07
75.7,3.3791e-06
75.75,5.5355e-06
75.8,7.3001e-06
75.85,8.5457e-06
75.9,9.1822e-06
75.95,9.1627e-06
76,8.4875e-06
76.05,7.2038e-06
76.1,5.4021e-06
76.15,3.2103e-06
76.2,7.8406e-07
76.25,-1.704e-06
76.3,-4.0768e-06
76.35,-6.1652e-06
76.4,-7.8201e-06
76.45,-8.9232e-06
76.5,-9.3951e-06
76.55,-9.2015e-06
76.6,-8.3549e-06
76.65,-6.9143e-06
76.7,-4.9808e-06
76.75,-2.6904e-06
76.8,-2.0459e-07
76.85,2.3013e-06
76.9,4.6504e-06
76.95,6.6767e-06
77,8.2368e-06
77.05,9.2201e-06
77.1,9.5565e-06
77.15,9.2215e-06
77.2,8.2375e-06
77.25,6.6729e-06
77.3,4.6366e-06
77.35,2.2707e-06
77.4,-2.5927e-07
77.45,-2.7764e-06
77.5,-5.1044e-06
77.55,-7.0803e-06
77.6,-8.5654e-06
77.65,-9.4554e-06
77.7,-9.6873e-06
77.75,-9.2442e-06
77.8,-8.156e-06
77.85,-6.4977e-06
77.9,-4.3839e-06
77.95,-1.9612e-06
78,6.0257e-07
78.05,3.1294e-06
78.1,5.4439e-06
78.15,7.3854e-06
78.2,8.8188e-06
78.25,9.6442e-06
78.3,9.8038e-06
78.35,9.2858e-06
78.4,8.1252e-06
78.45,6.4014e-06
78.5,4.2328e-06
78.55,1.7683e-06
78.6,-8.2244e-07
78.65,-3.3612e-06
78.7,-5.6731e-06
78.75,-7.599e-06
78.8,-9.006e-06
78.85,-9.7971e-06
78.9,-9.9171e-06
78.95,-9.3573e-06
79,-8.1552e-06
79.05,-6.3926e-06
79.1,-4.1895e-06
79.15,-1.6962e-06
79.2,9.1714e-07
79.25,3.4722e-06
79.3,5.7944e-06
79.35,7.7252e-06
79.4,9.1325e-06
79.45,9.92e-06
79.5,1.0033e-05
79.55,9.4646e-06
79.6,8.2514e-06
79.65,6.4757e-06
79.7,4.2576e-06
79.75,1.7473e-06
79.8,-8.8537e-07
79.85,-3.462e-06
79.9,-5.8082e-06
79.95,-7.7648e-06
80,-9.1993e-06
80.05,-1.0014e-05
80.1,-1.0154e-05
80.15,-9.6087e-06
80.2,-8.4146e-06
80.25,-6.6515e-06
80.3,-4.4379e-06
80.35,-1.9223e-06
80.4,7.2605e-07
80.45,3.3293e-06
80.5,5.7126e-06
80.55,7.7156e-06
80.6,9.2036e-06
80.65,1.0076e-05
80.7,1.0275e-05
80.75,9.7862e-06
80.8,8.6415e-06
80.85,6.9173e-06
80.9,4.7284e-06
80.95,2.2208e-06
81,-4.3834e-07
81.05,-3.0717e-06
81.1,-5.5036e-06
81.15,-7.5719e-06
81.2,-9.1386e-06
81.25,-1.0099e-05
81.3,-1.0389e-05
81.35,-9.989e-06
81.4,-8.9249e-06
81.45,-7.2669e-06
81.5,-5.1249e-06
81.55,-2.6404e-06
81.6,2.1974e-08
81.65,2.6861e-06
81.7,5.1756e-06
81.75,7.3257e-06
81.8,8.9941e-06
81.85,1.007e-05
81.9,1.0483e-05
81.95,1.0204e-05
82,9.2528e-06
82.05,7.6903e-06
82.1,5.6196e-06
82.15,3.1767e-06
82.2,5.2217e-07
82.25,-2.1696e-06
82.3,-4.7218e-06
82.35,-6.9667e-06
82.4,-8.7569e-06
82.45,-9.9747e-06
82.5,-1.054e-05
82.55,-1.0416e-05
82.6,-9.6092e-06
82.65,-8.1733e-06
82.7,-6.2015e-06
82.75,-3.8224e-06
82.8,-1.1913e-06
82.85,1.5203e-06
82.9,4.1354e-06
82.95,6.4835e-06
83,8.4115e-06
83.05,9.7937e-06
83.1,1.054e-05
83.15,1.0601e-05
83.2,9.9736e-06
83.25,8.6974e-06
83.3,6.8553e-06
83.35,4.5666e-06
83.4,1.9797e-06
83.45,-7.3801e-07
83.5,-3.4104e-06
83.55,-5.8644e-06
83.6,-7.9412e-06
83.65,-9.5064e-06
83.7,-1.0459e-05
83.75,-1.0736e-05
83.8,-1.0321e-05
83.85,-9.2391e-06
83.9,-7.5609e-06
83.95,-5.3939e-06
84,-2.8776e-06
84.05,-1.7398e-07
84.1,2.5431e-06
84.15,5.099e-06
84.2,7.3293e-06
84.25,9.0908e-06
84.3,1.027e-05
84.35,1.0791e-05
84.4,1.0621e-05
84.45,9.7703e-06
84.5,8.2929e-06
84.55,6.2835e-06
84.6,3.8704e-06
84.65,1.208e-06
84.7,-1.5337e-06
84.75,-4.1795e-06
84.8,-6.5605e-06
84.85,-8.5247e-06
84.9,-9.9469e-06
84.95,-1.0736e-05
85,-1.0842e-05
85.05,-1.0258e-05
85.1,-9.0205e-06
85.15,-7.2086e-06
85.2,-4.9372e-06
85.25,-2.3505e-06
85.3,3.8718e-07
85.35,3.1022e-06
85.4,5.6224e-06
85.45,7.788e-06
85.5,9.4616e-06
85.55,1.0537e-05
85.6,1.0947e-05
85.65,1.0664e-05
85.7,9.7069e-06
85.75,8.1358e-06
85.8,6.0499e-06
85.85,3.5808e-06
85.9,8.8417e-07
85.95,-1.8699e-06
86,-4.5079e-06
86.05,-6.8637e-06
86.1,-8.7888e-06
86.15,-1.0162e-05
86.2,-1.0897e-05
86.25,-1.0948e-05
86.3,-1.031e-05
86.35,-9.0253e-06
86.4,-7.1731e-06
86.45,-4.8699e-06
86.5,-2.26e-06
86.55,4.9307e-07
86.6,3.2168e-06
86.65,5.7408e-06
86.7,7.907e-06
86.75,9.5799e-06
86.8,1.0655e-05
86.85,1.1065e-05
86.9,1.0785e-05
86.95,9.8308e-06
87,8.2634e-06
87.05,6.1799e-06
87.1,3.7102e-06
87.15,1.0081e-06
87.2,-1.7581e-06
87.25,-4.4164e-06
87.3,-6.8013e-06
87.35,-8.7648e-06
87.4,-1.0185e-05
87.45,-1.0973e-05
87.5,-1.1081e-05
87.55,-1.0501e-05
87.6,-9.2698e-06
87.65,-7.4636e-06
87.7,-5.1943e-06
87.75,-2.6024e-06
87.8,1.5184e-07
87.85,2.898e-06
87.9,5.4662e-06
87.95,7.6979e-06
88,9.4551e-06
88.05,1.063e-05
88.1,1.1149e-05
88.15,1.098e-05
88.2,1.0135e-05
88.25,8.6654e-06
88.3,6.6613e-06
88.35,4.2463e-06
88.4,1.569e-06
88.45,-1.2058e-06
88.5,-3.9077e-06
88.55,-6.3707e-06
88.6,-8.4435e-06
88.65,-9.9989e-06
88.7,-1.0942e-05
88.75,-1.1214e-05
88.8,-1.0799e-05
88.85,-9.7221e-06
88.9,-8.0497e-06
88.95,-5.8841e-06
89,-3.3578e-06
89.05,-6.2517e-07
89.1,2.1467e-06
89.15,4.7884e-06
89.2,7.1387e-06
89.25,9.0542e-06
89.3,1.0418e-05
89.35,1.1147e-05
89.4,1.1197e-05
89.45,1.0565e-05
89.5,9.2899e-06
89.55,7.4486e-06
89.6,5.1536e-06
89.65,2.5445e-06
89.7,-2.2012e-07
89.75,-2.9723e-06
89.8,-5.5448e-06
89.85,-7.7817e-06
89.9,-9.5472e-06
89.95,-1.0734e-05
90,-1.1271e-05
90.05,-1.1125e-05
90.1,-1.0306e-05
90.15,-8.8625e-06
90.2,-6.8824e-06
90.25,-4.4856e-06
90.3,-1.8169e-06
90.35,9.6237e-07
90.4,3.6843e-06
90.45,6.1845e-06
90.5,8.3123e-06
90.55,9.9394e-06
90.6,1.0968e-05
90.65,1.1335e-05
90.7,1.1021e-05
90.75,1.0042e-05
90.8,8.4591e-06
90.85,6.3668e-06
90.9,3.8913e-06
90.95,1.1812e-06
91,-1.6004e-06
91.05,-4.2867e-06
91.1,-6.7163e-06
91.15,-8.7435e-06
91.2,-1.0247e-05
91.25,-1.1136e-05
91.3,-1.1359e-05
91.35,-1.0901e-05
91.4,-9.7909e-06
91.45,-8.0944e-06
91.5,-5.9134e-06
91.55,-3.3784e-06
91.6,-6.4091e-07
91.65,2.1354e-06
91.7,4.7847e-06
91.75,7.1491e-06
91.8,9.0874e-06
91.85,1.0484e-05
91.9,1.1256e-05
91.95,1.1358e-05
92,1.0783e-05
92.05,9.5661e-06
92.1,7.7797e-06
92.15,5.5303e-06
92.2,2.9516e-06
92.25,1.9706e-07
92.3,-2.5697e-06
92.35,-5.1843e-06
92.4,-7.4916e-06
92.45,-9.3548e-06
92.5,-1.0663e-05
92.55,-1.134e-05
92.6,-1.1345e-05
92.65,-1.0678e-05
92.7,-9.3781e-06
92.75,-7.5233e-06
92.8,-5.2231e-06
92.85,-2.6136e-06
92.9,1.5066e-07
92.95,2.9065e-06
93,5.491e-06
93.05,7.7516e-06
93.1,9.5551e-06
93.15,1.0795e-05
93.2,1.1399e-05
93.25,1.133e-05
93.3,1.0595e-05
93.35,9.2345e-06
93.4,7.3307e-06
93.45,4.9952e-06
93.5,2.3656e-06
93.55,-4.0344e-07
93.6,-3.149e-06
93.65,-5.7099e-06
93.7,-7.9357e-06
93.75,-9.6957e-06
93.8,-1.0887e-05
93.85,-1.144e-05
93.9,-1.1321e-05
93.95,-1.054e-05
94,-9.1402e-06
94.05,-7.2053e-06
94.1,-4.8483e-06
94.15,-2.2073e-06
94.2,5.6297e-07
94.25,3.3006e-06
94.3,5.8454e-06
94.35,8.0489e-06
94.4,9.7824e-06
94.45,1.0945e-05
94.5,1.1468e-05
94.55,1.1323e-05
94.6,1.0517e-05
94.65,9.098e-06
94.7,7.1487e-06
94.75,4.7827e-06
94.8,2.1381e-06
94.85,-6.3112e-07
94.9,-3.3638e-06
94.95,-5.9009e-06
95,-8.095e-06
95.05,-9.8187e-06
95.1,-1.0972e-05
95.15,-1.1488e-05
95.2,-1.1337e-05
95.25,-1.0528e-05
95.3,-9.1088e-06
95.35,-7.1608e-06
95.4,-4.7977e-06
95.45,-2.1564e-06
95.5,6.0978e-07
95.55,3.3408e-06
95.6,5.8785e-06
95.65,8.0761e-06
95.7,9.8066e-06
95.75,1.097e-05
95.8,1.15e-05
95.85,1.1365e-05
95.9,1.0573e-05
95.95,9.1715e-06
96,7.2404e-06
96.05,4.8915e-06
96.1,2.2605e-06
96.15,-5.0081e-07
96.2,-3.2333e-06
96.25,-5.7795e-06
96.3,-7.9929e-06
96.35,-9.7461e-06
96.4,-1.0938e-05
96.45,-1.1502e-05
96.5,-1.1403e-05
96.55,-1.0649e-05
96.6,-9.2837e-06
96.65,-7.3846e-06
96.7,-5.0616e-06
96.75,-2.448e-06
96.8,3.0602e-07
96.85,3.0424e-06
96.9,5.6043e-06
96.95,7.8449e-06
97,9.6359e-06
97.05,1.0875e-05
97.1,1.1491e-05
97.15,1.145e-05
97.2,1.0753e-05
97.25,9.4412e-06
97.3,7.5897e-06
97.35,5.3044e-06
97.4,2.7161e-06
97.45,-2.7266e-08
97.5,-2.7689e-06
97.55,-5.3525e-06
97.6,-7.6304e-06
97.65,-9.473e-06
97.7,-1.0775e-05
97.75,-1.1463e-05
97.8,-1.1498e-05
97.85,-1.0878e-05
97.9,-9.6385e-06
97.95,-7.8504e-06
98,-5.6156e-06
98.05,-3.0614e-06
98.1,-3.3338e-07
98.15,2.4135e-06
98.2,5.023e-06
98.25,7.347e-06
98.3,9.2536e-06
98.35,1.0635e-05
98.4,1.1412e-05
98.45,1.1542e-05
98.5,1.1018e-05
98.55,9.8686e-06
98.6,8.1602e-06
98.65,5.9896e-06
98.7,3.4799e-06
98.75,7.7346e-07
98.8,-1.9766e-06
98.85,-4.6146e-06
98.9,-6.9913e-06
98.95,-8.9726e-06
99,-1.0446e-05
99.05,-1.133e-05
99.1,-1.1573e-05
99.15,-1.1163e-05
99.2,-1.0123e-05
99.25,-8.5114e-06
99.3,-6.42e-06
99.35,-3.9666e-06
99.4,-1.2899e-06
99.45,1.4592e-06
99.5,4.1259e-06
99.55,6.5599e-06
99.6,8.6243e-06
99.65,1.0203e-05
99.7,1.1208e-05
99.75,1.1582e-05
99.8,1.1304e-05
99.85,1.0391e-05
99.9,8.8949e-06
99.95,6.8987e-06
100,4.5154e-06
100.05,1.8788e-06
100.1,-8.6295e-07
100.15,-3.5559e-06
100.2,-6.0492e-06
100.25,-8.2029e-06
100.3,-9.8966e-06
100.35,-1.1036e-05
100.4,-1.1556e-05
100.45,-1.1429e-05
100.5,-1.0663e-05
100.55,-9.2998e-06
100.6,-7.4166e-06
100.65,-5.1187e-06
100.7,-2.5349e-06
100.75,1.9018e-07
100.8,2.9043e-06
100.85,5.4558e-06
100.9,7.7024e-06
100.95,9.5186e-06
101,1.0803e-05
101.05,1.1485e-05
101.1,1.1526e-05
101.15,1.0925e-05
101.2,9.7142e-06
101.25,7.9626e-06
101.3,5.7677e-06
101.35,3.2518e-06
101.4,5.5536e-07
101.45,-2.1716e-06
101.5,-4.7774e-06
101.55,-7.1171e-06
101.6,-9.0606e-06
101.65,-1.05e-05
101.7,-1.1356e-05
101.75,-1.1581e-05
101.8,-1.1162e-05
101.85,-1.0124e-05
101.9,-8.5242e-06
101.95,-6.4515e-06
102,-4.0213e-06
102.05,-1.3684e-06
102.1,1.3599e-06
102.15,4.0125e-06
102.2,6.4422e-06
102.25,8.5147e-06
102.3,1.0115e-05
102.35,1.1156e-05
102.4,1.1579e-05
102.45,1.1361e-05
102.5,1.0515e-05
102.55,9.0872e-06
102.6,7.1577e-06
102.65,4.833e-06
102.7,2.2416e-06
102.75,-4.7305e-07
102.8,-3.1611e-06
102.85,-5.6743e-06
102.9,-7.8738e-06
102.95,-9.6386e-06
103,-1.0872e-05
103.05,-1.1505e-05
103.1,-1.1504e-05
103.15,-1.0869e-05
103.2,-9.6355e-06
103.25,-7.8716e-06
103.3,-5.6746e-06
103.35,-3.1657e-06
103.4,-4.8311e-07
103.45,2.2256e-06
103.5,4.8114e-06
103.55,7.1322e-06
103.6,9.0605e-06
103.65,1.0491e-05
103.7,1.1344e-05
103.75,1.1575e-05
103.8,1.117e-05
103.85,1.0151e-05
103.9,8.5766e-06
103.95,6.5316e-06
104,4.1288e-06
104.05,1.5e-06
104.1,-1.2104e-06
104.15,-3.8539e-06
104.2,-6.2858e-06
104.25,-8.373e-06
104.3,-1.0001e-05
104.35,-1.1082e-05
104.4,-1.1556e-05
104.45,-1.1398e-05
104.5,-1.0616e-05
104.55,-9.2542e-06
104.6,-7.3868e-06
104.65,-5.1162e-06
104.7,-2.5665e-06
104.75,1.2279e-07
104.8,2.8048e-06
104.85,5.3332e-06
104.9,7.57e-06
104.95,9.3933e-06
105,1.0704e-05
105.05,1.1431e-05
105.1,1.1534e-05
105.15,1.1009e-05
105.2,9.8839e-06
105.25,8.221e-06
105.3,6.1107e-06
105.35,3.6682e-06
105.4,1.0266e-06
105.45,-1.6702e-06
105.5,-4.2756e-06
105.55,-6.648e-06
105.6,-8.6583e-06
105.65,-1.0198e-05
105.7,-1.1182e-05
105.75,-1.1559e-05
105.8,-1.1309e-05
105.85,-1.0444e-05
105.9,-9.0125e-06
105.95,-7.0922e-06
106,-4.7877e-06
106.05,-2.2239e-06
106.1,4.5982e-07
106.15,3.118e-06
106.2,5.6066e-06
106.25,7.7908e-06
106.3,9.5525e-06
106.35,1.0796e-05
106.4,1.1456e-05
106.45,1.1494e-05
106.5,1.0911e-05
106.55,9.738e-06
106.6,8.0382e-06
106.65,5.9043e-06
106.7,3.4516e-06
106.75,8.13e-07
106.8,-1.8689e-06
106.85,-4.4492e-06
106.9,-6.7886e-06
106.95,-8.7609e-06
107,-1.026e-05
107.05,-1.1205e-05
107.1,-1.1545e-05
107.15,-1.1262e-05
107.2,-1.0372e-05
107.25,-8.9237e-06
107.3,-6.9943e-06
107.35,-4.6885e-06
107.4,-2.1307e-06
107.45,5.4123e-07
107.5,3.1833e-06
107.55,5.6534e-06
107.6,7.8186e-06
107.65,9.5626e-06
107.7,1.0792e-05
107.75,1.144e-05
107.8,1.1474e-05
107.85,1.089e-05
107.9,9.7217e-06
107.95,8.0312e-06
108,5.9097e-06
108.05,3.4715e-06
108.1,8.4755e-07
108.15,-1.8212e-06
108.2,-4.3916e-06
108.25,-6.7257e-06
108.3,-8.6985e-06
108.35,-1.0204e-05
108.4,-1.1163e-05
108.45,-1.1523e-05
108.5,-1.1265e-05
108.55,-1.0404e-05
108.6,-8.9861e-06
108.65,-7.0874e-06
108.7,-4.8098e-06
108.75,-2.2753e-06
108.8,3.8019e-07
108.85,3.0147e-06
108.9,5.4872e-06
108.95,7.6657e-06
109,9.4338e-06
109.05,1.0697e-05
109.1,1.1389e-05
109.15,1.1472e-05
109.2,1.0942e-05
109.25,9.8286e-06
109.3,8.1906e-06
109.35,6.1158e-06
109.4,3.7153e-06
109.45,1.1173e-06
109.5,-1.5396e-06
109.55,-4.1137e-06
109.6,-6.4678e-06
109.65,-8.4765e-06
109.7,-1.0033e-05
109.75,-1.1055e-05
109.8,-1.1487e-05
109.85,-1.1308e-05
109.9,-1.0527e-05
109.95,-9.1863e-06
110,-7.3568e-06
110.05,-5.1365e-06
110.1,-2.6436e-06
110.15,-1.0902e-08
110.2,2.6217e-06
110.25,5.1142e-06
110.3,7.3343e-06
110.35,9.1641e-06
110.4,1.0507e-05
110.45,1.1291e-05
110.5,1.1476e-05
110.55,1.1051e-05
110.6,1.004e-05
110.65,8.4973e-06
110.7,6.5039e-06
110.75,4.1662e-06
110.8,1.6082e-06
110.85,-1.0342e-06
110.9,-3.6211e-06
110.95,-6.0154e-06
111,-8.0903e-06
111.05,-9.7362e-06
111.1,-1.0866e-05
111.15,-1.1421e-05
111.2,-1.137e-05
111.25,-1.0719e-05
111.3,-9.5001e-06
111.35,-7.7794e-06
111.4,-5.6479e-06
111.45,-3.2184e-06
111.5,-6.1948e-07
111.55,2.0114e-06
111.6,4.5352e-06
111.65,6.8187e-06
111.7,8.7415e-06
111.75,1.0202e-05
111.8,1.1124e-05
111.85,1.1458e-05
111.9,1.1188e-05
111.95,1.0328e-05
112,8.9229e-06
112.05,7.048e-06
112.1,4.8022e-06
112.15,2.3038e-06
112.2,-3.1513e-07
112.25,-2.9167e-06
112.3,-5.3639e-06
112.35,-7.5279e-06
112.4,-9.2949e-06
112.45,-1.0572e-05
112.5,-1.1292e-05
112.55,-1.1418e-05
112.6,-1.0944e-05
112.65,-9.8936e-06
112.7,-8.3235e-06
112.75,-6.3163e-06
112.8,-3.9777e-06
112.85,-1.4308e-06
112.9,1.1905e-06
112.95,3.7485e-06
113,6.1089e-06
113.05,8.1477e-06
113.1,9.7582e-06
113.15,1.0856e-05
113.2,1.1384e-05
113.25,1.1314e-05
113.3,1.0651e-05
113.35,9.4299e-06
113.4,7.7144e-06
113.45,5.595e-06
113.5,3.1831e-06
113.55,6.0513e-07
113.6,-2.0038e-06
113.65,-4.5069e-06
113.7,-6.7732e-06
113.75,-8.6842e-06
113.8,-1.014e-05
113.85,-1.1065e-05
113.9,-1.141e-05
113.95,-1.1159e-05
114,-1.0323e-05
114.05,-8.9486e-06
114.1,-7.1063e-06
114.15,-4.8932e-06
114.2,-2.4251e-06
114.25,1.6902e-07
114.3,2.7535e-06
114.35,5.1933e-06
114.4,7.3612e-06
114.45,9.144e-06
114.5,1.0449e-05
114.55,1.1208e-05
114.6,1.1382e-05
114.65,1.0963e-05
114.7,9.9711e-06
114.75,8.46e-06
114.8,6.5083e-06
114.85,4.218e-06
114.9,1.7085e-06
114.95,-8.8921e-07
115,-3.4398e-06
115.05,-5.8103e-06
115.1,-7.8776e-06
115.15,-9.534e-06
115.2,-1.0693e-05
115.25,-1.1296e-05
115.3,-1.1311e-05
115.35,-1.0737e-05
115.4,-9.6046e-06
115.45,-7.9732e-06
115.5,-5.9277e-06
115.55,-3.5748e-06
115.6,-1.0368e-06
115.65,1.5543e-06
115.7,4.0638e-06
115.75,6.3613e-06
115.8,8.3278e-06
115.85,9.8611e-06
115.9,1.0882e-05
115.95,1.1338e-05
116,1.1205e-05
116.05,1.049e-05
116.1,9.2322e-06
116.15,7.4954e-06
116.2,5.3705e-06
116.25,2.9679e-06
116.3,4.1214e-07
116.35,-2.1641e-06
116.4,-4.6274e-06
116.45,-6.8501e-06
116.5,-8.7173e-06
116.55,-1.0132e-05
116.6,-1.1022e-05
116.65,-1.1341e-05
116.7,-1.1073e-05
116.75,-1.0232e-05
116.8,-8.8614e-06
116.85,-7.033e-06
116.9,-4.8415e-06
116.95,-2.4002e-06
117,1.6428e-07
117.05,2.7195e-06
117.1,5.1332e-06
117.15,7.2809e-06
117.2,9.0517e-06
117.25,1.0354e-05
117.3,1.1122e-05
117.35,1.1314e-05
117.4,1.0923e-05
117.45,9.9678e-06
117.5,8.4984e-06
117.55,6.591e-06
117.6,4.3441e-06
117.65,1.8739e-06
117.7,-6.9212e-07
117.75,-3.2216e-06
117.8,-5.5842e-06
117.85,-7.6581e-06
117.9,-9.3366e-06
117.95,-1.0533e-05
118,-1.1187e-05
118.05,-1.1264e-05
118.1,-1.0762e-05
118.15,-9.7046e-06
118.2,-8.1485e-06
118.25,-6.1734e-06
118.3,-3.8812e-06
118.35,-1.3901e-06
118.4,1.1717e-06
118.45,3.6723e-06
118.5,5.9833e-06
118.55,7.9858e-06
118.6,9.577e-06
118.65,1.0675e-05
118.7,1.1225e-05
118.75,1.1197e-05
118.8,1.0594e-05
118.85,9.4476e-06
118.9,7.8159e-06
118.95,5.7834e-06
119,3.4547e-06
119.05,9.4942e-07
119.1,-1.6037e-06
119.15,-4.0737e-06
119.2,-6.3339e-06
119.25,-8.2684e-06
119.3,-9.7781e-06
119.35,-1.0786e-05
119.4,-1.124e-05
119.45,-1.1118e-05
119.5,-1.0427e-05
119.55,-9.201e-06
119.6,-7.5042e-06
119.65,-5.4235e-06
119.7,-3.0658e-06
119.75,-5.5189e-07
119.8,1.9894e-06
119.85,4.428e-06
119.9,6.6392e-06
119.95,8.5098e-06
120,9.9443e-06
120.05,1.087e-05
120.1,1.1239e-05
120.15,1.1033e-05
120.2,1.0263e-05
120.25,8.9684e-06
120.3,7.2161e-06
120.35,5.0955e-06
120.4,2.7153e-06
120.45,1.9721e-07
120.5,-2.3301e-06
120.55,-4.7376e-06
120.6,-6.9022e-06
120.65,-8.7138e-06
120.7,-1.008e-05
120.75,-1.0931e-05
120.8,-1.1224e-05
120.85,-1.0944e-05
120.9,-1.0106e-05
120.95,-8.7529e-06
121,-6.9538e-06
121.05,-4.8007e-06
121.1,-2.4035e-06
121.15,1.1526e-07
121.2,2.6273e-06
121.25,5.0046e-06
121.3,7.1261e-06
121.35,8.8839e-06
121.4,1.0189e-05
121.45,1.0974e-05
121.5,1.12e-05
121.55,1.0856e-05
121.6,9.9598e-06
121.65,8.5568e-06
121.7,6.7189e-06
121.75,4.5397e-06
121.8,2.1305e-06
121.85,-3.8635e-07
121.9,-2.8826e-06
121.95,-5.2315e-06
122,-7.3136e-06
122.05,-9.0232e-06
122.1,-1.0274e-05
122.15,-1.1002e-05
122.2,-1.117e-05
122.25,-1.0772e-05
122.3,-9.8261e-06
122.35,-8.3819e-06
122.4,-6.5125e-06
122.45,-4.3132e-06
122.5,-1.8958e-06
122.55,6.1705e-07
122.6,3.0977e-06
122.65,5.4203e-06
122.7,7.4671e-06
122.75,9.1345e-06
122.8,1.0338e-05
122.85,1.1017e-05
122.9,1.1137e-05
122.95,1.0693e-05
123,9.707e-06
123.05,8.2295e-06
123.1,6.3355e-06
123.15,4.1212e-06
123.2,1.699e-06
123.25,-8.0839e-07
123.3,-3.274e-06
123.35,-5.5729e-06
123.4,-7.589e-06
123.45,-9.2203e-06
123.5,-1.0384e-05
123.55,-1.1023e-05
123.6,-1.1103e-05
123.65,-1.0622e-05
123.7,-9.604e-06
123.75,-8.1006e-06
123.8,-6.1882e-06
123.85,-3.9636e-06
123.9,-1.5395e-06
123.95,9.6148e-07
124,3.413e-06
124.05,5.6913e-06
124.1,7.6813e-06
124.15,9.2827e-06
124.2,1.0415e-05
124.25,1.102e-05
124.3,1.107e-05
124.35,1.056e-05
124.4,9.518e-06
124.45,7.9958e-06
124.5,6.0708e-06
124.55,3.8402e-06
124.6,1.4167e-06
124.65,-1.0774e-06
124.7,-3.5163e-06
124.75,-5.777e-06
124.8,-7.7457e-06
124.85,-9.3233e-06
124.9,-1.0431e-05
124.95,-1.1012e-05
125,-1.1038e-05
125.05,-1.0508e-05
125.1,-9.4496e-06
125.15,-7.9154e-06
125.2,-5.9831e-06
125.25,-3.7503e-06
125.3,-1.3296e-06
125.35,1.1572e-06
125.4,3.5849e-06
125.45,5.8314e-06
125.5,7.7837e-06
125.55,9.3437e-06
125.6,1.0433e-05
125.65,1.0998e-05
125.7,1.1009e-05
125.75,1.0467e-05
125.8,9.3993e-06
125.85,7.8593e-06
125.9,5.9249e-06
125.95,3.6935e-06
126,1.2774e-06
126.05,-1.202e-06
126.1,-3.6202e-06
126.15,-5.8557e-06
126.2,-7.7964e-06
126.25,-9.345e-06
126.3,-1.0424e-05
126.35,-1.0979e-05
126.4,-1.0984e-05
126.45,-1.0437e-05
126.5,-9.3669e-06
126.55,-7.8273e-06
126.6,-5.8956e-06
126.65,-3.6691e-06
126.7,-1.2593e-06
126.75,1.2127e-06
126.8,3.623e-06
126.85,5.8509e-06
126.9,7.7848e-06
126.95,9.3279e-06
127,1.0403e-05
127.05,1.0957e-05
127.1,1.0962e-05
127.15,1.0418e-05
127.2,9.3522e-06
127.25,7.8189e-06
127.3,5.8947e-06
127.35,3.6761e-06
127.4,1.2745e-06
127.45,-1.1901e-06
127.5,-3.5943e-06
127.55,-5.8178e-06
127.6,-7.7495e-06
127.65,-9.293e-06
127.7,-1.0371e-05
127.75,-1.0931e-05
127.8,-1.0943e-05
127.85,-1.0409e-05
127.9,-9.3547e-06
127.95,-7.8334e-06
128,-5.9212e-06
128.05,-3.7139e-06
128.1,-1.3218e-06
128.15,1.1353e-06
128.2,3.5349e-06
128.25,5.7572e-06
128.3,7.6912e-06
128.35,9.2406e-06
128.4,1.0328e-05
128.45,1.09e-05
128.5,1.0928e-05
128.55,1.041e-05
128.6,9.3737e-06
128.65,7.8699e-06
128.7,5.9742e-06
128.75,3.7812e-06
128.8,1.4006e-06
128.85,-1.049e-06
128.9,-3.4455e-06
128.95,-5.6694e-06
129,-7.6099e-06
129.05,-9.1706e-06
129.1,-1.0274e-05
129.15,-1.0865e-05
129.2,-1.0915e-05
129.25,-1.0421e-05
129.3,-9.408e-06
129.35,-7.9274e-06
129.4,-6.0526e-06
129.45,-3.8773e-06
129.5,-1.5098e-06
129.55,9.3204e-07
129.6,3.3266e-06
129.65,5.5548e-06
129.7,7.5058e-06
129.75,9.0828e-06
129.8,1.0208e-05
129.85,1.0824e-05
129.9,1.0903e-05
129.95,1.0439e-05
130,9.4567e-06
130.05,8.0046e-06
130.1,6.1553e-06
130.15,4.0009e-06
130.2,1.6484e-06
130.25,-7.8508e-07
130.3,-3.1787e-06
130.35,-5.4136e-06
130.4,-7.3788e-06
130.45,-8.977e-06
130.5,-1.0129e-05
130.55,-1.0778e-05
130.6,-1.0891e-05
130.65,-1.0464e-05
130.7,-9.5182e-06
130.75,-8.1003e-06
130.8,-6.281e-06
130.85,-4.1508e-06
130.9,-1.8155e-06
130.95,6.089e-07
131,3.0023e-06
131.05,5.2459e-06
131.1,7.2287e-06
131.15,8.8525e-06
131.2,1.0037e-05
131.25,1.0724e-05
131.3,1.0879e-05
131.35,1.0495e-05
131.4,9.5911e-06
131.45,8.2127e-06
131.5,6.4281e-06
131.55,4.3258e-06
131.6,2.0101e-06
131.65,-4.0425e-07
131.7,-2.7977e-06
131.75,-5.0519e-06
131.8,-7.0552e-06
131.85,-8.7086e-06
131.9,-9.9306e-06
131.95,-1.0661e-05
132,-1.0864e-05
132.05,-1.0529e-05
132.1,-9.6736e-06
132.15,-8.3403e-06
132.2,-6.5951e-06
132.25,-4.5245e-06
132.3,-2.231e-06
132.35,1.7189e-07
132.4,2.5654e-06
132.45,4.8313e-06
132.5,6.8577e-06
132.55,8.5446e-06
132.6,9.8088e-06
132.65,1.0588e-05
132.7,1.0844e-05
132.75,1.0565e-05
132.8,9.7638e-06
132.85,8.4811e-06
132.9,6.7803e-06
132.95,4.7454e-06
133,2.4771e-06
133.05,8.7375e-08
133.1,-2.3058e-06
133.15,-4.5843e-06
133.2,-6.6359e-06
133.25,-8.3594e-06
133.3,-9.6701e-06
133.35,-1.0503e-05
133.4,-1.0819e-05
133.45,-1.06e-05
133.5,-9.8596e-06
133.55,-8.6332e-06
133.6,-6.9818e-06
133.65,-4.9869e-06
133.7,-2.747e-06
133.75,-3.7267e-07
133.8,2.0192e-06
133.85,4.3107e-06
133.9,6.3891e-06
133.95,8.1522e-06
134,9.5132e-06
134.05,1.0405e-05
134.1,1.0785e-05
134.15,1.0634e-05
134.2,9.9589e-06
134.25,8.7944e-06
134.3,7.1976e-06
134.35,5.2473e-06
134.4,3.0395e-06
134.45,6.8304e-07
134.5,-1.7062e-06
134.55,-4.0106e-06
134.6,-6.117e-06
134.65,-7.9218e-06
134.7,-9.3366e-06
134.75,-1.0292e-05
134.8,-1.0741e-05
134.85,-1.0662e-05
134.9,-1.0059e-05
134.95,-8.9624e-06
135,-7.4256e-06
135.05,-5.5246e-06
135.1,-3.3529e-06
135.15,-1.0174e-06
135.2,1.3672e-06
135.25,3.6839e-06
135.3,5.8188e-06
135.35,7.6673e-06
135.4,9.1388e-06
135.45,1.0161e-05
135.5,1.0685e-05
135.55,1.0683e-05
135.6,1.0158e-05
135.65,9.1347e-06
135.7,7.6635e-06
135.75,5.8169e-06
135.8,3.6857e-06
135.85,1.3746e-06
135.9,-1.0031e-06
135.95,-3.3307e-06
136,-5.4942e-06
136.05,-7.3877e-06
136.1,-8.9183e-06
136.15,-1.0011e-05
136.2,-1.0613e-05
136.25,-1.0695e-05
136.3,-1.0253e-05
136.35,-9.3086e-06
136.4,-7.9087e-06
136.45,-6.122e-06
136.5,-4.0361e-06
136.55,-1.7533e-06
136.6,6.1449e-07
136.65,2.9513e-06
136.7,5.1429e-06
136.75,7.0819e-06
136.8,8.6736e-06
136.85,9.8403e-06
136.9,1.0525e-05
136.95,1.0695e-05
137,1.0341e-05
137.05,9.4816e-06
137.1,8.1588e-06
137.15,6.4375e-06
137.2,4.402e-06
137.25,2.152e-06
137.3,-2.0242e-07
137.35,-2.5461e-06
137.4,-4.7644e-06
137.45,-6.7491e-06
137.5,-8.4032e-06
137.55,-9.6461e-06
137.6,-1.0417e-05
137.65,-1.0679e-05
137.7,-1.0419e-05
137.75,-9.6506e-06
137.8,-8.4108e-06
137.85,-6.7608e-06
137.9,-4.7812e-06
137.95,-2.5689e-06
138,-2.32e-07
138.05,2.1154e-06
138.1,4.3587e-06
138.15,6.3884e-06
138.2,8.1057e-06
138.25,9.4268e-06
138.3,1.0287e-05
138.35,1.0646e-05
138.4,1.0485e-05
138.45,9.8126e-06
138.5,8.6619e-06
138.55,7.0893e-06
138.6,5.1715e-06
138.65,3.0023e-06
138.7,6.8744e-07
138.75,-1.6601e-06
138.8,-3.9258e-06
138.85,-5.9993e-06
138.9,-7.7798e-06
138.95,-9.1805e-06
139,-1.0133e-05
139.05,-1.0592e-05
139.1,-1.0535e-05
139.15,-9.9645e-06
139.2,-8.909e-06
139.25,-7.42e-06
139.3,-5.5702e-06
139.35,-3.4499e-06
139.4,-1.1623e-06
139.45,1.1809e-06
139.5,3.4659e-06
139.55,5.5813e-06
139.6,7.4244e-06
139.65,8.9054e-06
139.7,9.9527e-06
139.75,1.0515e-05
139.8,1.0566e-05
139.85,1.0103e-05
139.9,9.1488e-06
139.95,7.7498e-06
140,5.9745e-06
140.05,3.9094e-06
140.1,1.6549e-06
140.15,-6.7922e-07
140.2,-2.9795e-06
140.25,-5.1341e-06
140.3,-7.0384e-06
140.35,-8.6e-06
140.4,-9.7431e-06
140.45,-1.0412e-05
140.5,-1.0576e-05
140.55,-1.0225e-05
140.6,-9.3779e-06
140.65,-8.0756e-06
140.7,-6.3815e-06
140.75,-4.3782e-06
140.8,-2.1631e-06
140.85,1.563e-07
140.9,2.4673e-06
140.95,4.6576e-06
141,6.6211e-06
141.05,8.2625e-06
141.1,9.5024e-06
141.15,1.0281e-05
141.2,1.056e-05
141.25,1.0327e-05
141.3,9.5928e-06
141.35,8.3937e-06
141.4,6.7879e-06
141.45,4.8536e-06
141.5,2.6845e-06
141.55,3.8612e-07
141.6,-1.9302e-06
141.65,-4.1521e-06
141.7,-6.1719e-06
141.75,-7.8919e-06
141.8,-9.2287e-06
141.85,-1.0118e-05
141.9,-1.0516e-05
141.95,-1.0405e-05
142,-9.79e-06
142.05,-8.7007e-06
142.1,-7.1904e-06
142.15,-5.3323e-06
142.2,-3.2167e-06
142.25,-9.4603e-07
142.3,1.3696e-06
142.35,3.6181e-06
142.4,5.6906e-06
142.45,7.4869e-06
142.5,8.9201e-06
142.55,9.9211e-06
142.6,1.0442e-05
142.65,1.0457e-05
142.7,9.9657e-06
142.75,8.9928e-06
142.8,7.5851e-06
142.85,5.8111e-06
142.9,3.7566e-06
142.95,1.5211e-06
143,-7.8707e-07
143.05,-3.0564e-06
143.1,-5.1771e-06
143.15,-7.0467e-06
143.2,-8.575e-06
143.25,-9.6883e-06
143.3,-1.0333e-05
143.35,-1.0478e-05
143.4,-1.0116e-05
143.45,-9.2661e-06
143.5,-7.9684e-06
143.55,-6.2863e-06
143.6,-4.3011e-06
143.65,-2.1088e-06
143.7,1.8459e-07
143.75,2.4682e-06
143.8,4.6318e-06
143.85,6.571e-06
143.9,8.1921e-06
143.95,9.4172e-06
144,1.0187e-05
144.05,1.0465e-05
144.1,1.0238e-05
144.15,9.5166e-06
144.2,8.3363e-06
144.25,6.7541e-06
144.3,4.8466e-06
144.35,2.706e-06
144.4,4.3553e-07
144.45,-1.8551e-06
144.5,-4.0554e-06
144.55,-6.0594e-06
144.6,-7.7704e-06
144.65,-9.106e-06
144.7,-1.0002e-05
144.75,-1.0416e-05
144.8,-1.0327e-05
144.85,-9.7404e-06
144.9,-8.6846e-06
144.95,-7.2105e-06
145,-5.3895e-06
145.05,-3.3094e-06
145.1,-1.0706e-06
145.15,1.219e-06
145.2,3.4491e-06
145.25,5.5121e-06
145.3,7.309e-06
145.35,8.7531e-06
145.4,9.7752e-06
145.45,1.0326e-05
145.5,1.038e-05
145.55,9.9334e-06
145.6,9.009e-06
145.65,7.6512e-06
145.7,5.9256e-06
145.75,3.9154e-06
145.8,1.7175e-06
145.85,-5.623e-07
145.9,-2.8142e-06
145.95,-4.9299e-06
146,-6.8077e-06
146.05,-8.3572e-06
146.1,-9.5042e-06
146.15,-1.0194e-05
146.2,-1.0392e-05
146.25,-1.0091e-05
146.3,-9.3052e-06
146.35,-8.0718e-06
146.4,-6.4507e-06
146.45,-4.5201e-06
146.5,-2.3728e-06
146.55,-1.1226e-07
146.6,2.1529e-06
146.65,4.3137e-06
146.7,6.2665e-06
146.75,7.9174e-06
146.8,9.1873e-06
146.85,1.0015e-05
146.9,1.0362e-05
146.95,1.0211e-05
147,9.5688e-06
147.05,8.4676e-06
147.1,6.9602e-06
147.15,5.119e-06
147.2,3.0327e-06
147.25,8.0146e-07
147.3,-1.4674e-06
147.35,-3.6651e-06
147.4,-5.686e-06
147.45,-7.4333e-06
147.5,-8.8231e-06
147.55,-9.789e-06
147.6,-1.0285e-05
147.65,-1.0287e-05
147.7,-9.7954e-06
147.75,-8.8341e-06
147.8,-7.4493e-06
147.85,-5.7077e-06
147.9,-3.6929e-06
147.95,-1.5017e-06
148,7.6079e-07
148.05,2.986e-06
148.1,5.0671e-06
148.15,6.9046e-06
148.2,8.4104e-06
148.25,9.5125e-06
148.3,1.0158e-05
148.35,1.0317e-05
148.4,9.9806e-06
148.45,9.1664e-06
148.5,7.9132e-06
148.55,6.2812e-06
148.6,4.3488e-06
148.65,2.2088e-06
148.7,-3.6287e-08
148.75,-2.2789e-06
148.8,-4.4115e-06
148.85,-6.332e-06
148.9,-7.9486e-06
148.95,-9.184e-06
149,-9.9792e-06
149.05,-1.0296e-05
149.1,-1.012e-05
149.15,-9.4598e-06
149.2,-8.3467e-06
149.25,-6.8345e-06
149.3,-4.9957e-06
149.35,-2.9184e-06
149.4,-7.0222e-07
149.45,1.5468e-06
149.5,3.721e-06
149.55,5.7164e-06
149.6,7.4376e-06
149.65,8.8024e-06
149.7,9.7457e-06
149.75,1.0222e-05
149.8,1.021e-05
149.85,9.7095e-06
149.9,8.7448e-06
149.95,7.3622e-06
150,5.6281e-06
150.05,3.6256e-06
150.1,1.4504e-06
150.15,-7.933e-07
150.2,-2.9983e-06
150.25,-5.0593e-06
150.3,-6.8777e-06
150.35,-8.3668e-06
150.4,-9.4556e-06
150.45,-1.0092e-05
150.5,-1.0246e-05
150.55,-9.9109e-06
150.6,-9.1022e-06
150.65,-7.859e-06
150.7,-6.2408e-06
150.75,-4.3251e-06
150.8,-2.2036e-06
150.85,2.2471e-08
150.9,2.2466e-06
150.95,4.3628e-06
151,6.2699e-06
151.05,7.877e-06
151.1,9.1075e-06
151.15,9.9028e-06
151.2,1.0225e-05
151.25,1.006e-05
151.3,9.4139e-06
151.35,8.3192e-06
151.4,6.8279e-06
151.45,5.0114e-06
151.5,2.9564e-06
151.55,7.6112e-07
151.6,-1.4697e-06
151.65,-3.6296e-06
151.7,-5.6157e-06
151.75,-7.3332e-06
151.8,-8.7005e-06
151.85,-9.6523e-06
151.9,-1.0144e-05
151.95,-1.0151e-05
152,-9.6747e-06
152.05,-8.7372e-06
152.1,-7.3836e-06
152.15,-5.6785e-06
152.2,-3.7033e-06
152.25,-1.5524e-06
152.3,6.718e-07
152.35,2.8632e-06
152.4,4.9174e-06
152.45,6.7366e-06
152.5,8.2342e-06
152.55,9.339e-06
152.6,9.9986e-06
152.65,1.0182e-05
152.7,9.8799e-06
152.75,9.1076e-06
152.8,7.9018e-06
152.85,6.3203e-06
152.9,4.4383e-06
152.95,2.3457e-06
153,1.4214e-07
153.05,-2.0674e-06
153.1,-4.1778e-06
153.15,-6.0886e-06
153.2,-7.7089e-06
153.25,-8.9618e-06
153.3,-9.7878e-06
153.35,-1.0148e-05
153.4,-1.0025e-05
153.45,-9.4248e-06
153.5,-8.3767e-06
153.55,-6.9304e-06
153.6,-5.155e-06
153.65,-3.1351e-06
153.7,-9.6668e-07
153.75,1.2469e-06
153.8,3.4005e-06
153.85,5.3915e-06
153.9,7.1256e-06
153.95,8.5202e-06
154,9.5093e-06
154.05,1.0046e-05
154.1,1.0105e-05
154.15,9.6835e-06
154.2,8.802e-06
154.25,7.5025e-06
154.3,5.8469e-06
154.35,3.914e-06
154.4,1.7958e-06
154.45,-4.0694e-07
154.5,-2.5896e-06
154.55,-4.6485e-06
154.6,-6.4859e-06
154.65,-8.0145e-06
154.7,-9.162e-06
154.75,-9.8739e-06
154.8,-1.0117e-05
154.85,-9.8788e-06
154.9,-9.172e-06
154.95,-8.03e-06
155,-6.5071e-06
155.05,-4.6758e-06
155.1,-2.6231e-06
155.15,-4.4669e-07
155.2,1.7502e-06
155.25,3.8633e-06
155.3,5.7923e-06
155.35,7.4457e-06
155.4,8.7452e-06
155.45,9.6294e-06
155.5,1.0056e-05
155.55,1.0006e-05
155.6,9.481e-06
155.65,8.5064e-06
155.7,7.1286e-06
155.75,5.4132e-06
155.8,3.4417e-06
155.85,1.3076e-06
155.9,-8.8778e-07
155.95,-3.0403e-06
156,-5.0479e-06
156.05,-6.8155e-06
156.1,-8.2593e-06
156.15,-9.3111e-06
156.2,-9.9211e-06
156.25,-1.0061e-05
156.3,-9.7233e-06
156.35,-8.9253e-06
156.4,-7.7045e-06
156.45,-6.119e-06
156.5,-4.2441e-06
156.55,-2.1688e-06
156.6,8.5952e-09
156.65,2.1848e-06
156.7,4.2568e-06
156.75,6.1264e-06
156.8,7.7052e-06
156.85,8.9185e-06
156.9,9.7089e-06
156.95,1.0039e-05
157,9.8942e-06
157.05,9.2805e-06
157.1,8.2277e-06
157.15,6.7857e-06
157.2,5.0229e-06
157.25,3.0229e-06
157.3,8.8051e-07
157.35,-1.3028e-06
157.4,-3.4238e-06
157.45,-5.3819e-06
157.5,-7.0847e-06
157.55,-8.4516e-06
157.6,-9.4181e-06
157.65,-9.9387e-06
157.7,-9.9888e-06
157.75,-9.5663e-06
157.8,-8.6914e-06
157.85,-7.4057e-06
157.9,-5.7701e-06
157.95,-3.8621e-06
158,-1.7721e-06
158.05,4.0099e-07
158.1,2.5544e-06
158.15,4.5862e-06
158.2,6.4005e-06
158.25,7.9116e-06
158.3,9.048e-06
158.35,9.7564e-06
158.4,1.0003e-05
158.45,9.7772e-06
158.5,9.089e-06
158.55,7.9715e-06
158.6,6.4777e-06
158.65,4.6782e-06
158.7,2.6582e-06
158.75,5.1338e-07
158.8,-1.655e-06
158.85,-3.7445e-06
158.9,-5.6563e-06
158.95,-7.3003e-06
159,-8.5988e-06
159.05,-9.4907e-06
159.1,-9.9341e-06
159.15,-9.9081e-06
159.2,-9.4142e-06
159.25,-8.4759e-06
159.3,-7.1376e-06
159.35,-5.4628e-06
159.4,-3.5306e-06
159.45,-1.4323e-06
159.5,7.328e-07
159.55,2.8626e-06
159.6,4.8566e-06
159.65,6.6206e-06
159.7,8.0715e-06
159.75,9.1411e-06
159.8,9.7788e-06
159.85,9.9548e-06
159.9,9.6611e-06
159.95,8.9116e-06
160,7.7418e-06
160.05,6.2072e-06
160.1,4.3803e-06
160.15,2.3474e-06
160.2,2.0442e-07
160.25,-1.9475e-06
160.3,-4.0068e-06
160.35,-5.8764e-06
160.4,-7.4683e-06
160.45,-8.7074e-06
160.5,-9.5355e-06
160.55,-9.9138e-06
160.6,-9.8244e-06
160.65,-9.272e-06
160.7,-8.2825e-06
160.75,-6.903e-06
160.8,-5.1985e-06
160.85,-3.2496e-06
160.9,-1.1482e-06
160.95,1.0066e-06
161,3.1133e-06
161.05,5.0725e-06
161.1,6.7921e-06
161.15,8.191e-06
161.2,9.2035e-06
161.25,9.7821e-06
161.3,9.8996e-06
161.35,9.5508e-06
161.4,8.7521e-06
161.45,7.5415e-06
161.5,5.976e-06
161.55,4.1297e-06
161.6,2.0895e-06
161.65,-4.8481e-08
161.7,-2.1834e-06
161.75,-4.2148e-06
161.8,-6.0471e-06
161.85,-7.594e-06
161.9,-8.7829e-06
161.95,-9.558e-06
162,-9.8828e-06
162.05,-9.7424e-06
162.1,-9.1434e-06
162.15,-8.1143e-06
162.2,-6.7036e-06
162.25,-4.978e-06
162.3,-3.0187e-06
162.35,-9.1797e-07
162.4,1.2252e-06
162.45,3.31e-06
162.5,5.2384e-06
162.55,6.9197e-06
162.6,8.275e-06
162.65,9.2405e-06
162.7,9.771e-06
162.75,9.8419e-06
162.8,9.4498e-06
162.85,8.6134e-06
162.9,7.3722e-06
162.95,5.7848e-06
163,3.9259e-06
163.05,1.8831e-06
163.1,-2.4762e-07
163.15,-2.366e-06
163.2,-4.3724e-06
163.25,-6.1726e-06
163.3,-7.682e-06
163.35,-8.8299e-06
163.4,-9.5624e-06
163.45,-9.8452e-06
163.5,-9.6653e-06
163.55,-9.0312e-06
163.6,-7.9729e-06
163.65,-6.5404e-06
163.7,-4.801e-06
163.75,-2.8367e-06
163.8,-7.3977e-07
163.85,1.3912e-06
163.9,3.4562e-06
163.95,5.3581e-06
164,7.0077e-06
164.05,8.3276e-06
164.1,9.256e-06
164.15,9.7493e-06
164.2,9.7847e-06
164.25,9.3607e-06
164.3,8.4972e-06
164.35,7.2351e-06
164.4,5.6337e-06
164.45,3.7683e-06
164.5,1.7267e-06
164.55,-3.9532e-07
164.6,-2.4981e-06
164.65,-4.4829e-06
164.7,-6.2566e-06
164.75,-7.7361e-06
164.8,-8.8521e-06
164.85,-9.5523e-06
164.9,-9.804e-06
164.95,-9.5956e-06
165,-8.9371e-06
165.05,-7.8595e-06
165.1,-6.4135e-06
165.15,-4.6671e-06
165.2,-2.7024e-06
165.25,-6.1155e-07
165.3,1.5073e-06
165.35,3.5547e-06
165.4,5.4347e-06
165.45,7.0593e-06
165.5,8.3522e-06
165.55,9.2531e-06
165.6,9.7198e-06
165.65,9.7306e-06
165.7,9.2852e-06
165.75,8.4046e-06
165.8,7.1303e-06
165.85,5.5221e-06
165.9,3.6557e-06
165.95,1.6185e-06
166,-4.9387e-07
166.05,-2.5824e-06
166.1,-4.5492e-06
166.15,-6.3022e-06
166.2,-7.7593e-06
166.25,-8.8523e-06
166.3,-9.5301e-06
166.35,-9.7612e-06
166.4,-9.535e-06
166.45,-8.862e-06
166.5,-7.7742e-06
166.55,-6.3225e-06
166.6,-4.5752e-06
166.65,-2.6141e-06
166.7,-5.3128e-07
166.75,1.5758e-06
166.8,3.6083e-06
166.85,5.4712e-06
166.9,7.0773e-06
166.95,8.3515e-06
167,9.2342e-06
167.05,9.6843e-06
167.1,9.6808e-06
167.15,9.2241e-06
167.2,8.3358e-06
167.25,7.0575e-06
167.3,5.4494e-06
167.35,3.5866e-06
167.4,1.5567e-06
167.45,-5.455e-07
167.5,-2.6214e-06
167.55,-4.574e-06
167.6,-6.3119e-06
167.65,-7.7539e-06
167.7,-8.8327e-06
167.75,-9.4978e-06
167.8,-9.7183e-06
167.85,-9.4841e-06
167.9,-8.8063e-06
167.95,-7.7168e-06
168,-6.2667e-06
168.05,-4.524e-06
168.1,-2.5702e-06
168.15,-4.969e-07
168.2,1.599e-06
168.25,3.6194e-06
168.3,5.4699e-06
168.35,7.0641e-06
168.4,8.3274e-06
168.45,9.201e-06
168.5,9.6441e-06
168.55,9.6362e-06
168.6,9.1778e-06
168.65,8.2906e-06
168.7,7.0161e-06
168.75,5.4141e-06
168.8,3.5595e-06
168.85,1.5393e-06
168.9,-5.523e-07
168.95,-2.6174e-06
169,-4.5595e-06
169.05,-6.2879e-06
169.1,-7.7219e-06
169.15,-8.7947e-06
169.2,-9.4562e-06
169.25,-9.6757e-06
169.3,-9.4432e-06
169.35,-8.7696e-06
169.4,-7.6866e-06
169.45,-6.2449e-06
169.5,-4.512e-06
169.55,-2.5689e-06
169.6,-5.0645e-07
169.65,1.579e-06
169.7,3.59e-06
169.75,5.4327e-06
169.8,7.0211e-06
169.85,8.2812e-06
169.9,9.1542e-06
169.95,9.5996e-06
170,9.5967e-06
170.05,9.1457e-06
170.1,8.268e-06
170.15,7.0047e-06
170.2,5.4148e-06
170.25,3.5727e-06
170.3,1.5644e-06
170.35,-5.1623e-07
170.4,-2.5721e-06
170.45,-4.5072e-06
170.5,-6.2315e-06
170.55,-7.6643e-06
170.6,-8.7392e-06
170.65,-9.4059e-06
170.7,-9.6336e-06
170.75,-9.4118e-06
170.8,-8.751e-06
170.85,-7.6822e-06
170.9,-6.2554e-06
170.95,-4.5373e-06
171,-2.6082e-06
171.05,-5.5798e-07
171.1,1.5176e-06
171.15,3.5217e-06
171.2,5.3609e-06
171.25,6.9496e-06
171.3,8.2137e-06
171.35,9.0944e-06
171.4,9.5508e-06
171.45,9.5618e-06
171.5,9.1271e-06
171.55,8.267e-06
171.6,7.0218e-06
171.65,5.4497e-06
171.7,3.6241e-06
171.75,1.6301e-06
171.8,-4.3914e-07
171.85,-2.4873e-06
171.9,-4.4188e-06
171.95,-6.1439e-06
172,-7.582e-06
172.05,-8.6664e-06
172.1,-9.3467e-06
172.15,-9.5913e-06
172.2,-9.3889e-06
172.25,-8.7492e-06
172.3,-7.7021e-06
172.35,-6.2966e-06
172.4,-4.5982e-06
172.45,-2.6862e-06
172.5,-6.4963e-07
172.55,1.4165e-06
172.6,3.416e-06
172.65,5.2558e-06
172.7,6.8502e-06
172.75,8.1251e-06
172.8,9.0213e-06
172.85,9.4971e-06
172.9,9.5306e-06
172.95,9.1204e-06
173,8.2857e-06
173.05,7.0655e-06
173.1,5.5168e-06
173.15,3.7117e-06
173.2,1.7345e-06
173.25,-3.2279e-07
173.3,-2.3644e-06
173.35,-4.2954e-06
173.4,-6.0258e-06
173.45,-7.4752e-06
173.5,-8.5763e-06
173.55,-9.278e-06
173.6,-9.5477e-06
173.65,-9.3731e-06
173.7,-8.7625e-06
173.75,-7.7444e-06
173.8,-6.3663e-06
173.85,-4.6924e-06
173.9,-2.8008e-06
173.95,-7.7957e-07
174,1.2773e-06
174.05,3.2741e-06
174.1,5.118e-06
174.15,6.7233e-06
174.2,8.0154e-06
174.25,8.9343e-06
174.3,9.4375e-06
174.35,9.5016e-06
174.4,9.1239e-06
174.45,8.3221e-06
174.5,7.1336e-06
174.55,5.6139e-06
174.6,3.8336e-06
174.65,1.8757e-06
174.7,-1.6885e-07
174.75,-2.2049e-06
174.8,-4.1377e-06
174.85,-5.8777e-06
174.9,-7.3439e-06
174.95,-8.4683e-06
175,-9.1988e-06
175.05,-9.5015e-06
175.1,-9.3627e-06
175.15,-8.7888e-06
175.2,-7.8067e-06
175.25,-6.4621e-06
175.3,-4.8178e-06
175.35,-2.9501e-06
175.4,-9.4598e-07
175.45,1.1015e-06
175.5,3.0971e-06
175.55,4.9482e-06
175.6,6.5689e-06
175.65,7.884e-06
175.7,8.8325e-06
175.75,9.3704e-06
175.8,9.473e-06
175.85,9.1356e-06
175.9,8.374e-06
175.95,7.2239e-06
176,5.7386e-06
176.05,3.9874e-06
176.1,2.0515e-06
176.15,2.1067e-08
176.2,-2.0097e-06
176.25,-3.9466e-06
176.3,-5.6997e-06
176.35,-7.1876e-06
176.4,-8.3413e-06
176.45,-9.1076e-06
176.5,-9.4508e-06
176.55,-9.3553e-06
176.6,-8.8256e-06
176.65,-7.8865e-06
176.7,-6.5817e-06
176.75,-4.9719e-06
176.8,-3.1318e-06
176.85,-1.147e-06
176.9,8.9036e-07
176.95,2.8858e-06
177,4.7467e-06
177.05,6.3869e-06
177.1,7.7301e-06
177.15,8.7144e-06
177.2,9.2941e-06
177.25,9.4425e-06
177.3,9.1529e-06
177.35,8.4388e-06
177.4,7.3335e-06
177.45,5.8884e-06
177.5,4.1707e-06
177.55,2.2601e-06
177.6,2.4533e-07
177.65,-1.7802e-06
177.7,-3.7226e-06
177.75,-5.4917e-06
177.8,-7.0057e-06
177.85,-8.1943e-06
177.9,-9.0027e-06
177.95,-9.3935e-06
178,-9.3486e-06
178.05,-8.8704e-06
178.1,-7.9812e-06
178.15,-6.7223e-06
178.2,-5.1521e-06
178.25,-3.3437e-06
178.3,-1.3809e-06
178.35,6.4536e-07
178.4,2.641e-06
178.45,4.5137e-06
178.5,6.1766e-06
178.55,7.5528e-06
178.6,8.5786e-06
178.65,9.2066e-06
178.7,9.4078e-06
178.75,9.173e-06
178.8,8.5134e-06
178.85,7.4596e-06
178.9,6.0605e-06
178.95,4.3811e-06
179,2.4993e-06
179.05,5.0228e-07
179.1,-1.5174e-06
179.15,-3.4661e-06
179.2,-5.2537e-06
179.25,-6.7974e-06
179.3,-8.0258e-06
179.35,-8.8822e-06
179.4,-9.3271e-06
179.45,-9.3398e-06
179.5,-8.9201e-06
179.55,-8.0876e-06
179.6,-6.8808e-06
179.65,-5.3558e-06
179.7,-3.5833e-06
179.75,-1.6455e-06
179.8,3.6785e-07
179.85,2.3636e-06
179.9,4.2493e-06
179.95,5.9377e-06
180,7.3508e-06
180.05,8.4232e-06
180.1,9.1054e-06
180.15,9.366e-06
180.2,9.1931e-06
180.25,8.5948e-06
180.3,7.599e-06
180.35,6.2519e-06
180.4,4.6158e-06
180.45,2.7667e-06
180.5,7.9021e-07
180.55,-1.2223e-06
180.6,-3.1776e-06
180.65,-4.9853e-06
180.7,-6.5618e-06
180.75,-7.8343e-06
180.8,-8.744e-06
180.85,-9.249e-06
180.9,-9.326e-06
180.95,-8.9716e-06
181,-8.2024e-06
181.05,-7.0541e-06
181.1,-5.5799e-06
181.15,-3.8481e-06
181.2,-1.9389e-06
181.25,5.9327e-08
181.3,2.0542e-06
181.35,3.9535e-06
181.4,5.6695e-06
181.45,7.1228e-06
181.5,8.2463e-06
181.55,8.9882e-06
181.6,9.3144e-06
181.65,9.2099e-06
181.7,8.6797e-06
181.75,7.7485e-06
181.8,6.4594e-06
181.85,4.8721e-06
181.9,3.0601e-06
181.95,1.1073e-06
182,-8.9617e-07
182.05,-2.8576e-06
182.1,-4.6863e-06
182.15,-6.2979e-06
182.2,-7.618e-06
182.25,-8.5857e-06
182.3,-9.1564e-06
182.35,-9.3039e-06
182.4,-9.0214e-06
182.45,-8.3223e-06
182.5,-7.2389e-06
182.55,-5.8214e-06
182.6,-4.1354e-06
182.65,-2.2589e-06
182.7,-2.7863e-07
182.75,1.7139e-06
182.8,3.6267e-06
182.85,5.3713e-06
182.9,6.8674e-06
182.95,8.0458e-06
183,8.8524e-06
183.05,9.2498e-06
183.1,9.22e-06
183.15,8.7645e-06
183.2,7.9044e-06
183.25,6.6796e-06
183.3,5.1468e-06
183.35,3.3768e-06
183.4,1.4514e-06
183.45,-5.4036e-07
183.5,-2.5066e-06
183.55,-4.3565e-06
183.6,-6.0047e-06
183.65,-7.3753e-06
183.7,-8.405e-06
183.75,-9.0465e-06
183.8,-9.2702e-06
183.85,-9.066e-06
183.9,-8.4435e-06
183.95,-7.4315e-06
184,-6.0768e-06
184.05,-4.4421e-06
184.1,-2.603e-06
184.15,-6.4427e-07
184.2,1.3436e-06
184.25,3.2688e-06
184.3,5.0427e-06
184.35,6.5833e-06
184.4,7.8198e-06
184.45,8.6951e-06
184.5,9.1691e-06
184.55,9.2199e-06
184.6,8.8454e-06
184.65,8.0631e-06
184.7,6.909e-06
184.75,5.4366e-06
184.8,3.714e-06
184.85,1.8205e-06
184.9,-1.5632e-07
184.95,-2.1254e-06
185,-3.9958e-06
185.05,-5.6814e-06
185.1,-7.1045e-06
185.15,-8.1996e-06
185.2,-8.9162e-06
185.25,-9.2216e-06
185.3,-9.1017e-06
185.35,-8.5622e-06
185.4,-7.6281e-06
185.45,-6.3427e-06
185.5,-4.7652e-06
185.55,-2.9686e-06
185.6,-1.0356e-06
185.65,9.4449e-07
185.7,2.8805e-06
185.75,4.6831e-06
185.8,6.2693e-06
185.85,7.5661e-06
185.9,8.5139e-06
185.95,9.0689e-06
186,9.2059e-06
186.05,8.9187e-06
186.1,8.2205e-06
186.15,7.1437e-06
186.2,5.7382e-06
186.25,4.0686e-06
186.3,2.2121e-06
186.35,2.5422e-07
186.4,-1.7148e-06
186.45,-3.6042e-06
186.5,-5.327e-06
186.55,-6.8039e-06
186.6,-7.9669e-06
186.65,-8.7626e-06
186.7,-9.1544e-06
186.75,-9.1245e-06
186.8,-8.6744e-06
186.85,-7.8248e-06
186.9,-6.6151e-06
186.95,-5.1012e-06
187,-3.3528e-06
187.05,-1.4505e-06
187.1,5.1806e-07
187.15,2.4621e-06
187.2,4.2923e-06
187.25,5.9242e-06
187.3,7.2829e-06
187.35,8.3059e-06
187.4,8.9461e-06
187.45,9.1743e-06
187.5,8.9801e-06
187.55,8.3726e-06
187.6,7.3798e-06
187.65,6.0476e-06
187.7,4.4374e-06
187.75,2.6235e-06
187.8,6.8932e-07
187.85,-1.276e-06
187.9,-3.182e-06
187.95,-4.941e-06
188,-6.472e-06
188.05,-7.7048e-06
188.1,-8.5826e-06
188.15,-9.0653e-06
188.2,-9.1306e-06
188.25,-8.7758e-06
188.3,-8.0173e-06
188.35,-6.8902e-06
188.4,-5.4464e-06
188.45,-3.7524e-06
188.5,-1.8863e-06
188.55,6.5997e-08
188.6,2.0147e-06
188.65,3.8701e-06
188.7,5.547e-06
188.75,6.9682e-06
188.8,8.0685e-06
188.85,8.7973e-06
188.9,9.1213e-06
188.95,9.0257e-06
189,8.515e-06
189.05,7.6129e-06
189.1,6.3609e-06
189.15,4.8168e-06
189.2,3.0516e-06
189.25,1.1467e-06
189.3,-8.1044e-07
189.35,-2.7297e-06
189.4,-4.5229e-06
189.45,-6.1077e-06
189.5,-7.4111e-06
189.55,-8.3734e-06
189.6,-8.9505e-06
189.65,-9.116e-06
189.7,-8.8624e-06
189.75,-8.2014e-06
189.8,-7.1636e-06
189.85,-5.7969e-06
189.9,-4.1641e-06
189.95,-2.3404e-06
190,-4.0966e-07
190.05,1.5393e-06
190.1,3.417e-06
190.15,5.1371e-06
190.2,6.6206e-06
190.25,7.7994e-06
190.3,8.6195e-06
190.35,9.0432e-06
190.4,9.0513e-06
190.45,8.6435e-06
190.5,7.8387e-06
190.55,6.674e-06
190.6,5.2029e-06
190.65,3.4933e-06
190.7,1.6237e-06
190.75,-3.1992e-07
190.8,-2.2483e-06
190.85,-4.0728e-06
190.9,-5.7097e-06
190.95,-7.0839e-06
191,-8.1323e-06
191.05,-8.8068e-06
191.1,-9.0767e-06
191.15,-8.9296e-06
191.2,-8.3724e-06
191.25,-7.4309e-06
191.3,-6.1485e-06
191.35,-4.584e-06
191.4,-2.8095e-06
191.45,-9.0653e-07
191.5,1.0375e-06
191.55,2.9334e-06
191.6,4.694e-06
191.65,6.2385e-06
191.7,7.4962e-06
191.75,8.4094e-06
191.8,8.9362e-06
191.85,9.0527e-06
191.9,8.7535e-06
191.95,8.0526e-06
192,6.9822e-06
192.05,5.5917e-06
192.1,3.9449e-06
192.15,2.1175e-06
192.2,1.9343e-07
192.25,-1.7389e-06
192.3,-3.5909e-06
192.35,-5.2776e-06
192.4,-6.7215e-06
192.45,-7.8566e-06
192.5,-8.6308e-06
192.55,-9.0087e-06
192.6,-8.9732e-06
192.65,-8.5259e-06
192.7,-7.6875e-06
192.75,-6.4967e-06
192.8,-5.0081e-06
192.85,-3.2902e-06
192.9,-1.4218e-06
192.95,5.112e-07
193,2.4202e-06
193.05,4.2177e-06
193.1,5.8211e-06
193.15,7.1571e-06
193.2,8.1644e-06
193.25,8.7969e-06
193.3,9.0257e-06
193.35,8.8405e-06
193.4,8.2498e-06
193.45,7.281e-06
193.5,5.9785e-06
193.55,4.4023e-06
193.6,2.6246e-06
193.65,7.2705e-07
193.7,-1.2033e-06
193.75,-3.0779e-06
193.8,-4.8108e-06
193.85,-6.3226e-06
193.9,-7.5441e-06
193.95,-8.4193e-06
194,-8.9083e-06
194.05,-8.9887e-06
194.1,-8.657e-06
194.15,-7.9286e-06
194.2,-6.8368e-06
194.25,-5.432e-06
194.3,-3.7786e-06
194.35,-1.9524e-06
194.4,-3.73e-08
194.45,1.879e-06
194.5,3.7086e-06
194.55,5.3677e-06
194.6,6.7803e-06
194.65,7.8817e-06
194.7,8.6217e-06
194.75,8.9663e-06
194.8,8.8999e-06
194.85,8.4256e-06
194.9,7.5655e-06
194.95,6.3589e-06
195,4.8612e-06
195.05,3.1413e-06
195.1,1.2779e-06
195.15,-6.4344e-07
195.2,-2.5348e-06
195.25,-4.3095e-06
195.3,-5.8862e-06
195.35,-7.1928e-06
195.4,-8.1696e-06
195.45,-8.7718e-06
195.5,-8.972e-06
195.55,-8.7612e-06
195.6,-8.1491e-06
195.65,-7.164e-06
195.7,-5.851e-06
195.75,-4.2704e-06
195.8,-2.4947e-06
195.85,-6.0518e-07
195.9,1.3115e-06
195.95,3.1675e-06
196,4.878e-06
196.05,6.3645e-06
196.1,7.5593e-06
196.15,8.4075e-06
196.2,8.8705e-06
196.25,8.9272e-06
196.3,8.5751e-06
196.35,7.8306e-06
196.4,6.7277e-06
196.45,5.3171e-06
196.5,3.6635e-06
196.55,1.8427e-06
196.6,-6.2032e-08
196.65,-1.9633e-06
196.7,-3.7742e-06
196.75,-5.4118e-06
196.8,-6.8012e-06
196.85,-7.8789e-06
196.9,-8.5957e-06
196.95,-8.9188e-06
197,-8.8337e-06
197.05,-8.3442e-06
197.1,-7.473e-06
197.15,-6.2601e-06
197.2,-4.761e-06
197.25,-3.0445e-06
197.3,-1.1892e-06
197.35,7.2009e-07
197.4,2.5958e-06
197.45,4.3523e-06
197.5,5.9091e-06
197.55,7.1951e-06
197.6,8.1515e-06
197.65,8.7347e-06
197.7,8.9181e-06
197.75,8.6934e-06
197.8,8.0712e-06
197.85,7.0798e-06
197.9,5.7649e-06
197.95,4.1866e-06
198,2.4173e-06
198.05,5.3786e-07
198.1,-1.3656e-06
198.15,-3.2061e-06
198.2,-4.8994e-06
198.25,-6.3681e-06
198.3,-7.5452e-06
198.35,-8.3769e-06
198.4,-8.8252e-06
198.45,-8.8698e-06
198.5,-8.5088e-06
198.55,-7.7587e-06
198.6,-6.6541e-06
198.65,-5.2456e-06
198.7,-3.5975e-06
198.75,-1.7855e-06
198.8,1.0773e-07
198.85,1.9955e-06
198.9,3.7914e-06
198.95,5.4135e-06
199,6.7877e-06
199.05,7.8511e-06
199.1,8.5554e-06
199.15,8.8683e-06
199.2,8.7757e-06
199.25,8.282e-06
199.3,7.4099e-06
199.35,6.1993e-06
199.4,4.7057e-06
199.45,2.9974e-06
199.5,1.1526e-06
199.55,-7.4434e-07
199.6,-2.6067e-06
199.65,-4.3495e-06
199.7,-5.893e-06
199.75,-7.1667e-06
199.8,-8.1126e-06
199.85,-8.6874e-06
199.9,-8.8652e-06
199.95,-8.6378e-06
200,-8.0157e-06
200.05,-7.0276e-06
200.1,-5.7186e-06
200.15,-4.1488e-06
200.2,-2.3898e-06
200.25,-5.2213e-07
200.3,1.3689e-06
200.35,3.1968e-06
200.4,4.8782e-06
200.45,6.3362e-06
200.5,7.5044e-06
200.55,8.3295e-06
200.6,8.7738e-06
200.65,8.8173e-06
200.7,8.458e-06
200.75,7.7124e-06
200.8,6.6149e-06
200.85,5.2155e-06
200.9,3.5782e-06
200.95,1.7781e-06
201,-1.028e-07
201.05,-1.9784e-06
201.1,-3.7632e-06
201.15,-5.3756e-06
201.2,-6.7421e-06
201.25,-7.8004e-06
201.3,-8.5021e-06
201.35,-8.8155e-06
201.4,-8.7262e-06
201.45,-8.2386e-06
201.5,-7.3749e-06
201.55,-6.1747e-06
201.6,-4.693e-06
201.65,-2.9974e-06
201.7,-1.1655e-06
201.75,7.1915e-07
201.8,2.5704e-06
201.85,4.3039e-06
201.9,5.8403e-06
201.95,7.1098e-06
202,8.0544e-06
202.05,8.631e-06
202.1,8.8136e-06
202.15,8.5938e-06
202.2,7.9819e-06
202.25,7.0058e-06
202.3,5.7103e-06
202.35,4.1545e-06
202.4,2.4096e-06
202.45,5.5513e-07
202.5,-1.3241e-06
202.55,-3.1424e-06
202.6,-4.8168e-06
202.65,-6.2709e-06
202.7,-7.4385e-06
202.75,-8.2664e-06
202.8,-8.7168e-06
202.85,-8.7694e-06
202.9,-8.4219e-06
202.95,-7.6903e-06
203,-6.608e-06
203.05,-5.2245e-06
203.1,-3.6031e-06
203.15,-1.8177e-06
203.2,5.004e-08
203.25,1.915e-06
203.3,3.6921e-06
203.35,5.3003e-06
203.4,6.6663e-06
203.45,7.7279e-06
203.5,8.4366e-06
203.55,8.7604e-06
203.6,8.6845e-06
203.65,8.2126e-06
203.7,7.3663e-06
203.75,6.1842e-06
203.8,4.7205e-06
203.85,3.0418e-06
203.9,1.225e-06
203.95,-6.4725e-07
204,-2.4895e-06
204.05,-4.2176e-06
204.1,-5.753e-06
204.15,-7.0257e-06
204.2,-7.9776e-06
204.25,-8.5656e-06
204.3,-8.7628e-06
204.35,-8.5605e-06
204.4,-7.968e-06
204.45,-7.0124e-06
204.5,-5.7373e-06
204.55,-4.2011e-06
204.6,-2.4738e-06
204.65,-6.3413e-07
204.7,1.2339e-06
204.75,3.0452e-06
