0,0
0.05,0
0.1,0
0.15,0
0.2,0
0.25,0
0.3,0
0.35,0
0.4,0
0.45,0
0.5,0
0.55,0
0.6,0
0.65,0
0.7,0
0.75,0
0.8,0
0.85,0
0.9,0
0.95,0
1,0
1.05,0
1.1,0
1.15,0
1.2,0
1.25,0
1.3,0
1.35,0
1.4,0
1.45,0
1.5,0
1.55,0
1.6,0
1.65,0
1.7,0
1.75,0
1.8,0
1.85,0
1.9,0
1.95,0
2,0
2.05,0
2.1,0
2.15,0
2.2,0
2.25,0
2.3,0
2.35,0
2.4,0
2.45,0
2.5,0
2.55,0
2.6,0
2.65,0
2.7,0
2.75,0
2.8,0
2.85,0
2.9,0
2.95,0
3,0
3.05,0
3.1,0
3.15,0
3.2,0
3.25,0
3.3,0
3.35,0
3.4,0
3.45,0
3.5,0
3.55,0
3.6,0
3.65,0
3.7,0
3.75,0
3.8,0
3.85,0
3.9,0
3.95,0
4,0
4.05,0
4.1,0
4.15,0
4.2,0
4.25,0
4.3,0
4.35,0
4.4,0
4.45,0
4.5,0
4.55,0
4.6,0
4.65,0
4.7,0
4.75,0
4.8,0
4.85,0
4.9,0
4.95,0
5,0
5.05,0
5.1,0
5.15,0
5.2,0
5.25,0
5.3,0
5.35,0
5.4,0
5.45,0
5.5,0
5.55,0
5.6,0
5.65,0
5.7,0
5.75,0
5.8,0
5.85,0
5.9,0
5.95,0
6,0
6.05,0
6.1,0
6.15,0
6.2,0
6.25,0
6.3,0
6.35,0
6.4,0
6.45,0
6.5,0
6.55,0
6.6,0
6.65,0
6.7,0
6.75,0
6.8,0
6.85,0
6.9,0
6.95,0
7,0
7.05,0
7.1,0
7.15,0
7.2,0
7.25,0
7.3,0
7.35,0
7.4,0
7.45,0
7.5,0
7.55,0
7.6,0
7.65,0
7.7,0
7.75,0
7.8,0
7.85,0
7.9,0
7.95,0
8,0
8.05,0
8.1,0
8.15,0
8.2,0
8.25,0
8.3,0
8.35,0
8.4,0
8.45,0
8.5,0
8.55,0
8.6,0
8.65,0
8.7,0
8.75,0
8.8,0
8.85,0
8.9,0
8.95,0
9,0
9.05,0
9.1,0
9.15,0
9.2,0
9.25,0
9.3,0
9.35,0
9.4,0
9.45,0
9.5,0
9.55,0
9.6,0
9.65,0
9.7,0
9.75,0
9.8,0
9.85,0
9.9,0
9.95,0
10,0
10.05,0
10.1,0
10.15,0
10.2,0
10.25,0
10.3,0
10.35,0
10.4,0
10.45,0
10.5,0
10.55,0
10.6,0
10.65,0
10.7,0
10.75,0
10.8,0
10.85,0
10.9,0
10.95,0
11,0
11.05,0
11.1,0
11.15,0
11.2,0
11.25,0
11.3,0
11.35,0
11.4,0
11.45,0
11.5,0
11.55,0
11.6,0
11.65,0
11.7,0
11.75,0
11.8,0
11.85,0
11.9,0
11.95,0
12,0
12.05,0
12.1,0
12.15,0
12.2,0
12.25,0
12.3,0
12.35,0
12.4,0
12.45,0
12.5,0
12.55,0
12.6,0
12.65,0
12.7,0
12.75,0
12.8,0
12.85,0
12.9,0
12.95,0
13,0
13.05,0
13.1,0
13.15,0
13.2,0
13.25,0
13.3,0
13.35,0
13.4,0
13.45,0
13.5,0
13.55,0
13.6,0
13.65,0
13.7,0
13.75,0
13.8,0
13.85,0
13.9,0
13.95,0
14,0
14.05,0
14.1,0
14.15,0
14.2,0
14.25,0
14.3,0
14.35,0
14.4,0
14.45,0
14.5,0
14.55,0
14.6,0
14.65,0
14.7,0
14.75,0
14.8,0
14.85,0
14.9,0
14.95,0
15,0
15.05,0
15.1,0
15.15,0
15.2,0
15.25,0
15.3,0
15.35,0
15.4,0
15.45,0
15.5,0
15.55,0
15.6,0
15.65,0
15.7,0
15.75,0
15.8,0
15.85,0
15.9,0
15.95,0
16,0
16.05,0
16.1,0
16.15,0
16.2,0
16.25,0
16.3,0
16.35,0
16.4,0
16.45,0
16.5,0
16.55,0
16.6,0
16.65,0
16.7,0
16.75,0
16.8,0
16.85,0
16.9,0
16.95,0
17,0
17.05,0
17.1,0
17.15,0
17.2,0
17.25,0
17.3,0
17.35,0
17.4,0
17.45,0
17.5,0
17.55,0
17.6,0
17.65,0
17.7,0
17.75,0
17.8,0
17.85,0
17.9,0
17.95,0
18,0
18.05,0
18.1,0
18.15,0
18.2,0
18.25,0
18.3,0
18.35,0
18.4,0
18.45,0
18.5,0
18.55,0
18.6,0
18.65,0
18.7,0
18.75,0
18.8,0
18.85,0
18.9,0
18.95,0
19,0
19.05,0
19.1,0
19.15,0
19.2,0
19.25,0
19.3,0
19.35,0
19.4,0
19.45,0
19.5,0
19.55,0
19.6,0
19.65,0
19.7,0
19.75,0
19.8,0
19.85,0
19.9,0
19.95,0
20,0
20.05,0
20.1,0
20.15,0
20.2,0
20.25,0
20.3,0
20.35,0
20.4,0
20.45,0
20.5,0
20.55,0
20.6,0
20.65,0
20.7,0
20.75,0
20.8,0
20.85,0
20.9,0
20.95,0
21,0
21.05,0
21.1,0
21.15,0
21.2,0
21.25,0
21.3,0
21.35,0
21.4,0
21.45,0
21.5,0
21.55,0
21.6,0
21.65,0
21.7,0
21.75,0
21.8,0
21.85,0
21.9,0
21.95,0
22,0
22.05,-4.8547e-06
22.1,1.4424e-05
22.15,1.1766e-05
22.2,7.0063e-06
22.25,-2.6067e-07
22.3,-4.8346e-06
22.35,-1.0979e-05
22.4,-1.4347e-05
22.45,-1.568e-05
22.5,-1.5804e-05
22.55,-1.2333e-05
22.6,-8.4096e-06
22.65,-2.6833e-06
22.7,3.4391e-06
22.75,8.3615e-06
22.8,1.3038e-05
22.85,1.4983e-05
22.9,1.5301e-05
22.95,1.3504e-05
23,9.3343e-06
23.05,4.6041e-06
23.1,-1.4482e-06
23.15,-6.8627e-06
23.2,-1.1328e-05
23.25,-1.4566e-05
23.3,-1.5201e-05
23.35,-1.4325e-05
23.4,-1.1088e-05
23.45,-6.4214e-06
23.5,-1.1435e-06
23.55,4.7187e-06
23.6,9.3829e-06
23.65,1.3108e-05
23.7,1.4865e-05
23.75,1.4422e-05
23.8,1.2351e-05
23.85,8.1442e-06
23.9,3.2185e-06
23.95,-2.3241e-06
24,-7.5688e-06
24.05,-1.1496e-05
24.1,-1.4217e-05
24.15,-1.4611e-05
24.2,-1.3264e-05
24.25,-1.007e-05
24.3,-5.3693e-06
24.35,-2.7375e-07
24.4,5.1791e-06
24.45,9.6072e-06
24.5,1.2838e-05
24.55,1.4357e-05
24.6,1.3701e-05
24.65,1.15e-05
24.7,7.4473e-06
24.75,2.6147e-06
24.8,-2.5981e-06
24.85,-7.5482e-06
24.9,-1.1214e-05
24.95,-1.3643e-05
25,-1.397e-05
25.05,-1.2564e-05
25.1,-9.4848e-06
25.15,-5.0063e-06
25.2,-1.2869e-07
25.25,5.001e-06
25.3,9.2151e-06
25.35,1.227e-05
25.4,1.37e-05
25.45,1.313e-05
25.5,1.1044e-05
25.55,7.2544e-06
25.6,2.703e-06
25.65,-2.2585e-06
25.7,-6.9401e-06
25.75,-1.0515e-05
25.8,-1.2896e-05
25.85,-1.333e-05
25.9,-1.2165e-05
25.95,-9.3314e-06
26,-5.2369e-06
26.05,-6.2488e-07
26.1,4.2433e-06
26.15,8.3095e-06
26.2,1.1413e-05
26.25,1.2921e-05
26.3,1.2685e-05
26.35,1.0909e-05
26.4,7.5251e-06
26.45,3.3736e-06
26.5,-1.355e-06
26.55,-5.7912e-06
26.6,-9.4318e-06
26.65,-1.1917e-05
26.7,-1.2667e-05
26.75,-1.1949e-05
26.8,-9.5139e-06
26.85,-5.9642e-06
26.9,-1.643e-06
26.95,2.9256e-06
27,6.9461e-06
27.05,1.0209e-05
27.1,1.1955e-05
27.15,1.2268e-05
27.2,1.0932e-05
27.25,8.1707e-06
27.3,4.4689e-06
27.35,6.8767e-08
27.4,-4.1435e-06
27.45,-7.9404e-06
27.5,-1.0592e-05
27.55,-1.1892e-05
27.6,-1.1703e-05
27.65,-9.9073e-06
27.7,-7.0042e-06
27.75,-3.0728e-06
27.8,1.0914e-06
27.85,5.1621e-06
27.9,8.5297e-06
27.95,1.0728e-05
28,1.1652e-05
28.05,1.0944e-05
28.1,8.9937e-06
28.15,5.7962e-06
28.2,1.959e-06
28.25,-2.108e-06
28.3,-5.9272e-06
28.35,-8.8657e-06
28.4,-1.0793e-05
28.45,-1.1205e-05
28.5,-1.0319e-05
28.55,-8.0645e-06
28.6,-4.8348e-06
28.65,-1.0609e-06
28.7,2.9002e-06
28.75,6.3448e-06
28.8,9.0944e-06
28.85,1.0563e-05
28.9,1.0782e-05
28.95,9.6119e-06
29,7.237e-06
29.05,4.0411e-06
29.1,2.688e-07
29.15,-3.3853e-06
29.2,-6.7065e-06
29.25,-9.0664e-06
29.3,-1.0344e-05
29.35,-1.031e-05
29.4,-8.9704e-06
29.45,-6.6036e-06
29.5,-3.3419e-06
29.55,1.8868e-07
29.6,3.7728e-06
29.65,6.7702e-06
29.7,8.9601e-06
29.75,1.0014e-05
29.8,9.7972e-06
29.85,8.4464e-06
29.9,5.9778e-06
29.95,2.9061e-06
30,-5.9578e-07
30.05,-3.9064e-06
30.1,-6.7646e-06
30.15,-8.7514e-06
30.2,-9.6323e-06
30.25,-9.3877e-06
30.3,-7.9219e-06
30.35,-5.6057e-06
30.4,-2.5336e-06
30.45,7.2661e-07
30.5,3.9313e-06
30.55,6.5924e-06
30.6,8.4294e-06
30.65,9.2628e-06
30.7,8.9075e-06
30.75,7.5649e-06
30.8,5.2331e-06
30.85,2.3867e-06
30.9,-7.9491e-07
30.95,-3.7911e-06
31,-6.33e-06
31.05,-8.0864e-06
31.1,-8.8242e-06
31.15,-8.5582e-06
31.2,-7.198e-06
31.25,-5.08e-06
31.3,-2.2963e-06
31.35,6.5408e-07
31.4,3.5512e-06
31.45,5.9593e-06
31.5,7.6404e-06
31.55,8.4165e-06
31.6,8.1433e-06
31.65,6.9734e-06
31.7,4.9187e-06
31.75,2.3867e-06
31.8,-4.7249e-07
31.85,-3.1772e-06
31.9,-5.5249e-06
31.95,-7.1687e-06
32,-7.955e-06
32.05,-7.8201e-06
32.1,-6.7307e-06
32.15,-4.9254e-06
32.2,-2.4999e-06
32.25,1.1441e-07
32.3,2.7523e-06
32.35,4.9735e-06
32.4,6.6375e-06
32.45,7.4759e-06
32.5,7.4488e-06
32.55,6.5662e-06
32.6,4.9077e-06
32.65,2.747e-06
32.7,2.4218e-07
32.75,-2.1943e-06
32.8,-4.4103e-06
32.85,-6.0256e-06
32.9,-6.9823e-06
32.95,-7.0784e-06
33,-6.3928e-06
33.05,-4.9692e-06
33.1,-2.995e-06
33.15,-7.2561e-07
33.2,1.6272e-06
33.25,3.715e-06
33.3,5.4017e-06
33.35,6.3912e-06
33.4,6.6972e-06
33.45,6.1828e-06
33.5,5.0236e-06
33.55,3.2726e-06
33.6,1.2065e-06
33.65,-9.7964e-07
33.7,-3.02e-06
33.75,-4.6753e-06
33.8,-5.8029e-06
33.85,-6.2242e-06
33.9,-5.9826e-06
33.95,-5.0252e-06
34,-3.5708e-06
34.05,-1.6902e-06
34.1,3.0009e-07
34.15,2.2663e-06
34.2,3.91e-06
34.25,5.117e-06
34.3,5.7158e-06
34.35,5.6747e-06
34.4,5.0085e-06
34.45,3.7831e-06
34.5,2.1845e-06
34.55,3.4105e-07
34.6,-1.4693e-06
34.65,-3.1252e-06
34.7,-4.3629e-06
34.75,-5.1399e-06
34.8,-5.2951e-06
34.85,-4.9044e-06
34.9,-3.9483e-06
34.95,-2.6072e-06
35,-9.8456e-07
35.05,6.9838e-07
35.1,2.278e-06
35.15,3.5782e-06
35.2,4.4524e-06
35.25,4.8399e-06
35.3,4.6708e-06
35.35,4.025e-06
35.4,2.9257e-06
35.45,1.5663e-06
35.5,3.254e-08
35.55,-1.4359e-06
35.6,-2.7512e-06
35.65,-3.7072e-06
35.7,-4.2731e-06
35.75,-4.3385e-06
35.8,-3.9611e-06
35.85,-3.1475e-06
35.9,-2.0318e-06
35.95,-7.1547e-07
36,6.3985e-07
36.05,1.8927e-06
36.1,2.9177e-06
36.15,3.5955e-06
36.2,3.8877e-06
36.25,3.7416e-06
36.3,3.2229e-06
36.35,2.354e-06
36.4,1.2839e-06
36.45,8.2414e-08
36.5,-1.0685e-06
36.55,-2.0999e-06
36.6,-2.8553e-06
36.65,-3.3131e-06
36.7,-3.3859e-06
36.75,-3.1238e-06
36.8,-2.522e-06
36.85,-1.6939e-06
36.9,-6.9835e-07
36.95,3.2379e-07
37,1.2907e-06
37.05,2.082e-06
37.1,2.6369e-06
37.15,2.8951e-06
37.2,2.8454e-06
37.25,2.5042e-06
37.3,1.9126e-06
37.35,1.1509e-06
37.4,2.9129e-07
37.45,-5.5637e-07
37.5,-1.3246e-06
37.55,-1.9147e-06
37.6,-2.2972e-06
37.65,-2.4153e-06
37.7,-2.2951e-06
37.75,-1.9315e-06
37.8,-1.4009e-06
37.85,-7.3705e-07
37.9,-4.2899e-08
37.95,6.372e-07
38,1.206e-06
38.05,1.6381e-06
38.1,1.8692e-06
38.15,1.9119e-06
38.2,1.7469e-06
38.25,1.4262e-06
38.3,9.6848e-07
38.35,4.5002e-07
38.4,-9.2905e-08
38.45,-5.8414e-07
38.5,-9.9447e-07
38.55,-1.2704e-06
38.6,-1.4079e-06
38.65,-1.3881e-06
38.7,-1.237e-06
38.75,-9.6784e-07
38.8,-6.2786e-07
38.85,-2.4788e-07
38.9,1.209e-07
38.95,4.49e-07
39,6.99e-07
39.05,8.5792e-07
39.1,9.1245e-07
39.15,8.7172e-07
39.2,7.4602e-07
39.25,5.6135e-07
39.3,3.4165e-07
39.35,1.1752e-07
39.4,-8.7421e-08
39.45,-2.5099e-07
39.5,-3.6131e-07
39.55,-4.1233e-07
39.6,-4.0796e-07
39.65,-3.5773e-07
39.7,-2.7716e-07
39.75,-1.8356e-07
39.8,-9.455e-08
39.85,-2.4706e-08
39.9,1.5915e-08
39.95,2.3366e-08
40,-1.6445e-13
40.05,-4.6001e-08
40.1,-1.0205e-07
40.15,-1.5321e-07
40.2,-1.8451e-07
40.25,-1.8353e-07
40.3,-1.4223e-07
40.35,-5.9005e-08
40.4,6.1433e-08
40.45,2.0704e-07
40.5,3.613e-07
40.55,5.0286e-07
40.6,6.1114e-07
40.65,6.6526e-07
40.7,6.518e-07
40.75,5.609e-07
40.8,3.9565e-07
40.85,1.6334e-07
40.9,-1.1375e-07
40.95,-4.1311e-07
41,-6.9909e-07
41.05,-9.4402e-07
41.1,-1.1113e-06
41.15,-1.1826e-06
41.2,-1.1344e-06
41.25,-9.7004e-07
41.3,-6.8841e-07
41.35,-3.1997e-07
41.4,1.1465e-07
41.45,5.633e-07
41.5,9.9411e-07
41.55,1.3479e-06
41.6,1.599e-06
41.65,1.6996e-06
41.7,1.6476e-06
41.75,1.4213e-06
41.8,1.0524e-06
41.85,5.4975e-07
41.9,-2.3383e-08
41.95,-6.3567e-07
42,-1.2068e-06
42.05,-1.7016e-06
42.1,-2.0449e-06
42.15,-2.2198e-06
42.2,-2.1779e-06
42.25,-1.9375e-06
42.3,-1.4895e-06
42.35,-8.9157e-07
42.4,-1.7211e-07
42.45,5.8294e-07
42.5,1.3237e-06
42.55,1.9597e-06
42.6,2.444e-06
42.65,2.7096e-06
42.7,2.7365e-06
42.75,2.5033e-06
42.8,2.0302e-06
42.85,1.3497e-06
42.9,5.1863e-07
42.95,-3.8609e-07
43,-1.2902e-06
43.05,-2.0975e-06
43.1,-2.7455e-06
43.15,-3.1496e-06
43.2,-3.2878e-06
43.25,-3.1136e-06
43.3,-2.6627e-06
43.35,-1.9376e-06
43.4,-1.0305e-06
43.45,1.4746e-08
43.5,1.0704e-06
43.55,2.0761e-06
43.6,2.9025e-06
43.65,3.5049e-06
43.7,3.7885e-06
43.75,3.7517e-06
43.8,3.3603e-06
43.85,2.6673e-06
43.9,1.7064e-06
43.95,5.7474e-07
44,-6.4017e-07
44.05,-1.8268e-06
44.1,-2.8747e-06
44.15,-3.6967e-06
44.2,-4.1972e-06
44.25,-4.3476e-06
44.3,-4.0981e-06
44.35,-3.496e-06
44.4,-2.55e-06
44.45,-1.3779e-06
44.5,-3.6526e-08
44.55,1.3149e-06
44.6,2.6003e-06
44.65,3.6626e-06
44.7,4.4432e-06
44.75,4.8321e-06
44.8,4.8181e-06
44.85,4.3714e-06
44.9,3.5386e-06
44.95,2.3792e-06
45,9.8569e-07
45.05,-5.1154e-07
45.1,-2.0057e-06
45.15,-3.3363e-06
45.2,-4.4218e-06
45.25,-5.1212e-06
45.3,-5.4136e-06
45.35,-5.2186e-06
45.4,-4.5937e-06
45.45,-3.5385e-06
45.5,-2.1814e-06
45.55,-5.9545e-07
45.6,1.055e-06
45.65,2.6513e-06
45.7,4.0447e-06
45.75,5.1119e-06
45.8,5.7695e-06
45.85,5.9312e-06
45.9,5.6099e-06
45.95,4.7836e-06
46,3.5635e-06
46.05,1.9957e-06
46.1,2.613e-07
46.15,-1.5468e-06
46.2,-3.2294e-06
46.25,-4.6832e-06
46.3,-5.7513e-06
46.35,-6.3581e-06
46.4,-6.4404e-06
46.45,-5.9763e-06
46.5,-5.0192e-06
46.55,-3.6088e-06
46.6,-1.9012e-06
46.65,1.581e-08
46.7,1.9301e-06
46.75,3.7379e-06
46.8,5.2346e-06
46.85,6.339e-06
46.9,6.9173e-06
46.95,6.9403e-06
47,6.3894e-06
47.05,5.2973e-06
47.1,3.7693e-06
47.15,1.8907e-06
47.2,-1.4157e-07
47.25,-2.2164e-06
47.3,-4.1064e-06
47.35,-5.712e-06
47.4,-6.8461e-06
47.45,-7.4547e-06
47.5,-7.4514e-06
47.55,-6.8452e-06
47.6,-5.681e-06
47.65,-4.0279e-06
47.7,-2.05e-06
47.75,1.4364e-07
47.8,2.3216e-06
47.85,4.3676e-06
47.9,6.0569e-06
47.95,7.3016e-06
48,7.9566e-06
48.05,7.9887e-06
48.1,7.3821e-06
48.15,6.1671e-06
48.2,4.465e-06
48.25,2.3622e-06
48.3,7.8162e-08
48.35,-2.2675e-06
48.4,-4.4285e-06
48.45,-6.2851e-06
48.5,-7.6457e-06
48.55,-8.4224e-06
48.6,-8.5438e-06
48.65,-7.9788e-06
48.7,-6.8e-06
48.75,-5.0457e-06
48.8,-2.9079e-06
48.85,-4.8913e-07
48.9,1.9644e-06
48.95,4.3092e-06
49,6.3281e-06
49.05,7.8732e-06
49.1,8.8287e-06
49.15,9.0858e-06
49.2,8.6653e-06
49.25,7.536e-06
49.3,5.8429e-06
49.35,3.6529e-06
49.4,1.1812e-06
49.45,-1.4161e-06
49.5,-3.9276e-06
49.55,-6.1477e-06
49.6,-7.9358e-06
49.65,-9.101e-06
49.7,-9.6094e-06
49.75,-9.3542e-06
49.8,-8.4062e-06
49.85,-6.7893e-06
49.9,-4.6461e-06
49.95,-2.1355e-06
50,5.7647e-07
50.05,3.2417e-06
50.1,5.7146e-06
50.15,7.7426e-06
50.2,9.2289e-06
50.25,1.0009e-05
50.3,1.0048e-05
50.35,9.3322e-06
50.4,7.8915e-06
50.45,5.8703e-06
50.5,3.3604e-06
50.55,6.1032e-07
50.6,-2.2356e-06
50.65,-4.9166e-06
50.7,-7.2591e-06
50.75,-9.0825e-06
50.8,-1.0225e-05
50.85,-1.0641e-05
50.9,-1.0237e-05
50.95,-9.1006e-06
51,-7.254e-06
51.05,-4.872e-06
51.1,-2.108e-06
51.15,8.4237e-07
51.2,3.7309e-06
51.25,6.3952e-06
51.3,8.5759e-06
51.35,1.0171e-05
51.4,1.101e-05
51.45,1.1056e-05
51.5,1.0298e-05
51.55,8.763e-06
51.6,6.6046e-06
51.65,3.9174e-06
51.7,9.5663e-07
51.75,-2.1176e-06
51.8,-5.0473e-06
51.85,-7.6285e-06
51.9,-9.69e-06
51.95,-1.1038e-05
52,-1.1628e-05
52.05,-1.1352e-05
52.1,-1.0279e-05
52.15,-8.4462e-06
52.2,-5.9918e-06
52.25,-3.1069e-06
52.3,4.6285e-08
52.35,3.1851e-06
52.4,6.1461e-06
52.45,8.665e-06
52.5,1.0591e-05
52.55,1.1779e-05
52.6,1.2118e-05
52.65,1.1625e-05
52.7,1.0273e-05
52.75,8.2117e-06
52.8,5.5382e-06
52.85,2.4609e-06
52.9,-7.9858e-07
52.95,-4.0441e-06
53,-6.9942e-06
53.05,-9.5001e-06
53.1,-1.133e-05
53.15,-1.2386e-05
53.2,-1.2584e-05
53.25,-1.1884e-05
53.3,-1.0377e-05
53.35,-8.1052e-06
53.4,-5.2822e-06
53.45,-2.0587e-06
53.5,1.3246e-06
53.55,4.6221e-06
53.6,7.6423e-06
53.65,1.012e-05
53.7,1.1939e-05
53.75,1.2924e-05
53.8,1.3027e-05
53.85,1.2243e-05
53.9,1.0589e-05
53.95,8.2273e-06
54,5.2593e-06
54.05,1.935e-06
54.1,-1.5464e-06
54.15,-4.9489e-06
54.2,-8.0096e-06
54.25,-1.0569e-05
54.3,-1.2392e-05
54.35,-1.3402e-05
54.4,-1.3499e-05
54.45,-1.267e-05
54.5,-1.1e-05
54.55,-8.5482e-06
54.6,-5.5327e-06
54.65,-2.1095e-06
54.7,1.4689e-06
54.75,4.9552e-06
54.8,8.1486e-06
54.85,1.0781e-05
54.9,1.2729e-05
54.95,1.3817e-05
55,1.3986e-05
55.05,1.3235e-05
55.1,1.157e-05
55.15,9.1546e-06
55.2,6.0943e-06
55.25,2.6249e-06
55.3,-1.031e-06
55.35,-4.6537e-06
55.4,-7.9581e-06
55.45,-1.0778e-05
55.5,-1.2879e-05
55.55,-1.4143e-05
55.6,-1.4491e-05
55.65,-1.3862e-05
55.7,-1.2346e-05
55.75,-9.9881e-06
55.8,-6.9759e-06
55.85,-3.4958e-06
55.9,2.4595e-07
55.95,3.9624e-06
56,7.4622e-06
56.05,1.0473e-05
56.1,1.2818e-05
56.15,1.435e-05
56.2,1.4934e-05
56.25,1.4577e-05
56.3,1.3252e-05
56.35,1.1072e-05
56.4,8.1729e-06
56.45,4.7144e-06
56.5,9.6313e-07
56.55,-2.8887e-06
56.6,-6.5582e-06
56.65,-9.8184e-06
56.7,-1.2478e-05
56.75,-1.4323e-05
56.8,-1.5283e-05
56.85,-1.5253e-05
56.9,-1.4249e-05
56.95,-1.2346e-05
57,-9.6246e-06
57.05,-6.304e-06
57.1,-2.5531e-06
57.15,1.3724e-06
57.2,5.2137e-06
57.25,8.762e-06
57.3,1.1746e-05
57.35,1.4015e-05
57.4,1.5405e-05
57.45,1.5818e-05
57.5,1.5258e-05
57.55,1.3712e-05
57.6,1.1316e-05
57.65,8.1977e-06
57.7,4.543e-06
57.75,6.1168e-07
57.8,-3.3951e-06
57.85,-7.1888e-06
57.9,-1.055e-05
57.95,-1.3278e-05
58,-1.5168e-05
58.05,-1.6145e-05
58.1,-1.6108e-05
58.15,-1.5073e-05
58.2,-1.3114e-05
58.25,-1.0316e-05
58.3,-6.8912e-06
58.35,-3.0175e-06
58.4,1.0576e-06
58.45,5.0667e-06
58.5,8.7997e-06
58.55,1.1986e-05
58.6,1.4456e-05
58.65,1.6055e-05
58.7,1.6659e-05
58.75,1.6269e-05
58.8,1.4867e-05
58.85,1.256e-05
58.9,9.488e-06
58.95,5.8108e-06
59,1.789e-06
59.05,-2.368e-06
59.1,-6.3938e-06
59.15,-1.0033e-05
59.2,-1.3097e-05
59.25,-1.5361e-05
59.3,-1.6714e-05
59.35,-1.7069e-05
59.4,-1.6381e-05
59.45,-1.4726e-05
59.5,-1.2166e-05
59.55,-8.8725e-06
59.6,-5.0464e-06
59.65,-8.8825e-07
59.7,3.317e-06
59.75,7.3476e-06
59.8,1.0954e-05
59.85,1.3906e-05
59.9,1.6057e-05
59.95,1.7246e-05
60,1.7419e-05
60.05,1.6568e-05
60.1,1.4716e-05
60.15,1.2006e-05
60.2,8.5685e-06
60.25,4.6134e-06
60.3,3.8836e-07
60.35,-3.8895e-06
60.4,-7.9368e-06
60.45,-1.1532e-05
60.5,-1.447e-05
60.55,-1.6551e-05
60.6,-1.7685e-05
60.65,-1.778e-05
60.7,-1.6832e-05
60.75,-1.4914e-05
60.8,-1.2104e-05
60.85,-8.5925e-06
60.9,-4.5723e-06
60.95,-2.6419e-07
61,4.0541e-06
61.05,8.1626e-06
61.1,1.1806e-05
61.15,1.4768e-05
61.2,1.6901e-05
61.25,1.8049e-05
61.3,1.8167e-05
61.35,1.7244e-05
61.4,1.5314e-05
61.45,1.2515e-05
61.5,8.9814e-06
61.55,4.9226e-06
61.6,5.8342e-07
61.65,-3.8153e-06
61.7,-7.9961e-06
61.75,-1.1732e-05
61.8,-1.4818e-05
61.85,-1.7054e-05
61.9,-1.8337e-05
61.95,-1.8579e-05
62,-1.7759e-05
62.05,-1.5946e-05
62.1,-1.3212e-05
62.15,-9.7294e-06
62.2,-5.695e-06
62.25,-1.3162e-06
62.3,3.1341e-06
62.35,7.4239e-06
62.4,1.1311e-05
62.45,1.456e-05
62.5,1.7012e-05
62.55,1.8511e-05
62.6,1.8972e-05
62.65,1.8385e-05
62.7,1.6757e-05
62.75,1.4198e-05
62.8,1.0844e-05
62.85,6.8674e-06
62.9,2.513e-06
62.95,-1.9977e-06
63,-6.4098e-06
63.05,-1.0466e-05
63.1,-1.3963e-05
63.15,-1.6689e-05
63.2,-1.8496e-05
63.25,-1.9296e-05
63.3,-1.9021e-05
63.35,-1.7705e-05
63.4,-1.5415e-05
63.45,-1.2262e-05
63.5,-8.4408e-06
63.55,-4.1423e-06
63.6,3.9462e-07
63.65,4.9096e-06
63.7,9.1767e-06
63.75,1.2946e-05
63.8,1.6013e-05
63.85,1.8224e-05
63.9,1.9437e-05
63.95,1.9601e-05
64,1.8703e-05
64.05,1.678e-05
64.1,1.3952e-05
64.15,1.036e-05
64.2,6.1966e-06
64.25,1.6996e-06
64.3,-2.9068e-06
64.35,-7.3624e-06
64.4,-1.1425e-05
64.45,-1.4891e-05
64.5,-1.7554e-05
64.55,-1.9281e-05
64.6,-1.9983e-05
64.65,-1.9607e-05
64.7,-1.8187e-05
64.75,-1.5792e-05
64.8,-1.2542e-05
64.85,-8.6263e-06
64.9,-4.2376e-06
64.95,3.8598e-07
65,4.9901e-06
65.05,9.3462e-06
65.1,1.321e-05
65.15,1.6377e-05
65.2,1.869e-05
65.25,2.0011e-05
65.3,2.0279e-05
65.35,1.9481e-05
65.4,1.7645e-05
65.45,1.4884e-05
65.5,1.1333e-05
65.55,7.1745e-06
65.6,2.6403e-06
65.65,-2.0456e-06
65.7,-6.6327e-06
65.75,-1.0874e-05
65.8,-1.4561e-05
65.85,-1.7489e-05
65.9,-1.9506e-05
65.95,-2.0516e-05
66,-2.0452e-05
66.05,-1.9325e-05
66.1,-1.7195e-05
66.15,-1.4161e-05
66.2,-1.0393e-05
66.25,-6.0793e-06
66.3,-1.4388e-06
66.35,3.2767e-06
66.4,7.8338e-06
66.45,1.1996e-05
66.5,1.5539e-05
66.55,1.8294e-05
66.6,2.0109e-05
66.65,2.0889e-05
66.7,2.0603e-05
66.75,1.9255e-05
66.8,1.6917e-05
66.85,1.3713e-05
66.9,9.798e-06
66.95,5.3784e-06
67,6.7979e-07
67.05,-4.0659e-06
67.1,-8.6064e-06
67.15,-1.2716e-05
67.2,-1.6188e-05
67.25,-1.8837e-05
67.3,-2.0537e-05
67.35,-2.1199e-05
67.4,-2.0782e-05
67.45,-1.9317e-05
67.5,-1.6872e-05
67.55,-1.3568e-05
67.6,-9.5796e-06
67.65,-5.099e-06
67.7,-3.5432e-07
67.75,4.4104e-06
67.8,8.9645e-06
67.85,1.3073e-05
67.9,1.6529e-05
67.95,1.9165e-05
68,2.0841e-05
68.05,2.1477e-05
68.1,2.1043e-05
68.15,1.9554e-05
68.2,1.7089e-05
68.25,1.3771e-05
68.3,9.7586e-06
68.35,5.2588e-06
68.4,4.9194e-07
68.45,-4.3087e-06
68.5,-8.8977e-06
68.55,-1.3053e-05
68.6,-1.6569e-05
68.65,-1.9266e-05
68.7,-2.1017e-05
68.75,-2.1733e-05
68.8,-2.1374e-05
68.85,-1.9965e-05
68.9,-1.757e-05
68.95,-1.4306e-05
69,-1.0338e-05
69.05,-5.8555e-06
69.1,-1.0797e-06
69.15,3.7516e-06
69.2,8.4081e-06
69.25,1.2658e-05
69.3,1.6293e-05
69.35,1.9139e-05
69.4,2.1054e-05
69.45,2.1943e-05
69.5,2.1769e-05
69.55,2.0533e-05
69.6,1.8298e-05
69.65,1.5174e-05
69.7,1.1308e-05
69.75,6.8907e-06
69.8,2.1363e-06
69.85,-2.7294e-06
69.9,-7.4663e-06
69.95,-1.1848e-05
70,-1.5665e-05
70.05,-1.8728e-05
70.1,-2.0894e-05
70.15,-2.2058e-05
70.2,-2.2161e-05
70.25,-2.1201e-05
70.3,-1.9224e-05
70.35,-1.632e-05
70.4,-1.2634e-05
70.45,-8.3399e-06
70.5,-3.6403e-06
70.55,1.2355e-06
70.6,6.0583e-06
70.65,1.0599e-05
70.7,1.4636e-05
70.75,1.7983e-05
70.8,2.0479e-05
70.85,2.2002e-05
70.9,2.2484e-05
70.95,2.1901e-05
71,2.0278e-05
71.05,1.7695e-05
71.1,1.4273e-05
71.15,1.0171e-05
71.2,5.5883e-06
71.25,7.3556e-07
71.3,-4.1567e-06
71.35,-8.8556e-06
71.4,-1.3145e-05
71.45,-1.6819e-05
71.5,-1.9706e-05
71.55,-2.1672e-05
71.6,-2.2624e-05
71.65,-2.2516e-05
71.7,-2.1356e-05
71.75,-1.9195e-05
71.8,-1.6135e-05
71.85,-1.2321e-05
71.9,-7.9271e-06
71.95,-3.16e-06
72,1.7563e-06
72.05,6.5975e-06
72.1,1.1136e-05
72.15,1.5159e-05
72.2,1.8486e-05
72.25,2.0957e-05
72.3,2.2458e-05
72.35,2.2924e-05
72.4,2.2329e-05
72.45,2.0702e-05
72.5,1.812e-05
72.55,1.4698e-05
72.6,1.0597e-05
72.65,6.0061e-06
72.7,1.1332e-06
72.75,-3.7951e-06
72.8,-8.5513e-06
72.85,-1.2921e-05
72.9,-1.6702e-05
72.95,-1.9718e-05
73,-2.1837e-05
73.05,-2.2958e-05
73.1,-2.303e-05
73.15,-2.2053e-05
73.2,-2.0067e-05
73.25,-1.7165e-05
73.3,-1.3482e-05
73.35,-9.18e-06
73.4,-4.4574e-06
73.45,4.6879e-07
73.5,5.3796e-06
73.55,1.005e-05
73.6,1.4266e-05
73.65,1.7843e-05
73.7,2.0614e-05
73.75,2.2453e-05
73.8,2.3283e-05
73.85,2.3062e-05
73.9,2.1799e-05
73.95,1.9556e-05
74,1.643e-05
74.05,1.2562e-05
74.1,8.1292e-06
74.15,3.3271e-06
74.2,-1.6287e-06
74.25,-6.5118e-06
74.3,-1.1108e-05
74.35,-1.5212e-05
74.4,-1.8635e-05
74.45,-2.1229e-05
74.5,-2.2878e-05
74.55,-2.3505e-05
74.6,-2.3086e-05
74.65,-2.164e-05
74.7,-1.9226e-05
74.75,-1.5959e-05
74.8,-1.1981e-05
74.85,-7.465e-06
74.9,-2.6181e-06
74.95,2.3477e-06
75,7.2155e-06
75.05,1.1764e-05
75.1,1.5795e-05
75.15,1.9134e-05
75.2,2.1627e-05
75.25,2.3168e-05
75.3,2.369e-05
75.35,2.3167e-05
75.4,2.1625e-05
75.45,1.9133e-05
75.5,1.5796e-05
75.55,1.1764e-05
75.6,7.2161e-06
75.65,2.3462e-06
75.7,-2.6284e-06
75.75,-7.488e-06
75.8,-1.2026e-05
75.85,-1.604e-05
75.9,-1.9354e-05
75.95,-2.1828e-05
76,-2.335e-05
76.05,-2.3854e-05
76.1,-2.3322e-05
76.15,-2.1775e-05
76.2,-1.9278e-05
76.25,-1.5946e-05
76.3,-1.1919e-05
76.35,-7.3701e-06
76.4,-2.5031e-06
76.45,2.4754e-06
76.5,7.3521e-06
76.55,1.191e-05
76.6,1.5956e-05
76.65,1.9319e-05
76.7,2.1846e-05
76.75,2.3433e-05
76.8,2.4015e-05
76.85,2.3559e-05
76.9,2.2091e-05
76.95,1.9676e-05
77,1.6412e-05
77.05,1.2442e-05
77.1,7.9395e-06
77.15,3.0917e-06
77.2,-1.8906e-06
77.25,-6.7907e-06
77.3,-1.1406e-05
77.35,-1.5536e-05
77.4,-1.9002e-05
77.45,-2.1661e-05
77.5,-2.3399e-05
77.55,-2.4136e-05
77.6,-2.385e-05
77.65,-2.2551e-05
77.7,-2.0288e-05
77.75,-1.7165e-05
77.8,-1.3314e-05
77.85,-8.8931e-06
77.9,-4.0956e-06
77.95,8.7585e-07
78,5.8162e-06
78.05,1.051e-05
78.1,1.4761e-05
78.15,1.8393e-05
78.2,2.1249e-05
78.25,2.3209e-05
78.3,2.4195e-05
78.35,2.4161e-05
78.4,2.3108e-05
78.45,2.1088e-05
78.5,1.8179e-05
78.55,1.4504e-05
78.6,1.0222e-05
78.65,5.5103e-06
78.7,5.6236e-07
78.75,-4.407e-06
78.8,-9.194e-06
78.85,-1.3602e-05
78.9,-1.744e-05
78.95,-2.055e-05
79,-2.2809e-05
79.05,-2.4114e-05
79.1,-2.4414e-05
79.15,-2.3702e-05
79.2,-2.2001e-05
79.25,-1.9383e-05
79.3,-1.5963e-05
79.35,-1.1878e-05
79.4,-7.296e-06
79.45,-2.4145e-06
79.5,2.5703e-06
79.55,7.453e-06
79.6,1.2025e-05
79.65,1.6102e-05
79.7,1.9519e-05
79.75,2.2127e-05
79.8,2.3823e-05
79.85,2.4542e-05
79.9,2.4246e-05
79.95,2.2951e-05
80,2.0716e-05
80.05,1.7626e-05
80.1,1.3809e-05
80.15,9.4293e-06
80.2,4.6584e-06
80.25,-3.0679e-07
80.3,-5.2562e-06
80.35,-9.9937e-06
80.4,-1.4326e-05
80.45,-1.807e-05
80.5,-2.1077e-05
80.55,-2.3228e-05
80.6,-2.4427e-05
80.65,-2.4631e-05
80.7,-2.3835e-05
80.75,-2.2064e-05
80.8,-1.9394e-05
80.85,-1.5939e-05
80.9,-1.1833e-05
80.95,-7.243e-06
81,-2.3623e-06
81.05,2.6175e-06
81.1,7.4949e-06
81.15,1.2066e-05
81.2,1.615e-05
81.25,1.9586e-05
81.3,2.2226e-05
81.35,2.3969e-05
81.4,2.4749e-05
81.45,2.4527e-05
81.5,2.3315e-05
81.55,2.1168e-05
81.6,1.8165e-05
81.65,1.4428e-05
81.7,1.0115e-05
81.75,5.3928e-06
81.8,4.5002e-07
81.85,-4.5074e-06
81.9,-9.2857e-06
81.95,-1.3696e-05
82,-1.7555e-05
82.05,-2.0712e-05
82.1,-2.3044e-05
82.15,-2.4452e-05
82.2,-2.4882e-05
82.25,-2.4323e-05
82.3,-2.2791e-05
82.35,-2.0346e-05
82.4,-1.7095e-05
82.45,-1.3161e-05
82.5,-8.6993e-06
82.55,-3.8943e-06
82.6,1.066e-06
82.65,5.9889e-06
82.7,1.0672e-05
82.75,1.493e-05
82.8,1.8602e-05
82.85,2.1535e-05
82.9,2.3613e-05
82.95,2.476e-05
83,2.4928e-05
83.05,2.4107e-05
83.1,2.2337e-05
83.15,1.9685e-05
83.2,1.6252e-05
83.25,1.218e-05
83.3,7.6302e-06
83.35,2.7745e-06
83.4,-2.1893e-06
83.45,-7.0645e-06
83.5,-1.1667e-05
83.55,-1.5811e-05
83.6,-1.9331e-05
83.65,-2.2096e-05
83.7,-2.3996e-05
83.75,-2.4951e-05
83.8,-2.4932e-05
83.85,-2.3939e-05
83.9,-2.2004e-05
83.95,-1.9211e-05
84,-1.5669e-05
84.05,-1.1512e-05
84.1,-6.9042e-06
84.15,-2.0309e-06
84.2,2.9249e-06
84.25,7.7693e-06
84.3,1.2307e-05
84.35,1.6368e-05
84.4,1.9797e-05
84.45,2.2452e-05
84.5,2.4235e-05
84.55,2.5082e-05
84.6,2.4952e-05
84.65,2.3854e-05
84.7,2.1835e-05
84.75,1.8969e-05
84.8,1.5366e-05
84.85,1.1172e-05
84.9,6.5459e-06
84.95,1.6625e-06
85,-3.2821e-06
85.05,-8.0991e-06
85.1,-1.2608e-05
85.15,-1.663e-05
85.2,-2.0008e-05
85.25,-2.262e-05
85.3,-2.4362e-05
85.35,-2.5163e-05
85.4,-2.5e-05
85.45,-2.3878e-05
85.5,-2.1835e-05
85.55,-1.8956e-05
85.6,-1.5353e-05
85.65,-1.1157e-05
85.7,-6.5339e-06
85.75,-1.6642e-06
85.8,3.2727e-06
85.85,8.086e-06
85.9,1.2586e-05
85.95,1.6608e-05
86,1.9999e-05
86.05,2.2623e-05
86.1,2.4385e-05
86.15,2.5221e-05
86.2,2.5094e-05
86.25,2.401e-05
86.3,2.2017e-05
86.35,1.9185e-05
86.4,1.5622e-05
86.45,1.1468e-05
86.5,6.88e-06
86.55,2.0264e-06
86.6,-2.9011e-06
86.65,-7.7169e-06
86.7,-1.2245e-05
86.75,-1.6308e-05
86.8,-1.9751e-05
86.85,-2.2451e-05
86.9,-2.4303e-05
86.95,-2.5233e-05
87,-2.5212e-05
87.05,-2.4243e-05
87.1,-2.2356e-05
87.15,-1.9627e-05
87.2,-1.6162e-05
87.25,-1.2086e-05
87.3,-7.5534e-06
87.35,-2.7409e-06
87.4,2.1762e-06
87.45,7.0145e-06
87.5,1.1586e-05
87.55,1.5722e-05
87.6,1.9273e-05
87.65,2.2098e-05
87.7,2.4094e-05
87.75,2.5192e-05
87.8,2.5345e-05
87.85,2.4548e-05
87.9,2.2837e-05
87.95,2.0273e-05
88,1.6949e-05
88.05,1.2994e-05
88.1,8.5565e-06
88.15,3.7968e-06
88.2,-1.104e-06
88.25,-5.9599e-06
88.3,-1.0596e-05
88.35,-1.484e-05
88.4,-1.8528e-05
88.45,-2.1529e-05
88.5,-2.3732e-05
88.55,-2.5051e-05
88.6,-2.544e-05
88.65,-2.4889e-05
88.7,-2.3414e-05
88.75,-2.1068e-05
88.8,-1.7946e-05
88.85,-1.4161e-05
88.9,-9.8475e-06
88.95,-5.173e-06
89,-3.0941e-07
89.05,4.5692e-06
89.1,9.2782e-06
89.15,1.3641e-05
89.2,1.7504e-05
89.25,2.0723e-05
89.3,2.3174e-05
89.35,2.4774e-05
89.4,2.5464e-05
89.45,2.5215e-05
89.5,2.4038e-05
89.55,2.1982e-05
89.6,1.9116e-05
89.65,1.5547e-05
89.7,1.1411e-05
89.75,6.8568e-06
89.8,2.0482e-06
89.85,-2.8324e-06
89.9,-7.6072e-06
89.95,-1.2107e-05
90,-1.6163e-05
90.05,-1.9624e-05
90.1,-2.2371e-05
90.15,-2.4302e-05
90.2,-2.5341e-05
90.25,-2.5457e-05
90.3,-2.4648e-05
90.35,-2.2937e-05
90.4,-2.039e-05
90.45,-1.7104e-05
90.5,-1.3194e-05
90.55,-8.8016e-06
90.6,-4.0931e-06
90.65,7.6342e-07
90.7,5.5954e-06
90.75,1.0222e-05
90.8,1.4475e-05
90.85,1.8205e-05
90.9,2.1276e-05
90.95,2.3571e-05
91,2.5016e-05
91.05,2.5556e-05
91.1,2.5168e-05
91.15,2.387e-05
91.2,2.1712e-05
91.25,1.8768e-05
91.3,1.5145e-05
91.35,1.0979e-05
91.4,6.4168e-06
91.45,1.6204e-06
91.5,-3.2309e-06
91.55,-7.9641e-06
91.6,-1.2414e-05
91.65,-1.6414e-05
91.7,-1.9821e-05
91.75,-2.2518e-05
91.8,-2.4406e-05
91.85,-2.5413e-05
91.9,-2.5509e-05
91.95,-2.4692e-05
92,-2.2986e-05
92.05,-2.0455e-05
92.1,-1.7195e-05
92.15,-1.3318e-05
92.2,-8.9615e-06
92.25,-4.288e-06
92.3,5.3779e-07
92.35,5.3472e-06
92.4,9.9632e-06
92.45,1.4221e-05
92.5,1.7972e-05
92.55,2.1083e-05
92.6,2.3437e-05
92.65,2.4958e-05
92.7,2.559e-05
92.75,2.5308e-05
92.8,2.4124e-05
92.85,2.2085e-05
92.9,1.9259e-05
92.95,1.5746e-05
93,1.1677e-05
93.05,7.1942e-06
93.1,2.4531e-06
93.15,-2.3724e-06
93.2,-7.1111e-06
93.25,-1.16e-05
93.3,-1.5677e-05
93.35,-1.9195e-05
93.4,-2.2034e-05
93.45,-2.4095e-05
93.5,-2.5299e-05
93.55,-2.5609e-05
93.6,-2.5016e-05
93.65,-2.3537e-05
93.7,-2.1225e-05
93.75,-1.8167e-05
93.8,-1.4469e-05
93.85,-1.0257e-05
93.9,-5.6863e-06
93.95,-9.1784e-07
94,3.8852e-06
94.05,8.5509e-06
94.1,1.2912e-05
94.15,1.6819e-05
94.2,2.0137e-05
94.25,2.2743e-05
94.3,2.455e-05
94.35,2.5497e-05
94.4,2.5547e-05
94.45,2.4699e-05
94.5,2.2987e-05
94.55,2.047e-05
94.6,1.7233e-05
94.65,1.3395e-05
94.7,9.0898e-06
94.75,4.465e-06
94.8,-3.1582e-07
94.85,-5.0817e-06
94.9,-9.6702e-06
94.95,-1.3922e-05
95,-1.7685e-05
95.05,-2.0829e-05
95.1,-2.3248e-05
95.15,-2.4855e-05
95.2,-2.5592e-05
95.25,-2.544e-05
95.3,-2.4403e-05
95.35,-2.2513e-05
95.4,-1.984e-05
95.45,-1.6481e-05
95.5,-1.2546e-05
95.55,-8.1747e-06
95.6,-3.5231e-06
95.65,1.2506e-06
95.7,5.9826e-06
95.75,1.0504e-05
95.8,1.4659e-05
95.85,1.8307e-05
95.9,2.1321e-05
95.95,2.3592e-05
96,2.5047e-05
96.05,2.5637e-05
96.1,2.5337e-05
96.15,2.416e-05
96.2,2.2151e-05
96.25,1.9376e-05
96.3,1.5929e-05
96.35,1.1936e-05
96.4,7.5323e-06
96.45,2.8665e-06
96.5,-1.896e-06
96.55,-6.59e-06
96.6,-1.1058e-05
96.65,-1.5146e-05
96.7,-1.8707e-05
96.75,-2.1626e-05
96.8,-2.3801e-05
96.85,-2.5156e-05
96.9,-2.5644e-05
96.95,-2.5254e-05
97,-2.3995e-05
97.05,-2.1911e-05
97.1,-1.9076e-05
97.15,-1.5589e-05
97.2,-1.1566e-05
97.25,-7.1466e-06
97.3,-2.4859e-06
97.35,2.2603e-06
97.4,6.93e-06
97.45,1.1359e-05
97.5,1.5398e-05
97.55,1.8912e-05
97.6,2.1778e-05
97.65,2.3897e-05
97.7,2.5202e-05
97.75,2.5646e-05
97.8,2.5212e-05
97.85,2.3919e-05
97.9,2.1812e-05
97.95,1.896e-05
98,1.5462e-05
98.05,1.144e-05
98.1,7.029e-06
98.15,2.3776e-06
98.2,-2.3522e-06
98.25,-6.9993e-06
98.3,-1.141e-05
98.35,-1.5432e-05
98.4,-1.8926e-05
98.45,-2.1777e-05
98.5,-2.3891e-05
98.55,-2.5191e-05
98.6,-2.5635e-05
98.65,-2.5212e-05
98.7,-2.3935e-05
98.75,-2.1844e-05
98.8,-1.9015e-05
98.85,-1.5545e-05
98.9,-1.1546e-05
98.95,-7.1583e-06
99,-2.5314e-06
99.05,2.1811e-06
99.1,6.8206e-06
99.15,1.1227e-05
99.2,1.5252e-05
99.25,1.8763e-05
99.3,2.1641e-05
99.35,2.3785e-05
99.4,2.5129e-05
99.45,2.5626e-05
99.5,2.5257e-05
99.55,2.4038e-05
99.6,2.2012e-05
99.65,1.9245e-05
99.7,1.5829e-05
99.75,1.1883e-05
99.8,7.5398e-06
99.85,2.9415e-06
99.9,-1.7535e-06
99.95,-6.3865e-06
100,-1.0806e-05
100.05,-1.4862e-05
100.1,-1.8417e-05
100.15,-2.1353e-05
100.2,-2.3575e-05
100.25,-2.5005e-05
100.3,-2.5595e-05
100.35,-2.5331e-05
100.4,-2.4218e-05
100.45,-2.2294e-05
100.5,-1.9624e-05
100.55,-1.6301e-05
100.6,-1.2433e-05
100.65,-8.1483e-06
100.7,-3.5951e-06
100.75,1.0772e-06
100.8,5.7144e-06
100.85,1.0159e-05
100.9,1.4262e-05
100.95,1.789e-05
101,2.0921e-05
101.05,2.3253e-05
101.1,2.481e-05
101.15,2.5542e-05
101.2,2.5423e-05
101.25,2.4456e-05
101.3,2.2679e-05
101.35,2.0148e-05
101.4,1.6946e-05
101.45,1.3182e-05
101.5,8.9839e-06
101.55,4.4863e-06
101.6,-1.5953e-07
101.65,-4.7967e-06
101.7,-9.274e-06
101.75,-1.3445e-05
101.8,-1.7167e-05
101.85,-2.0318e-05
101.9,-2.2798e-05
101.95,-2.4522e-05
102,-2.5432e-05
102.05,-2.55e-05
102.1,-2.4728e-05
102.15,-2.3135e-05
102.2,-2.0778e-05
102.25,-1.7737e-05
102.3,-1.4111e-05
102.35,-1.0017e-05
102.4,-5.5953e-06
102.45,-9.913e-07
102.5,3.6459e-06
102.55,8.1622e-06
102.6,1.2406e-05
102.65,1.6241e-05
102.7,1.9541e-05
102.75,2.2196e-05
102.8,2.4118e-05
102.85,2.5247e-05
102.9,2.5546e-05
102.95,2.5003e-05
103,2.3639e-05
103.05,2.1499e-05
103.1,1.8653e-05
103.15,1.5194e-05
103.2,1.1239e-05
103.25,6.9156e-06
103.3,2.365e-06
103.35,-2.2609e-06
103.4,-6.8099e-06
103.45,-1.1136e-05
103.5,-1.5097e-05
103.55,-1.856e-05
103.6,-2.1414e-05
103.65,-2.3569e-05
103.7,-2.495e-05
103.75,-2.5514e-05
103.8,-2.5244e-05
103.85,-2.415e-05
103.9,-2.2265e-05
103.95,-1.9653e-05
104,-1.6402e-05
104.05,-1.2615e-05
104.1,-8.4161e-06
104.15,-3.9455e-06
104.2,6.5232e-07
104.25,5.2294e-06
104.3,9.6342e-06
104.35,1.3722e-05
104.4,1.7363e-05
104.45,2.0439e-05
104.5,2.2846e-05
104.55,2.451e-05
104.6,2.5377e-05
104.65,2.5417e-05
104.7,2.463e-05
104.75,2.3044e-05
104.8,2.071e-05
104.85,1.7702e-05
104.9,1.4121e-05
104.95,1.0083e-05
105,5.7193e-06
105.05,1.1695e-06
105.1,-3.4153e-06
105.15,-7.8874e-06
105.2,-1.2104e-05
105.25,-1.5928e-05
105.3,-1.9232e-05
105.35,-2.1913e-05
105.4,-2.3886e-05
105.45,-2.5083e-05
105.5,-2.5468e-05
105.55,-2.5031e-05
105.6,-2.3784e-05
105.65,-2.1767e-05
105.7,-1.9049e-05
105.75,-1.5717e-05
105.8,-1.1876e-05
105.85,-7.6533e-06
105.9,-3.1862e-06
105.95,1.3827e-06
106,5.9072e-06
106.05,1.0239e-05
106.1,1.4238e-05
106.15,1.7779e-05
106.2,2.0746e-05
106.25,2.3043e-05
106.3,2.4598e-05
106.35,2.5361e-05
106.4,2.5308e-05
106.45,2.4439e-05
106.5,2.2786e-05
106.55,2.0402e-05
106.6,1.7361e-05
106.65,1.3763e-05
106.7,9.7263e-06
106.75,5.3773e-06
106.8,8.5584e-07
106.85,-3.6902e-06
106.9,-8.116e-06
106.95,-1.2282e-05
107,-1.6052e-05
107.05,-1.9305e-05
107.1,-2.194e-05
107.15,-2.3872e-05
107.2,-2.5037e-05
107.25,-2.54e-05
107.3,-2.4952e-05
107.35,-2.3705e-05
107.4,-2.1698e-05
107.45,-1.8999e-05
107.5,-1.5695e-05
107.55,-1.1889e-05
107.6,-7.7032e-06
107.65,-3.2744e-06
107.7,1.2577e-06
107.75,5.7497e-06
107.8,1.0056e-05
107.85,1.4039e-05
107.9,1.7575e-05
107.95,2.0549e-05
108,2.2866e-05
108.05,2.4454e-05
108.1,2.5264e-05
108.15,2.5268e-05
108.2,2.4466e-05
108.25,2.2887e-05
108.3,2.0581e-05
108.35,1.762e-05
108.4,1.4099e-05
108.45,1.0132e-05
108.5,5.8436e-06
108.55,1.3699e-06
108.6,-3.1448e-06
108.65,-7.5574e-06
108.7,-1.173e-05
108.75,-1.5529e-05
108.8,-1.8833e-05
108.85,-2.1538e-05
108.9,-2.3561e-05
108.95,-2.4836e-05
109,-2.5321e-05
109.05,-2.5006e-05
109.1,-2.3898e-05
109.15,-2.2033e-05
109.2,-1.9471e-05
109.25,-1.6294e-05
109.3,-1.2602e-05
109.35,-8.512e-06
109.4,-4.1548e-06
109.45,3.3184e-07
109.5,4.808e-06
109.55,9.1308e-06
109.6,1.3162e-05
109.65,1.6778e-05
109.7,1.9863e-05
109.75,2.2319e-05
109.8,2.407e-05
109.85,2.5062e-05
109.9,2.5263e-05
109.95,2.4666e-05
110,2.3292e-05
110.05,2.1186e-05
110.1,1.8412e-05
110.15,1.5058e-05
110.2,1.1233e-05
110.25,7.055e-06
110.3,2.6552e-06
110.35,-1.8265e-06
110.4,-6.2479e-06
110.45,-1.0472e-05
110.5,-1.4367e-05
110.55,-1.7808e-05
110.6,-2.0687e-05
110.65,-2.2917e-05
110.7,-2.4426e-05
110.75,-2.5167e-05
110.8,-2.5118e-05
110.85,-2.4281e-05
110.9,-2.2682e-05
110.95,-2.0372e-05
111,-1.7425e-05
111.05,-1.3932e-05
111.1,-1.0003e-05
111.15,-5.7615e-06
111.2,-1.3424e-06
111.25,3.1182e-06
111.3,7.4805e-06
111.35,1.1606e-05
111.4,1.5367e-05
111.45,1.8647e-05
111.5,2.1343e-05
111.55,2.3369e-05
111.6,2.4665e-05
111.65,2.519e-05
111.7,2.4927e-05
111.75,2.3885e-05
111.8,2.2099e-05
111.85,1.9624e-05
111.9,1.6535e-05
111.95,1.2933e-05
112,8.9285e-06
112.05,4.6465e-06
112.1,2.2027e-07
112.15,-4.2102e-06
112.2,-8.5077e-06
112.25,-1.254e-05
112.3,-1.618e-05
112.35,-1.9314e-05
112.4,-2.1846e-05
112.45,-2.3698e-05
112.5,-2.4811e-05
112.55,-2.5151e-05
112.6,-2.471e-05
112.65,-2.3501e-05
112.7,-2.1561e-05
112.75,-1.8951e-05
112.8,-1.5755e-05
112.85,-1.2069e-05
112.9,-8.0091e-06
112.95,-3.7028e-06
113,7.1673e-07
113.05,5.1137e-06
113.1,9.3505e-06
113.15,1.3295e-05
113.2,1.6826e-05
113.25,1.9835e-05
113.3,2.2228e-05
113.35,2.3931e-05
113.4,2.4892e-05
113.45,2.5083e-05
113.5,2.4495e-05
113.55,2.315e-05
113.6,2.109e-05
113.65,1.8378e-05
113.7,1.5097e-05
113.75,1.1351e-05
113.8,7.2559e-06
113.85,2.9368e-06
113.9,-1.4716e-06
113.95,-5.8318e-06
114,-1.0011e-05
114.05,-1.388e-05
114.1,-1.7319e-05
114.15,-2.0221e-05
114.2,-2.25e-05
114.25,-2.4083e-05
114.3,-2.4922e-05
114.35,-2.4993e-05
114.4,-2.4293e-05
114.45,-2.2845e-05
114.5,-2.0692e-05
114.55,-1.7904e-05
114.6,-1.4565e-05
114.65,-1.0778e-05
114.7,-6.6598e-06
114.75,-2.3394e-06
114.8,2.0518e-06
114.85,6.3793e-06
114.9,1.0509e-05
114.95,1.4313e-05
115,1.7676e-05
115.05,2.0496e-05
115.1,2.2684e-05
115.15,2.4174e-05
115.2,2.4922e-05
115.25,2.4904e-05
115.3,2.4121e-05
115.35,2.2598e-05
115.4,2.0383e-05
115.45,1.7543e-05
115.5,1.4165e-05
115.55,1.0355e-05
115.6,6.2287e-06
115.65,1.912e-06
115.7,-2.4616e-06
115.75,-6.7573e-06
115.8,-1.0845e-05
115.85,-1.46e-05
115.9,-1.7906e-05
115.95,-2.0662e-05
116,-2.2786e-05
116.05,-2.4212e-05
116.1,-2.4896e-05
116.15,-2.4818e-05
116.2,-2.3983e-05
116.25,-2.2414e-05
116.3,-2.016e-05
116.35,-1.7291e-05
116.4,-1.3896e-05
116.45,-1.0076e-05
116.5,-5.9503e-06
116.55,-1.6451e-06
116.6,2.7093e-06
116.65,6.9805e-06
116.7,1.1037e-05
116.75,1.4754e-05
116.8,1.8021e-05
116.85,2.0738e-05
116.9,2.2821e-05
116.95,2.4208e-05
117,2.4858e-05
117.05,2.475e-05
117.1,2.3887e-05
117.15,2.2298e-05
117.2,2.0032e-05
117.25,1.7156e-05
117.3,1.3759e-05
117.35,9.9447e-06
117.4,5.8298e-06
117.45,1.5381e-06
117.5,-2.7985e-06
117.55,-7.0477e-06
117.6,-1.1082e-05
117.65,-1.4779e-05
117.7,-1.8024e-05
117.75,-2.0721e-05
117.8,-2.2789e-05
117.85,-2.4164e-05
117.9,-2.4804e-05
117.95,-2.4692e-05
118,-2.3832e-05
118.05,-2.2249e-05
118.1,-1.999e-05
118.15,-1.7128e-05
118.2,-1.3748e-05
118.25,-9.9507e-06
118.3,-5.8536e-06
118.35,-1.5817e-06
118.4,2.737e-06
118.45,6.9721e-06
118.5,1.0994e-05
118.55,1.4682e-05
118.6,1.7924e-05
118.65,2.0624e-05
118.7,2.2698e-05
118.75,2.4085e-05
118.8,2.4744e-05
118.85,2.4655e-05
118.9,2.382e-05
118.95,2.2266e-05
119,2.0041e-05
119.05,1.721e-05
119.1,1.3861e-05
119.15,1.0095e-05
119.2,6.0255e-06
119.25,1.7751e-06
119.3,-2.5273e-06
119.35,-6.7509e-06
119.4,-1.077e-05
119.45,-1.4464e-05
119.5,-1.7719e-05
119.55,-2.0439e-05
119.6,-2.2543e-05
119.65,-2.3968e-05
119.7,-2.4668e-05
119.75,-2.4626e-05
119.8,-2.3843e-05
119.85,-2.2343e-05
119.9,-2.0169e-05
119.95,-1.739e-05
120,-1.409e-05
120.05,-1.0366e-05
120.1,-6.3311e-06
120.15,-2.1084e-06
120.2,2.1763e-06
120.25,6.395e-06
120.3,1.042e-05
120.35,1.4129e-05
120.4,1.7414e-05
120.45,2.0175e-05
120.5,2.2328e-05
120.55,2.3811e-05
120.6,2.4579e-05
120.65,2.4609e-05
120.7,2.39e-05
120.75,2.2475e-05
120.8,2.0377e-05
120.85,1.7669e-05
120.9,1.4431e-05
120.95,1.0762e-05
121,6.7729e-06
121.05,2.5813e-06
121.1,-1.6863e-06
121.15,-5.9008e-06
121.2,-9.9375e-06
121.25,-1.3676e-05
121.3,-1.7003e-05
121.35,-1.982e-05
121.4,-2.2044e-05
121.45,-2.3607e-05
121.5,-2.4464e-05
121.55,-2.4588e-05
121.6,-2.3978e-05
121.65,-2.2652e-05
121.7,-2.0648e-05
121.75,-1.8028e-05
121.8,-1.4872e-05
121.85,-1.1272e-05
121.9,-7.3356e-06
121.95,-3.1827e-06
122,1.0634e-06
122.05,5.2771e-06
122.1,9.3321e-06
122.15,1.3106e-05
122.2,1.6489e-05
122.25,1.9379e-05
122.3,2.169e-05
122.35,2.3353e-05
122.4,2.432e-05
122.45,2.4562e-05
122.5,2.4072e-05
122.55,2.2865e-05
122.6,2.0978e-05
122.65,1.8467e-05
122.7,1.5407e-05
122.75,1.1889e-05
122.8,8.0198e-06
122.85,3.9126e-06
122.9,-3.1007e-07
122.95,-4.5213e-06
123,-8.5962e-06
123.05,-1.2415e-05
123.1,-1.5863e-05
123.15,-1.8838e-05
123.2,-2.1252e-05
123.25,-2.3035e-05
123.3,-2.4133e-05
123.35,-2.4512e-05
123.4,-2.4165e-05
123.45,-2.31e-05
123.5,-2.135e-05
123.55,-1.8966e-05
123.6,-1.6021e-05
123.65,-1.2602e-05
123.7,-8.8096e-06
123.75,-4.7575e-06
123.8,-5.6649e-07
123.85,3.6402e-06
123.9,7.7383e-06
123.95,1.1605e-05
124,1.5126e-05
124.05,1.8198e-05
124.1,2.0731e-05
124.15,2.2648e-05
124.2,2.3894e-05
124.25,2.4433e-05
124.3,2.4249e-05
124.35,2.3346e-05
124.4,2.1753e-05
124.45,1.9519e-05
124.5,1.6707e-05
124.55,1.3401e-05
124.6,9.7019e-06
124.65,5.717e-06
124.7,1.5639e-06
124.75,-2.6339e-06
124.8,-6.7515e-06
124.85,-1.0669e-05
124.9,-1.427e-05
124.95,-1.7448e-05
125,-2.0109e-05
125.05,-2.2177e-05
125.1,-2.359e-05
125.15,-2.4305e-05
125.2,-2.4303e-05
125.25,-2.3584e-05
125.3,-2.2171e-05
125.35,-2.0103e-05
125.4,-1.7444e-05
125.45,-1.4272e-05
125.5,-1.0681e-05
125.55,-6.7748e-06
125.6,-2.6716e-06
125.65,1.5087e-06
125.7,5.6437e-06
125.75,9.6113e-06
125.8,1.3294e-05
125.85,1.6584e-05
125.9,1.9385e-05
125.95,2.1615e-05
126,2.3207e-05
126.05,2.4117e-05
126.1,2.4318e-05
126.15,2.3803e-05
126.2,2.2588e-05
126.25,2.071e-05
126.3,1.8225e-05
126.35,1.5204e-05
126.4,1.1737e-05
126.45,7.928e-06
126.5,3.887e-06
126.55,-2.6735e-07
126.6,-4.4117e-06
126.65,-8.4247e-06
126.7,-1.219e-05
126.75,-1.5596e-05
126.8,-1.8542e-05
126.85,-2.0944e-05
126.9,-2.2731e-05
126.95,-2.3851e-05
127,-2.427e-05
127.05,-2.3978e-05
127.1,-2.2984e-05
127.15,-2.1316e-05
127.2,-1.9024e-05
127.25,-1.6176e-05
127.3,-1.2855e-05
127.35,-9.1581e-06
127.4,-5.1944e-06
127.45,-1.0809e-06
127.5,3.0631e-06
127.55,7.1166e-06
127.6,1.096e-05
127.65,1.4481e-05
127.7,1.7577e-05
127.75,2.0159e-05
127.8,2.215e-05
127.85,2.3492e-05
127.9,2.4148e-05
127.95,2.4098e-05
128,2.3342e-05
128.05,2.1906e-05
128.1,1.983e-05
128.15,1.7176e-05
128.2,1.402e-05
128.25,1.0457e-05
128.3,6.5898e-06
128.35,2.5314e-06
128.4,-1.5999e-06
128.45,-5.6821e-06
128.5,-9.5971e-06
128.55,-1.3231e-05
128.6,-1.6478e-05
128.65,-1.9243e-05
128.7,-2.1446e-05
128.75,-2.3023e-05
128.8,-2.3928e-05
128.85,-2.4135e-05
128.9,-2.3639e-05
128.95,-2.2455e-05
129,-2.0617e-05
129.05,-1.8178e-05
129.1,-1.5212e-05
129.15,-1.1804e-05
129.2,-8.0528e-06
129.25,-4.0687e-06
129.3,3.1808e-08
129.35,4.1303e-06
129.4,8.1078e-06
129.45,1.1847e-05
129.5,1.5241e-05
129.55,1.819e-05
129.6,2.061e-05
129.65,2.243e-05
129.7,2.3596e-05
129.75,2.4077e-05
129.8,2.3858e-05
129.85,2.2946e-05
129.9,2.1367e-05
129.95,1.917e-05
130,1.6416e-05
130.05,1.3185e-05
130.1,9.574e-06
130.15,5.6864e-06
130.2,1.6346e-06
130.25,-2.4634e-06
130.3,-6.4876e-06
130.35,-1.0322e-05
130.4,-1.3857e-05
130.45,-1.6988e-05
130.5,-1.9625e-05
130.55,-2.1693e-05
130.6,-2.3131e-05
130.65,-2.3898e-05
130.7,-2.3972e-05
130.75,-2.3351e-05
130.8,-2.2055e-05
130.85,-2.012e-05
130.9,-1.7603e-05
130.95,-1.4577e-05
131,-1.1131e-05
131.05,-7.3625e-06
131.1,-3.3829e-06
131.15,6.9262e-07
131.2,4.7471e-06
131.25,8.6634e-06
131.3,1.2327e-05
131.35,1.5633e-05
131.4,1.8486e-05
131.45,2.0803e-05
131.5,2.2518e-05
131.55,2.3582e-05
131.6,2.3964e-05
131.65,2.3653e-05
131.7,2.2659e-05
131.75,2.101e-05
131.8,1.8757e-05
131.85,1.5961e-05
131.9,1.2706e-05
131.95,9.0852e-06
132,5.2039e-06
132.05,1.1732e-06
132.1,-2.89e-06
132.15,-6.8675e-06
132.2,-1.0646e-05
132.25,-1.4116e-05
132.3,-1.7178e-05
132.35,-1.9743e-05
132.4,-2.1738e-05
132.45,-2.3106e-05
132.5,-2.3807e-05
132.55,-2.3821e-05
132.6,-2.315e-05
132.65,-2.1812e-05
132.7,-1.9845e-05
132.75,-1.7307e-05
132.8,-1.4273e-05
132.85,-1.0829e-05
132.9,-7.0729e-06
132.95,-3.1153e-06
133,9.3002e-07
133.05,4.9476e-06
133.1,8.822e-06
133.15,1.244e-05
133.2,1.57e-05
133.25,1.8507e-05
133.3,2.0781e-05
133.35,2.2456e-05
133.4,2.3484e-05
133.45,2.3839e-05
133.5,2.3507e-05
133.55,2.25e-05
133.6,2.0846e-05
133.65,1.8596e-05
133.7,1.5811e-05
133.75,1.2572e-05
133.8,8.9749e-06
133.85,5.1211e-06
133.9,1.121e-06
133.95,-2.9098e-06
134,-6.8549e-06
134.05,-1.0602e-05
134.1,-1.4044e-05
134.15,-1.7082e-05
134.2,-1.9628e-05
134.25,-2.1611e-05
134.3,-2.2974e-05
134.35,-2.3676e-05
134.4,-2.37e-05
134.45,-2.3045e-05
134.5,-2.1729e-05
134.55,-1.9791e-05
134.6,-1.7286e-05
134.65,-1.4287e-05
134.7,-1.088e-05
134.75,-7.1624e-06
134.8,-3.241e-06
134.85,7.7135e-07
134.9,4.7606e-06
134.95,8.6127e-06
135,1.2216e-05
135.05,1.5469e-05
135.1,1.8278e-05
135.15,2.0564e-05
135.2,2.2259e-05
135.25,2.3318e-05
135.3,2.371e-05
135.35,2.3423e-05
135.4,2.2467e-05
135.45,2.0868e-05
135.5,1.8675e-05
135.55,1.5948e-05
135.6,1.2765e-05
135.65,9.2202e-06
135.7,5.4131e-06
135.75,1.4521e-06
135.8,-2.5491e-06
135.85,-6.4753e-06
135.9,-1.0215e-05
135.95,-1.3663e-05
136,-1.6719e-05
136.05,-1.9296e-05
136.1,-2.1322e-05
136.15,-2.274e-05
136.2,-2.3507e-05
136.25,-2.3604e-05
136.3,-2.3027e-05
136.35,-2.1794e-05
136.4,-1.994e-05
136.45,-1.7517e-05
136.5,-1.4597e-05
136.55,-1.1261e-05
136.6,-7.6051e-06
136.65,-3.7339e-06
136.7,2.4182e-07
136.75,4.2095e-06
136.8,8.0565e-06
136.85,1.1672e-05
136.9,1.4954e-05
136.95,1.7809e-05
137,2.0156e-05
137.05,2.1928e-05
137.1,2.3076e-05
137.15,2.3566e-05
137.2,2.3386e-05
137.25,2.254e-05
137.3,2.1053e-05
137.35,1.8968e-05
137.4,1.6345e-05
137.45,1.3256e-05
137.5,9.7927e-06
137.55,6.0523e-06
137.6,2.1408e-06
137.65,-1.8306e-06
137.7,-5.7478e-06
137.75,-9.5003e-06
137.8,-1.2982e-05
137.85,-1.6094e-05
137.9,-1.8746e-05
137.95,-2.0866e-05
138,-2.2393e-05
138.05,-2.3283e-05
138.1,-2.3511e-05
138.15,-2.3072e-05
138.2,-2.1978e-05
138.25,-2.0261e-05
138.3,-1.7969e-05
138.35,-1.5168e-05
138.4,-1.1938e-05
138.45,-8.3706e-06
138.5,-4.5664e-06
138.55,-6.3478e-07
138.6,3.3136e-06
138.65,7.1673e-06
138.7,1.0816e-05
138.75,1.4157e-05
138.8,1.7095e-05
138.85,1.9548e-05
138.9,2.1446e-05
138.95,2.2736e-05
139,2.3381e-05
139.05,2.3365e-05
139.1,2.2685e-05
139.15,2.1364e-05
139.2,1.9439e-05
139.25,1.6964e-05
139.3,1.4009e-05
139.35,1.0658e-05
139.4,7.0082e-06
139.45,3.1608e-06
139.5,-7.7522e-07
139.55,-4.6874e-06
139.6,-8.4654e-06
139.65,-1.2003e-05
139.7,-1.52e-05
139.75,-1.7966e-05
139.8,-2.0222e-05
139.85,-2.1907e-05
139.9,-2.2971e-05
139.95,-2.3386e-05
140,-2.3139e-05
140.05,-2.2239e-05
140.1,-2.0711e-05
140.15,-1.8598e-05
140.2,-1.5961e-05
140.25,-1.2874e-05
140.3,-9.4239e-06
140.35,-5.7087e-06
140.4,-1.8343e-06
140.45,2.0905e-06
140.5,5.9553e-06
140.55,9.6509e-06
140.6,1.3072e-05
140.65,1.6124e-05
140.7,1.8719e-05
140.75,2.0786e-05
140.8,2.2265e-05
140.85,2.3116e-05
140.9,2.3315e-05
140.95,2.2857e-05
141,2.1753e-05
141.05,2.0038e-05
141.1,1.7758e-05
141.15,1.4978e-05
141.2,1.1777e-05
141.25,8.2457e-06
141.3,4.4833e-06
141.35,5.9542e-07
141.4,-3.3078e-06
141.45,-7.1159e-06
141.5,-1.0722e-05
141.55,-1.4026e-05
141.6,-1.6934e-05
141.65,-1.9363e-05
141.7,-2.1247e-05
141.75,-2.2532e-05
141.8,-2.3182e-05
141.85,-2.318e-05
141.9,-2.2526e-05
141.95,-2.1238e-05
142,-1.9353e-05
142.05,-1.6924e-05
142.1,-1.4021e-05
142.15,-1.0724e-05
142.2,-7.1262e-06
142.25,-3.3296e-06
142.3,5.5878e-07
142.35,4.4304e-06
142.4,8.1766e-06
142.45,1.1691e-05
142.5,1.4876e-05
142.55,1.7642e-05
142.6,1.9912e-05
142.65,2.1621e-05
142.7,2.2722e-05
142.75,2.3186e-05
142.8,2.2998e-05
142.85,2.2164e-05
142.9,2.0708e-05
142.95,1.8672e-05
143,1.6112e-05
143.05,1.3101e-05
143.1,9.7232e-06
143.15,6.0744e-06
143.2,2.2561e-06
143.25,-1.6245e-06
143.3,-5.4576e-06
143.35,-9.1362e-06
143.4,-1.2558e-05
143.45,-1.5626e-05
143.5,-1.8255e-05
143.55,-2.0371e-05
143.6,-2.1915e-05
143.65,-2.2845e-05
143.7,-2.3134e-05
143.75,-2.2775e-05
143.8,-2.1778e-05
143.85,-2.0171e-05
143.9,-1.7999e-05
143.95,-1.5324e-05
144,-1.2222e-05
144.05,-8.7773e-06
144.1,-5.0881e-06
144.15,-1.2583e-06
144.2,2.6053e-06
144.25,6.3952e-06
144.3,1.0005e-05
144.35,1.3333e-05
144.4,1.6286e-05
144.45,1.8784e-05
144.5,2.0755e-05
144.55,2.2144e-05
144.6,2.2914e-05
144.65,2.3043e-05
144.7,2.2527e-05
144.75,2.1382e-05
144.8,1.9639e-05
144.85,1.7348e-05
144.9,1.4573e-05
144.95,1.1391e-05
145,7.8928e-06
145.05,4.1749e-06
145.1,3.4129e-07
145.15,-3.5005e-06
145.2,-7.2426e-06
145.25,-1.0781e-05
145.3,-1.4018e-05
145.35,-1.6862e-05
145.4,-1.9234e-05
145.45,-2.1068e-05
145.5,-2.2314e-05
145.55,-2.2936e-05
145.6,-2.2917e-05
145.65,-2.226e-05
145.7,-2.0981e-05
145.75,-1.9117e-05
145.8,-1.6721e-05
145.85,-1.3859e-05
145.9,-1.0611e-05
145.95,-7.0684e-06
146,-3.3299e-06
146.05,4.9978e-07
146.1,4.3144e-06
146.15,8.0079e-06
146.2,1.1477e-05
146.25,1.4624e-05
146.3,1.7363e-05
146.35,1.9617e-05
146.4,2.1324e-05
146.45,2.2436e-05
146.5,2.2923e-05
146.55,2.2771e-05
146.6,2.1984e-05
146.65,2.0586e-05
146.7,1.8615e-05
146.75,1.6127e-05
146.8,1.319e-05
146.85,9.8869e-06
146.9,6.3102e-06
146.95,2.559e-06
147,-1.2626e-06
147.05,-5.0472e-06
147.1,-8.69e-06
147.15,-1.209e-05
147.2,-1.5153e-05
147.25,-1.7792e-05
147.3,-1.9936e-05
147.35,-2.1525e-05
147.4,-2.2515e-05
147.45,-2.2878e-05
147.5,-2.2605e-05
147.55,-2.1704e-05
147.6,-2.02e-05
147.65,-1.8135e-05
147.7,-1.5566e-05
147.75,-1.2566e-05
147.8,-9.2178e-06
147.85,-5.6141e-06
147.9,-1.8563e-06
147.95,1.9518e-06
148,5.7047e-06
148.05,9.2981e-06
148.1,1.2632e-05
148.15,1.5613e-05
148.2,1.8161e-05
148.25,2.0203e-05
148.3,2.1684e-05
148.35,2.2562e-05
148.4,2.2814e-05
148.45,2.2433e-05
148.5,2.1429e-05
148.55,1.9831e-05
148.6,1.7684e-05
148.65,1.5047e-05
148.7,1.1993e-05
148.75,8.6081e-06
148.8,4.9856e-06
148.85,1.2258e-06
148.9,-2.5668e-06
148.95,-6.2865e-06
149,-9.8307e-06
149.05,-1.3102e-05
149.1,-1.6008e-05
149.15,-1.8469e-05
149.2,-2.0418e-05
149.25,-2.1801e-05
149.3,-2.258e-05
149.35,-2.2732e-05
149.4,-2.2254e-05
149.45,-2.1161e-05
149.5,-1.9482e-05
149.55,-1.7263e-05
149.6,-1.4568e-05
149.65,-1.147e-05
149.7,-8.0555e-06
149.75,-4.419e-06
149.8,-6.6194e-07
149.85,3.1122e-06
149.9,6.7994e-06
149.95,1.0297e-05
150,1.3508e-05
150.05,1.6345e-05
150.1,1.8729e-05
150.15,2.0593e-05
150.2,2.1888e-05
150.25,2.2576e-05
150.3,2.2641e-05
150.35,2.2079e-05
150.4,2.0907e-05
150.45,1.9157e-05
150.5,1.6879e-05
150.55,1.4135e-05
150.6,1.1e-05
150.65,7.5636e-06
150.7,3.9191e-06
150.75,1.6715e-07
150.8,-3.588e-06
150.85,-7.2424e-06
150.9,-1.0696e-05
150.95,-1.3853e-05
151,-1.6626e-05
151.05,-1.8939e-05
151.1,-2.0728e-05
151.15,-2.1945e-05
151.2,-2.2555e-05
151.25,-2.2542e-05
151.3,-2.1907e-05
151.35,-2.0668e-05
151.4,-1.8858e-05
151.45,-1.6529e-05
151.5,-1.3745e-05
151.55,-1.0582e-05
151.6,-7.1286e-06
151.65,-3.4795e-06
151.7,2.6395e-07
151.75,3.999e-06
151.8,7.6229e-06
151.85,1.1035e-05
151.9,1.4142e-05
151.95,1.6858e-05
152,1.9108e-05
152.05,2.0831e-05
152.1,2.1979e-05
152.15,2.2521e-05
152.2,2.2442e-05
152.25,2.1745e-05
152.3,2.0449e-05
152.35,1.859e-05
152.4,1.622e-05
152.45,1.3403e-05
152.5,1.0219e-05
152.55,6.754e-06
152.6,3.1045e-06
152.65,-6.2971e-07
152.7,-4.345e-06
152.75,-7.9392e-06
152.8,-1.1314e-05
152.85,-1.4376e-05
152.9,-1.7041e-05
152.95,-1.9237e-05
153,-2.0902e-05
153.05,-2.1992e-05
153.1,-2.2476e-05
153.15,-2.2341e-05
153.2,-2.1592e-05
153.25,-2.025e-05
153.3,-1.8351e-05
153.35,-1.5948e-05
153.4,-1.3107e-05
153.45,-9.9067e-06
153.5,-6.4348e-06
153.55,-2.7874e-06
153.6,9.3518e-07
153.65,4.6309e-06
153.7,8.1985e-06
153.75,1.1539e-05
153.8,1.4562e-05
153.85,1.7183e-05
153.9,1.9332e-05
153.95,2.0948e-05
154,2.1989e-05
154.05,2.2425e-05
154.1,2.2246e-05
154.15,2.1455e-05
154.2,2.0075e-05
154.25,1.8145e-05
154.3,1.5718e-05
154.35,1.2859e-05
154.4,9.6484e-06
154.45,6.1744e-06
154.5,2.5319e-06
154.55,-1.1792e-06
154.6,-4.8563e-06
154.65,-8.3988e-06
154.7,-1.171e-05
154.75,-1.4699e-05
154.8,-1.7283e-05
154.85,-1.9392e-05
154.9,-2.0969e-05
154.95,-2.1971e-05
155,-2.2369e-05
155.05,-2.2153e-05
155.1,-2.1331e-05
155.15,-1.9924e-05
155.2,-1.7971e-05
155.25,-1.5526e-05
155.3,-1.2656e-05
155.35,-9.4407e-06
155.4,-5.9672e-06
155.45,-2.3317e-06
155.5,1.3665e-06
155.55,5.026e-06
155.6,8.547e-06
155.65,1.1832e-05
155.7,1.4792e-05
155.75,1.7347e-05
155.8,1.9425e-05
155.85,2.097e-05
155.9,2.1941e-05
155.95,2.2311e-05
156,2.207e-05
156.05,2.1224e-05
156.1,1.9798e-05
156.15,1.7831e-05
156.2,1.5376e-05
156.25,1.2501e-05
156.3,9.2853e-06
156.35,5.8166e-06
156.4,2.1898e-06
156.45,-1.496e-06
156.5,-5.1392e-06
156.55,-8.6406e-06
156.6,-1.1905e-05
156.65,-1.4842e-05
156.7,-1.7373e-05
156.75,-1.9427e-05
156.8,-2.095e-05
156.85,-2.1899e-05
156.9,-2.2249e-05
156.95,-2.1991e-05
157,-2.1132e-05
157.05,-1.9696e-05
157.1,-1.7722e-05
157.15,-1.5264e-05
157.2,-1.239e-05
157.25,-9.1783e-06
157.3,-5.7166e-06
157.35,-2.1002e-06
157.4,1.5722e-06
157.45,5.2007e-06
157.5,8.6862e-06
157.55,1.1933e-05
157.6,1.4853e-05
157.65,1.7366e-05
157.7,1.9405e-05
157.75,2.0913e-05
157.8,2.1849e-05
157.85,2.2189e-05
157.9,2.1923e-05
157.95,2.1059e-05
158,1.962e-05
158.05,1.7647e-05
158.1,1.5193e-05
158.15,1.2325e-05
158.2,9.1213e-06
158.25,5.6704e-06
158.3,2.0659e-06
158.35,-1.5941e-06
158.4,-5.209e-06
158.45,-8.6807e-06
158.5,-1.1915e-05
158.55,-1.4823e-05
158.6,-1.7325e-05
158.65,-1.9355e-05
158.7,-2.0856e-05
158.75,-2.1789e-05
158.8,-2.2127e-05
158.85,-2.1861e-05
158.9,-2.1001e-05
158.95,-1.9568e-05
159,-1.7602e-05
159.05,-1.5158e-05
159.1,-1.2301e-05
159.15,-9.1103e-06
159.2,-5.6721e-06
159.25,-2.0808e-06
159.3,1.566e-06
159.35,5.169e-06
159.4,8.6303e-06
159.45,1.1855e-05
159.5,1.4756e-05
159.55,1.7255e-05
159.6,1.9283e-05
159.65,2.0785e-05
159.7,2.1721e-05
159.75,2.2066e-05
159.8,2.181e-05
159.85,2.096e-05
159.9,1.9541e-05
159.95,1.759e-05
160,1.5162e-05
160.05,1.2321e-05
160.1,9.1466e-06
160.15,5.7245e-06
160.2,2.1477e-06
160.25,-1.4865e-06
160.3,-5.0788e-06
160.35,-8.5318e-06
160.4,-1.1752e-05
160.45,-1.4651e-05
160.5,-1.7151e-05
160.55,-1.9184e-05
160.6,-2.0695e-05
160.65,-2.1643e-05
160.7,-2.2002e-05
160.75,-2.1763e-05
160.8,-2.0933e-05
160.85,-1.9535e-05
160.9,-1.7605e-05
160.95,-1.5199e-05
161,-1.238e-05
161.05,-9.2258e-06
161.1,-5.8218e-06
161.15,-2.261e-06
161.2,1.36e-06
161.25,4.9429e-06
161.3,8.3907e-06
161.35,1.1609e-05
161.4,1.4512e-05
161.45,1.7019e-05
161.5,1.9064e-05
161.55,2.059e-05
161.6,2.1557e-05
161.65,2.1939e-05
161.7,2.1726e-05
161.75,2.0922e-05
161.8,1.9551e-05
161.85,1.7651e-05
161.9,1.5272e-05
161.95,1.2479e-05
162,9.3491e-06
162.05,5.9665e-06
162.1,2.4232e-06
162.15,-1.1849e-06
162.2,-4.7595e-06
162.25,-8.2038e-06
162.3,-1.1425e-05
162.35,-1.4335e-05
162.4,-1.6855e-05
162.45,-1.8918e-05
162.5,-2.0467e-05
162.55,-2.1461e-05
162.6,-2.1872e-05
162.65,-2.1691e-05
162.7,-2.0922e-05
162.75,-1.9587e-05
162.8,-1.7721e-05
162.85,-1.5375e-05
162.9,-1.2614e-05
162.95,-9.512e-06
163,-6.1531e-06
163.05,-2.6287e-06
163.1,9.6562e-07
163.15,4.5327e-06
163.2,7.9761e-06
163.25,1.1202e-05
163.3,1.4124e-05
163.35,1.6662e-05
163.4,1.8749e-05
163.45,2.0327e-05
163.5,2.1355e-05
163.55,2.1804e-05
163.6,2.1663e-05
163.65,2.0935e-05
163.7,1.9642e-05
163.75,1.7817e-05
163.8,1.5511e-05
163.85,1.2786e-05
163.9,9.7156e-06
163.95,6.3837e-06
164,2.8802e-06
164.05,-7.003e-07
164.1,-4.2605e-06
164.15,-7.7043e-06
164.2,-1.0939e-05
164.25,-1.3876e-05
164.3,-1.6438e-05
164.35,-1.8554e-05
164.4,-2.0167e-05
164.45,-2.1235e-05
164.5,-2.1729e-05
164.55,-2.1635e-05
164.6,-2.0956e-05
164.65,-1.9712e-05
164.7,-1.7934e-05
164.75,-1.5673e-05
164.8,-1.2989e-05
164.85,-9.955e-06
164.9,-6.6528e-06
164.95,-3.1719e-06
165,3.934e-07
165.05,3.947e-06
165.1,7.3929e-06
165.15,1.0638e-05
165.2,1.3595e-05
165.25,1.6183e-05
165.3,1.8334e-05
165.35,1.999e-05
165.4,2.1104e-05
165.45,2.1649e-05
165.5,2.161e-05
165.55,2.0986e-05
165.6,1.9797e-05
165.65,1.8074e-05
165.7,1.5863e-05
165.75,1.3225e-05
165.8,1.0231e-05
165.85,6.9622e-06
165.9,3.5064e-06
165.95,-4.2971e-08
166,-3.59e-06
166.05,-7.0389e-06
166.1,-1.0297e-05
166.15,-1.3276e-05
166.2,-1.5896e-05
166.25,-1.8087e-05
166.3,-1.9789e-05
166.35,-2.0957e-05
166.4,-2.156e-05
166.45,-2.1581e-05
166.5,-2.102e-05
166.55,-1.9892e-05
166.6,-1.8229e-05
166.65,-1.6075e-05
166.7,-1.3488e-05
166.75,-1.0539e-05
166.8,-7.3065e-06
166.85,-3.8781e-06
166.9,-3.4638e-07
166.95,3.1936e-06
167,6.6465e-06
167.05,9.9192e-06
167.1,1.2924e-05
167.15,1.5579e-05
167.2,1.7814e-05
167.25,1.9568e-05
167.3,2.0795e-05
167.35,2.1462e-05
167.4,2.155e-05
167.45,2.1058e-05
167.5,1.9999e-05
167.55,1.8402e-05
167.6,1.631e-05
167.65,1.378e-05
167.7,1.088e-05
167.75,7.6873e-06
167.8,4.2892e-06
167.85,7.7668e-07
167.9,-2.7556e-06
167.95,-6.2125e-06
168,-9.5012e-06
168.05,-1.2533e-05
168.1,-1.5227e-05
168.15,-1.751e-05
168.2,-1.9322e-05
168.25,-2.0613e-05
168.3,-2.1349e-05
168.35,-2.1511e-05
168.4,-2.1094e-05
168.45,-2.011e-05
168.5,-1.8586e-05
168.55,-1.6562e-05
168.6,-1.4094e-05
168.65,-1.1247e-05
168.7,-8.099e-06
168.75,-4.7341e-06
168.8,-1.2431e-06
168.85,2.2802e-06
168.9,5.7411e-06
168.95,9.0468e-06
169,1.2108e-05
169.05,1.4843e-05
169.1,1.7179e-05
169.15,1.9052e-05
169.2,2.0412e-05
169.25,2.1224e-05
169.3,2.1465e-05
169.35,2.113e-05
169.4,2.0227e-05
169.45,1.8781e-05
169.5,1.6832e-05
169.55,1.443e-05
169.6,1.1642e-05
169.65,8.5428e-06
169.7,5.2146e-06
169.75,1.7477e-06
169.8,-1.7652e-06
169.85,-5.2295e-06
169.9,-8.5524e-06
169.95,-1.1645e-05
170,-1.4423e-05
170.05,-1.6814e-05
170.1,-1.8753e-05
170.15,-2.0187e-05
170.2,-2.108e-05
170.25,-2.1406e-05
170.3,-2.1159e-05
170.35,-2.0343e-05
170.4,-1.8982e-05
170.45,-1.7112e-05
170.5,-1.4784e-05
170.55,-1.206e-05
170.6,-9.013e-06
170.65,-5.7254e-06
170.7,-2.2854e-06
170.75,1.215e-06
170.8,4.6816e-06
170.85,8.0217e-06
170.9,1.1146e-05
170.95,1.397e-05
171,1.6418e-05
171.05,1.8426e-05
171.1,1.994e-05
171.15,2.0918e-05
171.2,2.1335e-05
171.25,2.1181e-05
171.3,2.0459e-05
171.35,1.9188e-05
171.4,1.7404e-05
171.45,1.5155e-05
171.5,1.25e-05
171.55,9.5106e-06
171.6,6.2676e-06
171.65,2.8579e-06
171.7,-6.2746e-07
171.75,-4.0948e-06
171.8,-7.4515e-06
171.85,-1.0607e-05
171.9,-1.3478e-05
171.95,-1.5987e-05
172,-1.8068e-05
172.05,-1.9663e-05
172.1,-2.0732e-05
172.15,-2.1245e-05
172.2,-2.119e-05
172.25,-2.0567e-05
172.3,-1.9394e-05
172.35,-1.7702e-05
172.4,-1.5536e-05
172.45,-1.2956e-05
172.5,-1.003e-05
172.55,-6.8359e-06
172.6,-3.4601e-06
172.65,7.2526e-09
172.7,3.4733e-06
172.75,6.8453e-06
172.8,1.0033e-05
172.85,1.2952e-05
172.9,1.5523e-05
172.95,1.7678e-05
173,1.936e-05
173.05,2.0523e-05
173.1,2.1137e-05
173.15,2.1186e-05
173.2,2.0668e-05
173.25,1.9598e-05
173.3,1.8004e-05
173.35,1.5929e-05
173.4,1.3429e-05
173.45,1.0571e-05
173.5,7.4309e-06
173.55,4.0933e-06
173.6,6.4742e-07
173.65,-2.8147e-06
173.7,-6.2005e-06
173.75,-9.4197e-06
173.8,-1.2386e-05
173.85,-1.502e-05
173.9,-1.7253e-05
173.95,-1.9023e-05
174,-2.0285e-05
174.05,-2.1005e-05
174.1,-2.1163e-05
174.15,-2.0756e-05
174.2,-1.9794e-05
174.25,-1.8304e-05
174.3,-1.6326e-05
174.35,-1.3912e-05
174.4,-1.1128e-05
174.45,-8.047e-06
174.5,-4.7523e-06
174.55,-1.3317e-06
174.6,2.1235e-06
174.65,5.5207e-06
174.7,8.7697e-06
174.75,1.1784e-05
174.8,1.4482e-05
174.85,1.6793e-05
174.9,1.8655e-05
174.95,2.0019e-05
175,2.0848e-05
175.05,2.112e-05
175.1,2.0829e-05
175.15,1.9982e-05
175.2,1.8602e-05
175.25,1.6727e-05
175.3,1.4406e-05
175.35,1.1701e-05
175.4,8.6846e-06
175.45,5.4377e-06
175.5,2.0469e-06
175.55,-1.3975e-06
175.6,-4.8035e-06
175.65,-8.0805e-06
175.7,-1.1141e-05
175.75,-1.3903e-05
175.8,-1.6294e-05
175.85,-1.825e-05
175.9,-1.9718e-05
175.95,-2.066e-05
176,-2.1052e-05
176.05,-2.0882e-05
176.1,-2.0155e-05
176.15,-1.8891e-05
176.2,-1.7125e-05
176.25,-1.4902e-05
176.3,-1.2283e-05
176.35,-9.3376e-06
176.4,-6.1441e-06
176.45,-2.788e-06
176.5,6.4163e-07
176.55,4.053e-06
176.6,7.3553e-06
176.65,1.0461e-05
176.7,1.3287e-05
176.75,1.5758e-05
176.8,1.7808e-05
176.85,1.9384e-05
176.9,2.0443e-05
176.95,2.0957e-05
177,2.0913e-05
177.05,2.0312e-05
177.1,1.9171e-05
177.15,1.7519e-05
177.2,1.5402e-05
177.25,1.2875e-05
177.3,1.0006e-05
177.35,6.8719e-06
177.4,3.5556e-06
177.45,1.458e-07
177.5,-3.2668e-06
177.55,-6.5916e-06
177.6,-9.74e-06
177.65,-1.2628e-05
177.7,-1.5179e-05
177.75,-1.7326e-05
177.8,-1.9011e-05
177.85,-2.0189e-05
177.9,-2.083e-05
177.95,-2.0917e-05
178,-2.0447e-05
178.05,-1.9433e-05
178.1,-1.7903e-05
178.15,-1.5898e-05
178.2,-1.347e-05
178.25,-1.0684e-05
178.3,-7.615e-06
178.35,-4.3446e-06
178.4,-9.5961e-07
178.45,2.45e-06
178.5,5.7932e-06
178.55,8.9814e-06
178.6,1.193e-05
178.65,1.4561e-05
178.7,1.6803e-05
178.75,1.8599e-05
178.8,1.9899e-05
178.85,2.067e-05
178.9,2.0892e-05
178.95,2.0558e-05
179,1.9678e-05
179.05,1.8276e-05
179.1,1.6388e-05
179.15,1.4066e-05
179.2,1.137e-05
179.25,8.3734e-06
179.3,5.1549e-06
179.35,1.8007e-06
179.4,-1.6004e-06
179.45,-4.9579e-06
179.5,-8.1829e-06
179.55,-1.1189e-05
179.6,-1.3898e-05
179.65,-1.6236e-05
179.7,-1.8143e-05
179.75,-1.9567e-05
179.8,-2.0472e-05
179.85,-2.0832e-05
179.9,-2.0639e-05
179.95,-1.9899e-05
180,-1.863e-05
180.05,-1.6867e-05
180.1,-1.4657e-05
180.15,-1.2058e-05
180.2,-9.1405e-06
180.25,-5.981e-06
180.3,-2.6638e-06
180.35,7.234e-07
180.4,4.0902e-06
180.45,7.3474e-06
180.5,1.0409e-05
180.55,1.3193e-05
180.6,1.5627e-05
180.65,1.7644e-05
180.7,1.9194e-05
180.75,2.0234e-05
180.8,2.0737e-05
180.85,2.0689e-05
180.9,2.0093e-05
180.95,1.8964e-05
181,1.7332e-05
181.05,1.5242e-05
181.1,1.2748e-05
181.15,9.9162e-06
181.2,6.8224e-06
181.25,3.5488e-06
181.3,1.8226e-07
181.35,-3.1881e-06
181.4,-6.4731e-06
181.45,-9.5856e-06
181.5,-1.2443e-05
181.55,-1.4969e-05
181.6,-1.7098e-05
181.65,-1.8774e-05
181.7,-1.9951e-05
181.75,-2.0599e-05
181.8,-2.0701e-05
181.85,-2.0254e-05
181.9,-1.9271e-05
181.95,-1.7777e-05
182,-1.5813e-05
182.05,-1.3431e-05
182.1,-1.0693e-05
182.15,-7.6728e-06
182.2,-4.4504e-06
182.25,-1.1109e-06
182.3,2.2572e-06
182.35,5.5641e-06
182.4,8.7228e-06
182.45,1.165e-05
182.5,1.4267e-05
182.55,1.6506e-05
182.6,1.8307e-05
182.65,1.9623e-05
182.7,2.0419e-05
182.75,2.0674e-05
182.8,2.0381e-05
182.85,1.9549e-05
182.9,1.82e-05
182.95,1.637e-05
183,1.4106e-05
183.05,1.147e-05
183.1,8.5316e-06
183.15,5.3675e-06
183.2,2.0627e-06
183.25,-1.2956e-06
183.3,-4.6187e-06
183.35,-7.8189e-06
183.4,-1.0811e-05
183.45,-1.3516e-05
183.5,-1.5863e-05
183.55,-1.7789e-05
183.6,-1.9244e-05
183.65,-2.019e-05
183.7,-2.0601e-05
183.75,-2.0467e-05
183.8,-1.9792e-05
183.85,-1.8593e-05
183.9,-1.6904e-05
183.95,-1.4767e-05
184,-1.2241e-05
184.05,-9.3912e-06
184.1,-6.2944e-06
184.15,-3.0322e-06
184.2,3.0969e-07
184.25,3.6422e-06
184.3,6.8772e-06
184.35,9.9296e-06
184.4,1.2719e-05
184.45,1.5171e-05
184.5,1.7221e-05
184.55,1.8815e-05
184.6,1.9912e-05
184.65,2.0482e-05
184.7,2.0511e-05
184.75,1.9997e-05
184.8,1.8956e-05
184.85,1.7413e-05
184.9,1.5411e-05
184.95,1.3003e-05
185,1.0251e-05
185.05,7.2298e-06
185.1,4.0179e-06
185.15,7.013e-07
185.2,-2.6329e-06
185.25,-5.8968e-06
185.3,-9.0041e-06
185.35,-1.1872e-05
185.4,-1.4426e-05
185.45,-1.6598e-05
185.5,-1.8332e-05
185.55,-1.958e-05
185.6,-2.0311e-05
185.65,-2.0506e-05
185.7,-2.0159e-05
185.75,-1.9279e-05
185.8,-1.7891e-05
185.85,-1.6031e-05
185.9,-1.3749e-05
185.95,-1.1104e-05
186,-8.1664e-06
186.05,-5.0146e-06
186.1,-1.7311e-06
186.15,1.5973e-06
186.2,4.8823e-06
186.25,8.0374e-06
186.3,1.098e-05
186.35,1.3632e-05
186.4,1.5923e-05
186.45,1.7793e-05
186.5,1.9193e-05
186.55,2.0087e-05
186.6,2.045e-05
186.65,2.0273e-05
186.7,1.9562e-05
186.75,1.8336e-05
186.8,1.6625e-05
186.85,1.4477e-05
186.9,1.1947e-05
186.95,9.1034e-06
187,6.0199e-06
187.05,2.7788e-06
187.1,-5.3439e-07
187.15,-3.8326e-06
187.2,-7.0292e-06
187.25,-1.0039e-05
187.3,-1.2783e-05
187.35,-1.519e-05
187.4,-1.7195e-05
187.45,-1.8747e-05
187.5,-1.9803e-05
187.55,-2.0338e-05
187.6,-2.0336e-05
187.65,-1.9798e-05
187.7,-1.8738e-05
187.75,-1.7185e-05
187.8,-1.5179e-05
187.85,-1.2774e-05
187.9,-1.0032e-05
187.95,-7.0274e-06
188,-3.8385e-06
188.05,-5.4892e-07
188.1,2.7542e-06
188.15,5.9834e-06
188.2,9.054e-06
188.25,1.1886e-05
188.3,1.4403e-05
188.35,1.654e-05
188.4,1.8241e-05
188.45,1.9461e-05
188.5,2.0169e-05
188.55,2.0344e-05
188.6,1.9983e-05
188.65,1.9097e-05
188.7,1.7708e-05
188.75,1.5853e-05
188.8,1.3581e-05
188.85,1.0952e-05
188.9,8.0352e-06
188.95,4.9075e-06
189,1.652e-06
189.05,-1.6459e-06
189.1,-4.8998e-06
189.15,-8.0241e-06
189.2,-1.0936e-05
189.25,-1.3559e-05
189.3,-1.5824e-05
189.35,-1.7673e-05
189.4,-1.9055e-05
189.45,-1.9935e-05
189.5,-2.0291e-05
189.55,-2.0113e-05
189.6,-1.9405e-05
189.65,-1.8186e-05
189.7,-1.649e-05
189.75,-1.4361e-05
189.8,-1.1853e-05
189.85,-9.0348e-06
189.9,-5.9799e-06
189.95,-2.7684e-06
190,5.1541e-07
190.05,3.7845e-06
190.1,6.9528e-06
190.15,9.9375e-06
190.2,1.266e-05
190.25,1.5049e-05
190.3,1.7041e-05
190.35,1.8585e-05
190.4,1.9639e-05
190.45,2.0177e-05
190.5,2.0183e-05
190.55,1.9659e-05
190.6,1.8619e-05
190.65,1.7089e-05
190.7,1.511e-05
190.75,1.2735e-05
190.8,1.0025e-05
190.85,7.0527e-06
190.9,3.8954e-06
190.95,6.3723e-07
191,-2.6368e-06
191.05,-5.8409e-06
191.1,-8.8907e-06
191.15,-1.1705e-05
191.2,-1.4212e-05
191.25,-1.6344e-05
191.3,-1.8047e-05
191.35,-1.9274e-05
191.4,-1.9994e-05
191.45,-2.0189e-05
191.5,-1.9854e-05
191.55,-1.8996e-05
191.6,-1.764e-05
191.65,-1.5822e-05
191.7,-1.3587e-05
191.75,-1.0996e-05
191.8,-8.1178e-06
191.85,-5.0269e-06
191.9,-1.8046e-06
191.95,1.4645e-06
192,4.6938e-06
192.05,7.7988e-06
192.1,1.0698e-05
192.15,1.3316e-05
192.2,1.5584e-05
192.25,1.7441e-05
192.3,1.884e-05
192.35,1.9744e-05
192.4,2.0129e-05
192.45,1.9985e-05
192.5,1.9317e-05
192.55,1.8143e-05
192.6,1.6491e-05
192.65,1.4408e-05
192.7,1.1947e-05
192.75,9.1734e-06
192.8,6.1591e-06
192.85,2.9842e-06
192.9,-2.6765e-07
192.95,-3.5117e-06
193,-6.6631e-06
193.05,-9.6386e-06
193.1,-1.236e-05
193.15,-1.4756e-05
193.2,-1.6765e-05
193.25,-1.8333e-05
193.3,-1.9419e-05
193.35,-1.9996e-05
193.4,-2.0048e-05
193.45,-1.9574e-05
193.5,-1.8586e-05
193.55,-1.7112e-05
193.6,-1.5189e-05
193.65,-1.2868e-05
193.7,-1.0209e-05
193.75,-7.2844e-06
193.8,-4.1695e-06
193.85,-9.4558e-07
193.9,2.3024e-06
193.95,5.4885e-06
194,8.5298e-06
194.05,1.1347e-05
194.1,1.3866e-05
194.15,1.602e-05
194.2,1.7754e-05
194.25,1.9022e-05
194.3,1.9791e-05
194.35,2.004e-05
194.4,1.9764e-05
194.45,1.897e-05
194.5,1.768e-05
194.55,1.5926e-05
194.6,1.3755e-05
194.65,1.1224e-05
194.7,8.4e-06
194.75,5.356e-06
194.8,2.1729e-06
194.85,-1.066e-06
194.9,-4.2762e-06
194.95,-7.3739e-06
195,-1.0277e-05
195.05,-1.291e-05
195.1,-1.5204e-05
195.15,-1.7099e-05
195.2,-1.8546e-05
195.25,-1.9506e-05
195.3,-1.9955e-05
195.35,-1.9881e-05
195.4,-1.9286e-05
195.45,-1.8186e-05
195.5,-1.661e-05
195.55,-1.46e-05
195.6,-1.2207e-05
195.65,-9.4957e-06
195.7,-6.5365e-06
195.75,-3.407e-06
195.8,-1.8858e-07
195.85,3.0339e-06
195.9,6.1754e-06
195.95,9.1545e-06
196,1.1894e-05
196.05,1.432e-05
196.1,1.6371e-05
196.15,1.7993e-05
196.2,1.9143e-05
196.25,1.9792e-05
196.3,1.9922e-05
196.35,1.9531e-05
196.4,1.8629e-05
196.45,1.724e-05
196.5,1.5399e-05
196.55,1.3156e-05
196.6,1.057e-05
196.65,7.7071e-06
196.7,4.6432e-06
196.75,1.4592e-06
196.8,-1.7618e-06
196.85,-4.9362e-06
196.9,-7.981e-06
196.95,-1.0815e-05
197,-1.3366e-05
197.05,-1.5567e-05
197.1,-1.7359e-05
197.15,-1.8697e-05
197.2,-1.9545e-05
197.25,-1.9882e-05
197.3,-1.9699e-05
197.35,-1.9e-05
197.4,-1.7804e-05
197.45,-1.6143e-05
197.5,-1.4061e-05
197.55,-1.1611e-05
197.6,-8.8578e-06
197.65,-5.8743e-06
197.7,-2.738e-06
197.75,4.6979e-07
197.8,3.6641e-06
197.85,6.7611e-06
197.9,9.6809e-06
197.95,1.2347e-05
198,1.469e-05
198.05,1.6647e-05
198.1,1.8169e-05
198.15,1.9216e-05
198.2,1.9759e-05
198.25,1.9786e-05
198.3,1.9296e-05
198.35,1.8302e-05
198.4,1.683e-05
198.45,1.4917e-05
198.5,1.2616e-05
198.55,9.9861e-06
198.6,7.0953e-06
198.65,4.0196e-06
198.7,8.4044e-07
198.75,-2.3597e-06
198.8,-5.4979e-06
198.85,-8.4917e-06
198.9,-1.1262e-05
198.95,-1.3738e-05
199,-1.5854e-05
199.05,-1.7555e-05
199.1,-1.8797e-05
199.15,-1.9548e-05
199.2,-1.9788e-05
199.25,-1.9511e-05
199.3,-1.8723e-05
199.35,-1.7448e-05
199.4,-1.5717e-05
199.45,-1.3576e-05
199.5,-1.108e-05
199.55,-8.2964e-06
199.6,-5.2971e-06
199.65,-2.1599e-06
199.7,1.0335e-06
199.75,4.1985e-06
199.8,7.2525e-06
199.85,1.0117e-05
199.9,1.2717e-05
199.95,1.4983e-05
200,1.6858e-05
200.05,1.8292e-05
200.1,1.9248e-05
200.15,1.9702e-05
200.2,1.964e-05
200.25,1.9067e-05
200.3,1.7996e-05
200.35,1.6455e-05
200.4,1.4485e-05
200.45,1.2138e-05
200.5,9.4745e-06
200.55,6.5642e-06
200.6,3.4833e-06
200.65,3.1303e-07
200.7,-2.8645e-06
200.75,-5.9671e-06
200.8,-8.9132e-06
200.85,-1.1625e-05
200.9,-1.4033e-05
200.95,-1.6075e-05
201,-1.7696e-05
201.05,-1.8855e-05
201.1,-1.9522e-05
201.15,-1.968e-05
201.2,-1.9324e-05
201.25,-1.8463e-05
201.3,-1.7122e-05
201.35,-1.5335e-05
201.4,-1.3148e-05
201.45,-1.0617e-05
201.5,-7.8115e-06
201.55,-4.8031e-06
201.6,-1.6698e-06
201.65,1.5067e-06
201.7,4.6424e-06
201.75,7.6559e-06
201.8,1.0469e-05
201.85,1.301e-05
201.9,1.5209e-05
201.95,1.7011e-05
202,1.837e-05
202.05,1.925e-05
202.1,1.9627e-05
202.15,1.9492e-05
202.2,1.8849e-05
202.25,1.7715e-05
202.3,1.612e-05
202.35,1.4104e-05
202.4,1.1722e-05
202.45,9.035e-06
202.5,6.1125e-06
202.55,3.0316e-06
202.6,-1.267e-07
202.65,-3.281e-06
202.7,-6.3497e-06
202.75,-9.2518e-06
202.8,-1.1911e-05
202.85,-1.426e-05
202.9,-1.6237e-05
202.95,-1.779e-05
203,-1.8879e-05
203.05,-1.9475e-05
203.1,-1.9565e-05
203.15,-1.9144e-05
203.2,-1.8224e-05
203.25,-1.6831e-05
203.3,-1.4999e-05
203.35,-1.2777e-05
203.4,-1.0222e-05
203.45,-7.402e-06
203.5,-4.3904e-06
203.55,-1.2646e-06
203.6,1.8938e-06
203.65,5.0011e-06
203.7,7.9772e-06
203.75,1.0745e-05
203.8,1.3233e-05
203.85,1.5375e-05
203.9,1.7116e-05
203.95,1.8411e-05
204,1.9227e-05
204.05,1.9541e-05
204.1,1.9346e-05
204.15,1.8648e-05
204.2,1.7465e-05
204.25,1.5826e-05
204.3,1.3777e-05
204.35,1.1369e-05
204.4,8.6667e-06
204.45,5.7384e-06
204.5,2.6618e-06
204.55,-4.8258e-07
204.6,-3.6138e-06
204.65,-6.6509e-06
204.7,-9.5136e-06
204.75,-1.2127e-05
