0,0
0.05,0
0.1,0
0.15,0
0.2,0
0.25,0
0.3,0
0.35,0
0.4,0
0.45,0
0.5,0
0.55,0
0.6,0
0.65,0
0.7,0
0.75,0
0.8,0
0.85,0
0.9,0
0.95,0
1,0
1.05,0
1.1,0
1.15,0
1.2,0
1.25,0
1.3,0
1.35,0
1.4,0
1.45,0
1.5,0
1.55,0
1.6,0
1.65,0
1.7,0
1.75,0
1.8,0
1.85,0
1.9,0
1.95,0
2,0
2.05,0
2.1,0
2.15,0
2.2,0
2.25,0
2.3,0
2.35,0
2.4,0
2.45,0
2.5,0
2.55,0
2.6,0
2.65,0
2.7,0
2.75,0
2.8,0
2.85,0
2.9,0
2.95,0
3,0
3.05,0
3.1,0
3.15,0
3.2,0
3.25,0
3.3,0
3.35,0
3.4,0
3.45,0
3.5,0
3.55,0
3.6,0
3.65,0
3.7,0
3.75,0
3.8,0
3.85,0
3.9,0
3.95,0
4,0
4.05,0
4.1,0
4.15,0
4.2,0
4.25,0
4.3,0
4.35,0
4.4,0
4.45,0
4.5,0
4.55,0
4.6,0
4.65,0
4.7,0
4.75,0
4.8,0
4.85,0
4.9,0
4.95,0
5,0
5.05,0
5.1,0
5.15,0
5.2,0
5.25,0
5.3,0
5.35,0
5.4,0
5.45,0
5.5,0
5.55,0
5.6,0
5.65,0
5.7,0
5.75,0
5.8,0
5.85,0
5.9,0
5.95,0
6,0
6.05,0
6.1,0
6.15,0
6.2,0
6.25,0
6.3,0
6.35,0
6.4,0
6.45,0
6.5,0
6.55,0
6.6,0
6.65,0
6.7,0
6.75,0
6.8,0
6.85,0
6.9,0
6.95,0
7,0
7.05,0
7.1,0
7.15,0
7.2,0
7.25,0
7.3,0
7.35,0
7.4,0
7.45,0
7.5,0
7.55,0
7.6,0
7.65,0
7.7,0
7.75,0
7.8,0
7.85,0
7.9,0
7.95,0
8,0
8.05,0
8.1,0
8.15,0
8.2,0
8.25,0
8.3,0
8.35,0
8.4,0
8.45,0
8.5,0
8.55,0
8.6,0
8.65,0
8.7,0
8.75,0
8.8,0
8.85,0
8.9,0
8.95,0
9,0
9.05,0
9.1,0
9.15,0
9.2,0
9.25,0
9.3,0
9.35,0
9.4,0
9.45,0
9.5,0
9.55,0
9.6,0
9.65,0
9.7,0
9.75,0
9.8,0
9.85,0
9.9,0
9.95,0
10,0
10.05,0
10.1,0
10.15,0
10.2,0
10.25,0
10.3,0
10.35,0
10.4,0
10.45,0
10.5,0
10.55,0
10.6,0
10.65,0
10.7,0
10.75,0
10.8,0
10.85,0
10.9,0
10.95,0
11,0
11.05,0
11.1,0
11.15,0
11.2,0
11.25,0
11.3,0
11.35,0
11.4,0
11.45,0
11.5,0
11.55,0
11.6,0
11.65,0
11.7,0
11.75,0
11.8,0
11.85,0
11.9,0
11.95,0
12,0
12.05,0
12.1,0
12.15,0
12.2,0
12.25,0
12.3,0
12.35,0
12.4,0
12.45,0
12.5,0
12.55,0
12.6,0
12.65,0
12.7,0
12.75,0
12.8,0
12.85,0
12.9,0
12.95,0
13,0
13.05,0
13.1,0
13.15,0
13.2,0
13.25,0
13.3,0
13.35,0
13.4,0
13.45,0
13.5,0
13.55,0
13.6,0
13.65,0
13.7,0
13.75,0
13.8,0
13.85,0
13.9,0
13.95,0
14,0
14.05,0
14.1,0
14.15,0
14.2,0
14.25,0
14.3,0
14.35,0
14.4,0
14.45,0
14.5,0
14.55,0
14.6,0
14.65,0
14.7,0
14.75,0
14.8,0
14.85,0
14.9,0
14.95,0
15,0
15.05,0
15.1,0
15.15,0
15.2,0
15.25,0
15.3,0
15.35,0
15.4,0
15.45,0
15.5,0
15.55,0
15.6,0
15.65,0
15.7,0
15.75,0
15.8,0
15.85,0
15.9,0
15.95,0
16,0
16.05,0
16.1,0
16.15,0
16.2,0
16.25,0
16.3,0
16.35,0
16.4,0
16.45,0
16.5,0
16.55,0
16.6,0
16.65,0
16.7,0
16.75,0
16.8,0
16.85,0
16.9,0
16.95,0
17,0
17.05,0
17.1,0
17.15,0
17.2,0
17.25,0
17.3,0
17.35,0
17.4,0
17.45,0
17.5,0
17.55,0
17.6,0
17.65,0
17.7,0
17.75,0
17.8,0
17.85,0
17.9,0
17.95,0
18,0
18.05,0
18.1,0
18.15,0
18.2,0
18.25,0
18.3,0
18.35,0
18.4,0
18.45,0
18.5,0
18.55,0
18.6,0
18.65,0
18.7,0
18.75,0
18.8,0
18.85,0
18.9,0
18.95,0
19,0
19.05,0
19.1,0
19.15,0
19.2,0
19.25,0
19.3,0
19.35,0
19.4,0
19.45,0
19.5,0
19.55,0
19.6,0
19.65,0
19.7,0
19.75,0
19.8,0
19.85,0
19.9,0
19.95,0
20,0
20.05,0
20.1,0
20.15,0
20.2,0
20.25,0
20.3,0
20.35,0
20.4,0
20.45,0
20.5,0
20.55,0
20.6,0
20.65,0
20.7,0
20.75,0
20.8,0
20.85,0
20.9,0
20.95,0
21,0
21.05,0
21.1,0
21.15,0
21.2,0
21.25,0
21.3,0
21.35,0
21.4,0
21.45,0
21.5,0
21.55,0
21.6,0
21.65,0
21.7,0
21.75,0
21.8,0
21.85,0
21.9,0
21.95,0
22,0
22.05,0
22.1,0
22.15,0
22.2,0
22.25,0
22.3,0
22.35,0
22.4,0
22.45,0
22.5,0
22.55,0
22.6,0
22.65,0
22.7,0
22.75,0
22.8,0
22.85,0
22.9,0
22.95,0
23,0
23.05,0
23.1,0
23.15,0
23.2,0
23.25,0
23.3,0
23.35,0
23.4,0
23.45,0
23.5,0
23.55,0
23.6,0
23.65,0
23.7,0
23.75,0
23.8,0
23.85,0
23.9,0
23.95,0
24,0
24.05,0
24.1,0
24.15,0
24.2,0
24.25,0
24.3,0
24.35,0
24.4,0
24.45,0
24.5,0
24.55,0
24.6,0
24.65,0
24.7,0
24.75,0
24.8,0
24.85,0
24.9,0
24.95,0
25,0
25.05,0
25.1,0
25.15,0
25.2,0
25.25,0
25.3,0
25.35,0
25.4,0
25.45,0
25.5,0
25.55,0
25.6,0
25.65,0
25.7,0
25.75,0
25.8,0
25.85,0
25.9,0
25.95,0
26,0
26.05,0
26.1,0
26.15,0
26.2,0
26.25,0
26.3,0
26.35,0
26.4,0
26.45,0
26.5,0
26.55,0
26.6,0
26.65,0
26.7,0
26.75,0
26.8,0
26.85,0
26.9,0
26.95,0
27,0
27.05,0
27.1,0
27.15,0
27.2,0
27.25,0
27.3,0
27.35,0
27.4,0
27.45,0
27.5,0
27.55,0
27.6,0
27.65,0
27.7,0
27.75,0
27.8,0
27.85,0
27.9,0
27.95,0
28,0
28.05,0
28.1,0
28.15,0
28.2,0
28.25,0
28.3,0
28.35,-1.2856e-05
28.4,-1.8911e-05
28.45,4.5478e-05
28.5,1.5052e-05
28.55,-1.9177e-05
28.6,-4.9601e-05
28.65,-6.9246e-05
28.7,-7.3579e-05
28.75,-6.1517e-05
28.8,-3.5805e-05
28.85,-2.4097e-06
28.9,3.0984e-05
28.95,5.6835e-05
29,6.9388e-05
29.05,6.5861e-05
29.1,4.71e-05
29.15,1.7471e-05
29.2,-1.617e-05
29.25,-4.615e-05
29.3,-6.5737e-05
29.35,-7.0568e-05
29.4,-5.9578e-05
29.45,-3.5297e-05
29.5,-3.2975e-06
29.55,2.9147e-05
29.6,5.4765e-05
29.65,6.7883e-05
29.7,6.5611e-05
29.75,4.8511e-05
29.8,2.0514e-05
29.85,-1.2015e-05
29.9,-4.1783e-05
29.95,-6.2191e-05
30,-6.8737e-05
30.05,-6.0004e-05
30.1,-3.8014e-05
30.15,-7.7594e-06
30.2,2.3992e-05
30.25,5.0222e-05
30.3,6.5165e-05
30.35,6.5555e-05
30.4,5.1377e-05
30.45,2.5874e-05
30.5,-5.2498e-06
30.55,-3.5127e-05
30.6,-5.7204e-05
30.65,-6.6654e-05
30.7,-6.1456e-05
30.75,-4.2855e-05
30.8,-1.5019e-05
30.85,1.5926e-05
30.9,4.322e-05
30.95,6.0909e-05
31,6.5178e-05
31.05,5.5194e-05
31.1,3.3233e-05
31.15,4.1228e-06
31.2,-2.5791e-05
31.25,-5.0004e-05
31.3,-6.3289e-05
31.35,-6.2855e-05
31.4,-4.8892e-05
31.45,-2.4481e-05
31.5,5.07e-06
31.55,3.3353e-05
31.6,5.428e-05
31.65,6.3419e-05
31.7,5.8895e-05
31.75,4.1747e-05
31.8,1.5713e-05
31.85,-1.3572e-05
31.9,-3.9823e-05
31.95,-5.7475e-05
32,-6.2833e-05
32.05,-5.4815e-05
32.1,-3.5202e-05
32.15,-8.2473e-06
32.2,2.0284e-05
32.25,4.4357e-05
32.3,5.8914e-05
32.35,6.0923e-05
32.4,5.0039e-05
32.45,2.8656e-05
32.5,1.3427e-06
32.55,-2.6138e-05
32.6,-4.801e-05
32.65,-5.9706e-05
32.7,-5.8849e-05
32.75,-4.5714e-05
32.8,-2.3117e-05
32.85,4.1771e-06
32.9,3.0437e-05
32.95,5.0191e-05
33,5.9388e-05
33.05,5.6196e-05
33.1,4.1344e-05
33.15,1.7984e-05
33.2,-8.9791e-06
33.25,-3.3946e-05
33.3,-5.1791e-05
33.35,-5.8881e-05
33.4,-5.3814e-05
33.45,-3.7719e-05
33.5,-1.3989e-05
33.55,1.2463e-05
33.6,3.621e-05
33.65,5.24e-05
33.7,5.7768e-05
33.75,5.1304e-05
33.8,3.4414e-05
33.85,1.0594e-05
33.9,-1.5263e-05
33.95,-3.7878e-05
34,-5.2687e-05
34.05,-5.6758e-05
34.1,-4.9334e-05
34.15,-3.1986e-05
34.2,-8.2954e-06
34.25,1.6911e-05
34.3,3.856e-05
34.35,5.2325e-05
34.4,5.5485e-05
34.45,4.7485e-05
34.5,3.0018e-05
34.55,6.6406e-06
34.6,-1.7944e-05
34.65,-3.881e-05
34.7,-5.182e-05
34.75,-5.4455e-05
34.8,-4.6264e-05
34.85,-2.8941e-05
34.9,-5.991e-06
34.95,1.799e-05
35,3.8261e-05
35.05,5.085e-05
35.1,5.3321e-05
35.15,4.526e-05
35.2,2.8342e-05
35.25,5.9531e-06
35.3,-1.7482e-05
35.35,-3.7354e-05
35.4,-4.9794e-05
35.45,-5.2438e-05
35.5,-4.4842e-05
35.55,-2.8553e-05
35.6,-6.8127e-06
35.65,1.6101e-05
35.7,3.5739e-05
35.75,4.8321e-05
35.8,5.1453e-05
35.85,4.4604e-05
35.9,2.9181e-05
35.95,8.2205e-06
36,-1.4203e-05
36.05,-3.3755e-05
36.1,-4.6697e-05
36.15,-5.061e-05
36.2,-4.4806e-05
36.25,-3.0465e-05
36.3,-1.0404e-05
36.35,1.1501e-05
36.4,3.107e-05
36.45,4.4592e-05
36.5,4.9536e-05
36.55,4.5039e-05
36.6,3.2032e-05
36.65,1.3034e-05
36.7,-8.3102e-06
36.75,-2.7943e-05
36.8,-4.2184e-05
36.85,-4.8396e-05
36.9,-4.5466e-05
36.95,-3.402e-05
37,-1.6283e-05
37.05,4.3825e-06
37.1,2.4086e-05
37.15,3.9146e-05
37.2,4.6795e-05
37.25,4.5675e-05
37.3,3.6057e-05
37.35,1.9796e-05
37.4,-2.4645e-08
37.45,-1.971e-05
37.5,-3.5623e-05
37.55,-4.4844e-05
37.6,-4.573e-05
37.65,-3.8193e-05
37.7,-2.3684e-05
37.75,-4.9247e-06
37.8,1.4596e-05
37.85,3.13e-05
37.9,4.2159e-05
37.95,4.5228e-05
38,4.0013e-05
38.05,2.7545e-05
38.1,1.0146e-05
38.15,-8.9815e-06
38.2,-2.6341e-05
38.25,-3.8806e-05
38.3,-4.4167e-05
38.35,-4.1507e-05
38.4,-3.1377e-05
38.45,-1.5676e-05
38.5,2.732e-06
38.55,2.0513e-05
38.6,3.4473e-05
38.65,4.2148e-05
38.7,4.2224e-05
38.75,3.4744e-05
38.8,2.1113e-05
38.85,3.8219e-06
38.9,-1.4029e-05
38.95,-2.9259e-05
39,-3.9181e-05
39.05,-4.2091e-05
39.1,-3.7536e-05
39.15,-2.638e-05
39.2,-1.0659e-05
39.25,6.8154e-06
39.3,2.2959e-05
39.35,3.494e-05
39.4,4.0691e-05
39.45,3.9268e-05
39.5,3.0981e-05
39.55,1.7336e-05
39.6,7.7213e-07
39.65,-1.5802e-05
39.7,-2.9505e-05
39.75,-3.7975e-05
39.8,-3.9793e-05
39.85,-3.471e-05
39.9,-2.3661e-05
39.95,-8.6138e-06
40,7.7939e-06
40.05,2.273e-05
40.1,3.3635e-05
40.15,3.8668e-05
40.2,3.703e-05
40.25,2.9059e-05
40.3,1.6174e-05
40.35,6.3121e-07
40.4,-1.4897e-05
40.45,-2.7771e-05
40.5,-3.5817e-05
40.55,-3.7719e-05
40.6,-3.3216e-05
40.65,-2.3124e-05
40.7,-9.2083e-06
40.75,6.1426e-06
40.8,2.0333e-05
40.85,3.098e-05
40.9,3.6325e-05
40.95,3.5531e-05
41,2.8783e-05
41.05,1.7268e-05
41.1,2.9649e-06
41.15,-1.1718e-05
41.2,-2.4331e-05
41.25,-3.2787e-05
41.3,-3.5729e-05
41.35,-3.2722e-05
41.4,-2.4317e-05
41.45,-1.1967e-05
41.5,2.2529e-06
41.55,1.598e-05
41.6,2.6953e-05
41.65,3.3396e-05
41.7,3.43e-05
41.75,2.9564e-05
41.8,2.0028e-05
41.85,7.2988e-06
41.9,-6.5183e-06
41.95,-1.9152e-05
42,-2.8559e-05
42.05,-3.3247e-05
42.1,-3.2496e-05
42.15,-2.6488e-05
42.2,-1.625e-05
42.25,-3.4755e-06
42.3,9.7426e-06
42.35,2.1271e-05
42.4,2.9274e-05
42.45,3.2498e-05
42.5,3.0479e-05
42.55,2.3595e-05
42.6,1.2994e-05
42.65,4.1253e-07
42.7,-1.2121e-05
42.75,-2.2617e-05
42.8,-2.942e-05
42.85,-3.1492e-05
42.9,-2.8557e-05
42.95,-2.1127e-05
43,-1.043e-05
43.05,1.8124e-06
43.1,1.3657e-05
43.15,2.3238e-05
43.2,2.9077e-05
43.25,3.03e-05
43.3,2.6759e-05
43.35,1.9066e-05
43.4,8.4653e-06
43.45,-3.3609e-06
43.5,-1.455e-05
43.55,-2.3375e-05
43.6,-2.8489e-05
43.65,-2.9136e-05
43.7,-2.5271e-05
43.75,-1.7537e-05
43.8,-7.1708e-06
43.85,4.1965e-06
43.9,1.4809e-05
43.95,2.3042e-05
44,2.7655e-05
44.05,2.7989e-05
44.1,2.4033e-05
44.15,1.6442e-05
44.2,6.4205e-06
44.25,-4.4866e-06
44.3,-1.4603e-05
44.35,-2.2404e-05
44.4,-2.6735e-05
44.45,-2.6974e-05
44.5,-2.3137e-05
44.55,-1.5848e-05
44.6,-6.2418e-06
44.65,4.2023e-06
44.7,1.391e-05
44.75,2.1432e-05
44.8,2.5663e-05
44.85,2.6014e-05
44.9,2.2472e-05
44.95,1.5613e-05
45,6.501e-06
45.05,-3.49e-06
45.1,-1.2859e-05
45.15,-2.0226e-05
45.2,-2.4527e-05
45.25,-2.5157e-05
45.3,-2.2071e-05
45.35,-1.5766e-05
45.4,-7.2058e-06
45.45,2.3178e-06
45.5,1.1403e-05
45.55,1.872e-05
45.6,2.3218e-05
45.65,2.4281e-05
45.7,2.1786e-05
45.75,1.6147e-05
45.8,8.2196e-06
45.85,-8.2063e-07
45.9,-9.6409e-06
45.95,-1.6976e-05
46,-2.1779e-05
46.05,-2.3386e-05
46.1,-2.1612e-05
46.15,-1.6745e-05
46.2,-9.5294e-06
46.25,-1.0284e-06
46.3,7.5286e-06
46.35,1.4909e-05
46.4,2.0081e-05
46.45,2.2331e-05
46.5,2.1373e-05
46.55,1.7391e-05
46.6,1.098e-05
46.65,3.0866e-06
46.7,-5.1558e-06
46.75,-1.2581e-05
46.8,-1.8143e-05
46.85,-2.1092e-05
46.9,-2.104e-05
46.95,-1.8034e-05
47,-1.2538e-05
47.05,-5.3452e-06
47.1,2.5058e-06
47.15,9.917e-06
47.2,1.586e-05
47.25,1.9522e-05
47.3,2.0432e-05
47.35,1.849e-05
47.4,1.4011e-05
47.45,7.6458e-06
47.5,2.9476e-07
47.55,-7.0048e-06
47.6,-1.3259e-05
47.65,-1.7614e-05
47.7,-1.9498e-05
47.75,-1.8692e-05
47.8,-1.5331e-05
47.85,-9.9216e-06
47.9,-3.2214e-06
47.95,3.8347e-06
48,1.0279e-05
48.05,1.5253e-05
48.1,1.8088e-05
48.15,1.8443e-05
48.2,1.6295e-05
48.25,1.1971e-05
48.3,6.0901e-06
48.35,-5.4526e-07
48.4,-7.0184e-06
48.45,-1.2473e-05
48.5,-1.6187e-05
48.55,-1.7686e-05
48.6,-1.6808e-05
48.65,-1.3693e-05
48.7,-8.799e-06
48.75,-2.7951e-06
48.8,3.502e-06
48.85,9.2488e-06
48.9,1.3702e-05
48.95,1.6276e-05
49,1.6673e-05
49.05,1.4862e-05
49.1,1.1117e-05
49.15,5.9628e-06
49.2,8.6484e-08
49.25,-5.7165e-06
49.3,-1.0701e-05
49.35,-1.4218e-05
49.4,-1.5833e-05
49.45,-1.5368e-05
49.5,-1.2904e-05
49.55,-8.8055e-06
49.6,-3.6144e-06
49.65,1.9683e-06
49.7,7.2202e-06
49.75,1.1469e-05
49.8,1.4175e-05
49.85,1.5024e-05
49.9,1.3922e-05
49.95,1.1053e-05
50,6.8032e-06
50.05,1.7426e-06
50.1,-3.4665e-06
50.15,-8.1668e-06
50.2,-1.1753e-05
50.25,-1.38e-05
50.3,-1.4059e-05
50.35,-1.2535e-05
50.4,-9.4469e-06
50.45,-5.2058e-06
50.5,-3.7626e-07
50.55,4.4376e-06
50.6,8.6135e-06
50.65,1.165e-05
50.7,1.3174e-05
50.75,1.3025e-05
50.8,1.1249e-05
50.85,8.088e-06
50.9,3.9723e-06
50.95,-5.8572e-07
51,-4.9948e-06
51.05,-8.7212e-06
51.1,-1.1308e-05
51.15,-1.2452e-05
51.2,-1.2045e-05
51.25,-1.0149e-05
51.3,-7.04e-06
51.35,-3.1052e-06
51.4,1.1425e-06
51.45,5.1856e-06
51.5,8.5274e-06
51.55,1.0769e-05
51.6,1.1663e-05
51.65,1.1111e-05
51.7,9.2209e-06
51.75,6.2303e-06
51.8,2.5377e-06
51.85,-1.4073e-06
51.9,-5.1155e-06
51.95,-8.1424e-06
52,-1.014e-05
52.05,-1.0875e-05
52.1,-1.0297e-05
52.15,-8.4809e-06
52.2,-5.6854e-06
52.25,-2.2503e-06
52.3,1.3915e-06
52.35,4.8037e-06
52.4,7.5851e-06
52.45,9.4083e-06
52.5,1.0086e-05
52.55,9.5434e-06
52.6,7.8856e-06
52.65,5.3134e-06
52.7,2.1642e-06
52.75,-1.1889e-06
52.8,-4.3399e-06
52.85,-6.9214e-06
52.9,-8.6455e-06
52.95,-9.3163e-06
53,-8.8902e-06
53.05,-7.4216e-06
53.1,-5.1211e-06
53.15,-2.258e-06
53.2,8.0794e-07
53.25,3.7246e-06
53.3,6.1503e-06
53.35,7.8132e-06
53.4,8.5401e-06
53.45,8.2582e-06
53.5,7.0332e-06
53.55,5.0109e-06
53.6,2.4592e-06
53.65,-3.3425e-07
53.7,-3.0261e-06
53.75,-5.3223e-06
53.8,-6.9582e-06
53.85,-7.765e-06
53.9,-7.6689e-06
53.95,-6.6968e-06
54,-4.9864e-06
54.05,-2.7384e-06
54.1,-2.3471e-07
54.15,2.2505e-06
54.2,4.4184e-06
54.25,6.047e-06
54.3,6.9489e-06
54.35,7.0511e-06
54.4,6.3527e-06
54.45,4.955e-06
54.5,3.0322e-06
54.55,8.0954e-07
54.6,-1.4495e-06
54.65,-3.5007e-06
54.7,-5.1069e-06
54.75,-6.1141e-06
54.8,-6.4079e-06
54.85,-5.9908e-06
54.9,-4.9098e-06
54.95,-3.3171e-06
55,-1.3901e-06
55.05,6.3926e-07
55.1,2.55e-06
55.15,4.1307e-06
55.2,5.215e-06
55.25,5.6998e-06
55.3,5.5416e-06
55.35,4.7843e-06
55.4,3.5152e-06
55.45,1.9016e-06
55.5,1.1457e-07
55.55,-1.6297e-06
55.6,-3.1578e-06
55.65,-4.2936e-06
55.7,-4.9387e-06
55.75,-5.0238e-06
55.8,-4.5677e-06
55.85,-3.6262e-06
55.9,-2.3224e-06
55.95,-8.0494e-07
56,7.55e-07
56.05,2.1854e-06
56.1,3.3409e-06
56.15,4.0983e-06
56.2,4.3976e-06
56.25,4.2108e-06
56.3,3.5858e-06
56.35,2.5899e-06
56.4,1.3568e-06
56.45,1.1122e-08
56.5,-1.2846e-06
56.55,-2.4086e-06
56.6,-3.2329e-06
56.65,-3.6932e-06
56.7,-3.7413e-06
56.75,-3.398e-06
56.8,-2.704e-06
56.85,-1.7534e-06
56.9,-6.5088e-07
56.95,4.7771e-07
57,1.514e-06
57.05,2.3524e-06
57.1,2.9102e-06
57.15,3.1434e-06
57.2,3.0355e-06
57.25,2.6189e-06
57.3,1.9412e-06
57.35,1.0946e-06
57.4,1.6436e-07
57.45,-7.3728e-07
57.5,-1.5292e-06
57.55,-2.1212e-06
57.6,-2.4732e-06
57.65,-2.5466e-06
57.7,-2.3604e-06
57.75,-1.9332e-06
57.8,-1.3342e-06
57.85,-6.22e-07
57.9,1.1132e-07
57.95,8.0021e-07
58,1.3641e-06
58.05,1.7618e-06
58.1,1.9509e-06
58.15,1.933e-06
58.2,1.7137e-06
58.25,1.3352e-06
58.3,8.3964e-07
58.35,2.9242e-07
58.4,-2.5162e-07
58.45,-7.3126e-07
58.5,-1.1046e-06
58.55,-1.3366e-06
58.6,-1.4152e-06
58.65,-1.3418e-06
58.7,-1.1368e-06
58.75,-8.3137e-07
58.8,-4.6584e-07
58.85,-8.5354e-08
58.9,2.6977e-07
58.95,5.611e-07
59,7.6576e-07
59.05,8.6593e-07
59.1,8.645e-07
59.15,7.6774e-07
59.2,6.0167e-07
59.25,3.8735e-07
59.3,1.6106e-07
59.35,-5.4295e-08
59.4,-2.2794e-07
59.45,-3.4912e-07
59.5,-4.0284e-07
59.55,-3.9663e-07
59.6,-3.3282e-07
59.65,-2.3491e-07
59.7,-1.1611e-07
59.75,-4.5665e-09
59.8,8.7499e-08
59.85,1.3781e-07
59.9,1.4619e-07
59.95,1.0441e-07
60,2.7876e-08
60.05,-7.7873e-08
60.1,-1.8652e-07
60.15,-2.8561e-07
60.2,-3.4766e-07
60.25,-3.6568e-07
60.3,-3.2227e-07
60.35,-2.2362e-07
60.4,-6.9408e-08
60.45,1.1813e-07
60.5,3.244e-07
60.55,5.1734e-07
60.6,6.7713e-07
60.65,7.7306e-07
60.7,7.9244e-07
60.75,7.1934e-07
60.8,5.5881e-07
60.85,3.1552e-07
60.9,1.5272e-08
60.95,-3.1803e-07
61,-6.45e-07
61.05,-9.3374e-07
61.1,-1.1457e-06
61.15,-1.2558e-06
61.2,-1.2415e-06
61.25,-1.099e-06
61.3,-8.3219e-07
61.35,-4.6297e-07
61.4,-2.2063e-08
61.45,4.4818e-07
61.5,9.0141e-07
61.55,1.2905e-06
61.6,1.5718e-06
61.65,1.7122e-06
61.7,1.6885e-06
61.75,1.4973e-06
61.8,1.1471e-06
61.85,6.684e-07
61.9,9.9089e-08
61.95,-5.0385e-07
62,-1.0875e-06
62.05,-1.588e-06
62.1,-1.9591e-06
62.15,-2.153e-06
62.2,-2.1504e-06
62.25,-1.937e-06
62.3,-1.5336e-06
62.35,-9.6401e-07
62.4,-2.855e-07
62.45,4.486e-07
62.5,1.1615e-06
62.55,1.7923e-06
62.6,2.2702e-06
62.65,2.553e-06
62.7,2.5996e-06
62.75,2.4059e-06
62.8,1.9761e-06
62.85,1.3508e-06
62.9,5.7662e-07
62.95,-2.7152e-07
63,-1.1213e-06
63.05,-1.8883e-06
63.1,-2.5025e-06
63.15,-2.8997e-06
63.2,-3.0392e-06
63.25,-2.9004e-06
63.3,-2.4895e-06
63.35,-1.8393e-06
63.4,-1.0022e-06
63.45,-5.4065e-08
63.5,9.2355e-07
63.55,1.8369e-06
63.6,2.6055e-06
63.65,3.1502e-06
63.7,3.4224e-06
63.75,3.3847e-06
63.8,3.041e-06
63.85,2.4095e-06
63.9,1.5493e-06
63.95,5.2657e-07
64,-5.6142e-07
64.05,-1.6243e-06
64.1,-2.5586e-06
64.15,-3.2832e-06
64.2,-3.7241e-06
64.25,-3.8399e-06
64.3,-3.6118e-06
64.35,-3.0556e-06
64.4,-2.216e-06
64.45,-1.1622e-06
64.5,1.2966e-08
64.55,1.2091e-06
64.6,2.3156e-06
64.65,3.2373e-06
64.7,3.8837e-06
64.75,4.1991e-06
64.8,4.1436e-06
64.85,3.7236e-06
64.9,2.9637e-06
64.95,1.9334e-06
65,7.1271e-07
65.05,-5.8713e-07
65.1,-1.8574e-06
65.15,-2.9821e-06
65.2,-3.8625e-06
65.25,-4.4171e-06
65.3,-4.5923e-06
65.35,-4.3693e-06
65.4,-3.7596e-06
65.45,-2.8159e-06
65.5,-1.611e-06
65.55,-2.5257e-07
65.6,1.1494e-06
65.65,2.4666e-06
65.7,3.5906e-06
65.75,4.4148e-06
65.8,4.8708e-06
65.85,4.9086e-06
65.9,4.5245e-06
65.95,3.744e-06
66,2.6315e-06
66.05,1.2791e-06
66.1,-2.0085e-07
66.15,-1.6794e-06
66.2,-3.0338e-06
66.25,-4.1412e-06
66.3,-4.9108e-06
66.35,-5.2659e-06
66.4,-5.1797e-06
66.45,-4.6469e-06
66.5,-3.7161e-06
66.55,-2.4561e-06
66.6,-9.7546e-07
66.65,6.0512e-07
66.7,2.1509e-06
66.75,3.5297e-06
66.8,4.6256e-06
66.85,5.3395e-06
66.9,5.6125e-06
66.95,5.4117e-06
67,4.7564e-06
67.05,3.6906e-06
67.1,2.3081e-06
67.15,7.1411e-07
67.2,-9.5226e-07
67.25,-2.5573e-06
67.3,-3.9624e-06
67.35,-5.0494e-06
67.4,-5.7259e-06
67.45,-5.9288e-06
67.5,-5.6424e-06
67.55,-4.8802e-06
67.6,-3.7096e-06
67.65,-2.2166e-06
67.7,-5.3069e-07
67.75,1.2178e-06
67.8,2.8773e-06
67.85,4.3152e-06
67.9,5.4076e-06
67.95,6.0623e-06
68,6.2236e-06
68.05,5.8709e-06
68.1,5.035e-06
68.15,3.775e-06
68.2,2.1991e-06
68.25,4.2565e-07
68.3,-1.3924e-06
68.35,-3.1148e-06
68.4,-4.593e-06
68.45,-5.7092e-06
68.5,-6.3676e-06
68.55,-6.5103e-06
68.6,-6.1264e-06
68.65,-5.2373e-06
68.7,-3.9206e-06
68.75,-2.2718e-06
68.8,-4.3133e-07
68.85,1.4617e-06
68.9,3.246e-06
68.95,4.7831e-06
69,5.9432e-06
69.05,6.6309e-06
69.1,6.7902e-06
69.15,6.4001e-06
69.2,5.496e-06
69.25,4.1397e-06
69.3,2.447e-06
69.35,5.4149e-07
69.4,-1.4155e-06
69.45,-3.2756e-06
69.5,-4.8838e-06
69.55,-6.1119e-06
69.6,-6.8614e-06
69.65,-7.0646e-06
69.7,-6.7106e-06
69.75,-5.8149e-06
69.8,-4.4571e-06
69.85,-2.7319e-06
69.9,-7.8367e-07
69.95,1.2418e-06
70,3.1794e-06
70.05,4.876e-06
70.1,6.1989e-06
70.15,7.0355e-06
70.2,7.3261e-06
70.25,7.0353e-06
70.3,6.1942e-06
70.35,4.8554e-06
70.4,3.1317e-06
70.45,1.1492e-06
70.5,-9.3411e-07
70.55,-2.9538e-06
70.6,-4.7563e-06
70.65,-6.1909e-06
70.7,-7.1551e-06
70.75,-7.5591e-06
70.8,-7.3816e-06
70.85,-6.6226e-06
70.9,-5.3465e-06
70.95,-3.6469e-06
71,-1.6533e-06
71.05,4.751e-07
71.1,2.582e-06
71.15,4.4926e-06
71.2,6.0709e-06
71.25,7.1811e-06
71.3,7.7462e-06
71.35,7.7123e-06
71.4,7.083e-06
71.45,5.9057e-06
71.5,4.2636e-06
71.55,2.2916e-06
71.6,1.2741e-07
71.65,-2.0496e-06
71.7,-4.0855e-06
71.75,-5.8129e-06
71.8,-7.1048e-06
71.85,-7.8588e-06
71.9,-8.0112e-06
71.95,-7.5573e-06
72,-6.5172e-06
72.05,-4.983e-06
72.1,-3.0557e-06
72.15,-8.9255e-07
72.2,1.3512e-06
72.25,3.5011e-06
72.3,5.3914e-06
72.35,6.8846e-06
72.4,7.8551e-06
72.45,8.2417e-06
72.5,7.9987e-06
72.55,7.1557e-06
72.6,5.764e-06
72.65,3.9325e-06
72.7,1.7987e-06
72.75,-4.8391e-07
72.8,-2.7318e-06
72.85,-4.7905e-06
72.9,-6.4892e-06
72.95,-7.7137e-06
73,-8.3597e-06
73.05,-8.3819e-06
73.1,-7.7782e-06
73.15,-6.5841e-06
73.2,-4.9008e-06
73.25,-2.8372e-06
73.3,-5.6193e-07
73.35,1.7698e-06
73.4,3.9744e-06
73.45,5.891e-06
73.5,7.3785e-06
73.55,8.3163e-06
73.6,8.6468e-06
73.65,8.3283e-06
73.7,7.3984e-06
73.75,5.9109e-06
73.8,3.9831e-06
73.85,1.7546e-06
73.9,-6.1556e-07
73.95,-2.9406e-06
74,-5.0647e-06
74.05,-6.8135e-06
74.1,-8.0733e-06
74.15,-8.7384e-06
74.2,-8.7629e-06
74.25,-8.1462e-06
74.3,-6.9223e-06
74.35,-5.1954e-06
74.4,-3.0733e-06
74.45,-7.272e-07
74.5,1.685e-06
74.55,3.9794e-06
74.6,5.9876e-06
74.65,7.5695e-06
74.7,8.5954e-06
74.75,9.0065e-06
74.8,8.7541e-06
74.85,7.8697e-06
74.9,6.4065e-06
74.95,4.4722e-06
75,2.2124e-06
75.05,-2.2245e-07
75.1,-2.6383e-06
75.15,-4.8789e-06
75.2,-6.7657e-06
75.25,-8.1717e-06
75.3,-8.9913e-06
75.35,-9.1581e-06
75.4,-8.6726e-06
75.45,-7.5503e-06
75.5,-5.8903e-06
75.55,-3.7946e-06
75.6,-1.4233e-06
75.65,1.0557e-06
75.7,3.4702e-06
75.75,5.6331e-06
75.8,7.407e-06
75.85,8.6453e-06
75.9,9.2742e-06
75.95,9.2375e-06
76,8.5382e-06
76.05,7.2321e-06
76.1,5.3976e-06
76.15,3.1838e-06
76.2,7.2798e-07
76.25,-1.7796e-06
76.3,-4.1685e-06
76.35,-6.2692e-06
76.4,-7.9218e-06
76.45,-9.0253e-06
76.5,-9.4802e-06
76.55,-9.2726e-06
76.6,-8.4019e-06
76.65,-6.9338e-06
76.7,-4.9763e-06
76.75,-2.6541e-06
76.8,-1.4959e-07
76.85,2.3811e-06
76.9,4.7419e-06
76.95,6.7768e-06
77,8.3401e-06
77.05,9.3128e-06
77.1,9.6416e-06
77.15,9.2827e-06
77.2,8.2798e-06
77.25,6.6873e-06
77.3,4.6231e-06
77.35,2.2345e-06
77.4,-3.2406e-07
77.45,-2.8543e-06
77.5,-5.2005e-06
77.55,-7.1803e-06
77.6,-8.6656e-06
77.65,-9.5511e-06
77.7,-9.7645e-06
77.75,-9.3082e-06
77.8,-8.1914e-06
77.85,-6.511e-06
77.9,-4.3698e-06
77.95,-1.9198e-06
78,6.6241e-07
78.05,3.2129e-06
78.1,5.534e-06
78.15,7.4859e-06
78.2,8.9166e-06
78.25,9.7335e-06
78.3,9.8827e-06
78.35,9.3402e-06
78.4,8.1624e-06
78.45,6.4083e-06
78.5,4.2164e-06
78.55,1.7274e-06
78.6,-8.8871e-07
78.65,-3.4395e-06
78.7,-5.7692e-06
78.75,-7.6954e-06
78.8,-9.1043e-06
78.85,-9.8877e-06
78.9,-9.9907e-06
78.95,-9.4172e-06
79,-8.1861e-06
79.05,-6.4038e-06
79.1,-4.1722e-06
79.15,-1.6546e-06
79.2,9.7743e-07
79.25,3.5548e-06
79.3,5.8823e-06
79.35,7.8238e-06
79.4,9.2268e-06
79.45,1.0007e-05
79.5,1.011e-05
79.55,9.5169e-06
79.6,8.2874e-06
79.65,6.4817e-06
79.7,4.2419e-06
79.75,1.7075e-06
79.8,-9.4965e-07
79.85,-3.5377e-06
79.9,-5.9017e-06
79.95,-7.8586e-06
80,-9.295e-06
80.05,-1.0103e-05
80.1,-1.0226e-05
80.15,-9.6687e-06
80.2,-8.4464e-06
80.25,-6.6642e-06
80.3,-4.4237e-06
80.35,-1.8834e-06
80.4,7.8208e-07
80.45,3.4084e-06
80.5,5.7972e-06
80.55,7.8108e-06
80.6,9.297e-06
80.65,1.0162e-05
80.7,1.0353e-05
80.75,9.8402e-06
80.8,8.6803e-06
80.85,6.9285e-06
80.9,4.7162e-06
80.95,2.1878e-06
81,-4.9788e-07
81.05,-3.1421e-06
81.1,-5.5919e-06
81.15,-7.6639e-06
81.2,-9.2308e-06
81.25,-1.019e-05
81.3,-1.0462e-05
81.35,-1.0052e-05
81.4,-8.9629e-06
81.45,-7.2838e-06
81.5,-5.1197e-06
81.55,-2.6072e-06
81.6,7.0104e-08
81.65,2.758e-06
81.7,5.2567e-06
81.75,7.415e-06
81.8,9.0882e-06
81.85,1.0154e-05
81.9,1.0563e-05
81.95,1.0264e-05
82,9.296e-06
82.05,7.7124e-06
82.1,5.6139e-06
82.15,3.1543e-06
82.2,4.7218e-07
82.25,-2.2339e-06
82.3,-4.8006e-06
82.35,-7.0574e-06
82.4,-8.8449e-06
82.45,-1.0066e-05
82.5,-1.0618e-05
82.55,-1.0482e-05
82.6,-9.6588e-06
82.65,-8.1969e-06
82.7,-6.2087e-06
82.75,-3.8007e-06
82.8,-1.1517e-06
82.85,1.579e-06
82.9,4.2125e-06
82.95,6.5647e-06
83,8.5038e-06
83.05,9.8798e-06
83.1,1.0621e-05
83.15,1.0672e-05
83.2,1.0022e-05
83.25,8.7327e-06
83.3,6.8627e-06
83.35,4.5544e-06
83.4,1.9465e-06
83.45,-7.9511e-07
83.5,-3.4771e-06
83.55,-5.9488e-06
83.6,-8.0278e-06
83.65,-9.5939e-06
83.7,-1.0544e-05
83.75,-1.0805e-05
83.8,-1.0382e-05
83.85,-9.2765e-06
83.9,-7.5783e-06
83.95,-5.3916e-06
84,-2.8481e-06
84.05,-1.3082e-07
84.1,2.6089e-06
84.15,5.1752e-06
84.2,7.4121e-06
84.25,9.1809e-06
84.3,1.0351e-05
84.35,1.087e-05
84.4,1.0683e-05
84.45,9.8143e-06
84.5,8.3209e-06
84.55,6.2834e-06
84.6,3.8549e-06
84.65,1.168e-06
84.7,-1.5917e-06
84.75,-4.2483e-06
84.8,-6.6453e-06
84.85,-8.6079e-06
84.9,-1.0034e-05
84.95,-1.0816e-05
85,-1.0908e-05
85.05,-1.0314e-05
85.1,-9.0513e-06
85.15,-7.2232e-06
85.2,-4.9292e-06
85.25,-2.3189e-06
85.3,4.3225e-07
85.35,3.1698e-06
85.4,5.6967e-06
85.45,7.8708e-06
85.5,9.5484e-06
85.55,1.0615e-05
85.6,1.1022e-05
85.65,1.0721e-05
85.7,9.7487e-06
85.75,8.1599e-06
85.8,6.0477e-06
85.85,3.5641e-06
85.9,8.4238e-07
85.95,-1.9269e-06
86,-4.5765e-06
86.05,-6.9466e-06
86.1,-8.8695e-06
86.15,-1.0247e-05
86.2,-1.0974e-05
86.25,-1.1011e-05
86.3,-1.0364e-05
86.35,-9.0544e-06
86.4,-7.1871e-06
86.45,-4.8611e-06
86.5,-2.2291e-06
86.55,5.3716e-07
86.6,3.2828e-06
86.65,5.8129e-06
86.7,7.9877e-06
86.75,9.6645e-06
86.8,1.0731e-05
86.85,1.1139e-05
86.9,1.0841e-05
86.95,9.8722e-06
87,8.288e-06
87.05,6.1787e-06
87.1,3.6951e-06
87.15,9.6896e-07
87.2,-1.8128e-06
87.25,-4.4818e-06
87.3,-6.8817e-06
87.35,-8.8434e-06
87.4,-1.0267e-05
87.45,-1.1049e-05
87.5,-1.1143e-05
87.55,-1.0555e-05
87.6,-9.3007e-06
87.65,-7.4791e-06
87.7,-5.1895e-06
87.75,-2.5743e-06
87.8,1.9209e-07
87.85,2.9597e-06
87.9,5.5359e-06
87.95,7.7745e-06
88,9.5384e-06
88.05,1.0704e-05
88.1,1.1222e-05
88.15,1.1039e-05
88.2,1.0178e-05
88.25,8.6943e-06
88.3,6.6643e-06
88.35,4.2349e-06
88.4,1.5366e-06
88.45,-1.2571e-06
88.5,-3.9678e-06
88.55,-6.447e-06
88.6,-8.5205e-06
88.65,-1.0078e-05
88.7,-1.1019e-05
88.75,-1.1277e-05
88.8,-1.0855e-05
88.85,-9.7586e-06
88.9,-8.0683e-06
88.95,-5.8869e-06
89,-3.3352e-06
89.05,-5.9029e-07
89.1,2.2006e-06
89.15,4.8554e-06
89.2,7.2098e-06
89.25,9.1355e-06
89.3,1.0493e-05
89.35,1.1219e-05
89.4,1.1261e-05
89.45,1.0611e-05
89.5,9.3245e-06
89.55,7.4601e-06
89.6,5.147e-06
89.65,2.5222e-06
89.7,-2.6546e-07
89.75,-3.0264e-06
89.8,-5.6137e-06
89.85,-7.8579e-06
89.9,-9.6219e-06
89.95,-1.0813e-05
90,-1.1338e-05
90.05,-1.1184e-05
90.1,-1.0352e-05
90.15,-8.8863e-06
90.2,-6.8937e-06
90.25,-4.4735e-06
90.3,-1.7876e-06
90.35,1.005e-06
90.4,3.7463e-06
90.45,6.2508e-06
90.5,8.3879e-06
90.55,1.0017e-05
90.6,1.1038e-05
90.65,1.1404e-05
90.7,1.1072e-05
90.75,1.0081e-05
90.8,8.4832e-06
90.85,6.3674e-06
90.9,3.8793e-06
90.95,1.1476e-06
91,-1.6494e-06
91.05,-4.3448e-06
91.1,-6.7892e-06
91.15,-8.8161e-06
91.2,-1.0322e-05
91.25,-1.1209e-05
91.3,-1.1419e-05
91.35,-1.0955e-05
91.4,-9.8253e-06
91.45,-8.1124e-06
91.5,-5.9163e-06
91.55,-3.3576e-06
91.6,-6.0859e-07
91.65,2.1856e-06
91.7,4.8478e-06
91.75,7.2159e-06
91.8,9.1643e-06
91.85,1.0556e-05
91.9,1.1325e-05
91.95,1.142e-05
92,1.0828e-05
92.05,9.6011e-06
92.1,7.7944e-06
92.15,5.5263e-06
92.2,2.9342e-06
92.25,1.5724e-07
92.3,-2.6193e-06
92.35,-5.2462e-06
92.4,-7.5638e-06
92.45,-9.4252e-06
92.5,-1.0738e-05
92.55,-1.1407e-05
92.6,-1.1402e-05
92.65,-1.0726e-05
92.7,-9.4056e-06
92.75,-7.5381e-06
92.8,-5.2192e-06
92.85,-2.5897e-06
92.9,1.8549e-07
92.95,2.9605e-06
93,5.5528e-06
93.05,7.8194e-06
93.1,9.6303e-06
93.15,1.0863e-05
93.2,1.1465e-05
93.25,1.1387e-05
93.3,1.0636e-05
93.35,9.2657e-06
93.4,7.3399e-06
93.45,4.9894e-06
93.5,2.3443e-06
93.55,-4.4509e-07
93.6,-3.1987e-06
93.65,-5.7733e-06
93.7,-8.0057e-06
93.75,-9.7648e-06
93.8,-1.096e-05
93.85,-1.1502e-05
93.9,-1.1376e-05
93.95,-1.0584e-05
94,-9.1645e-06
94.05,-7.2181e-06
94.1,-4.841e-06
94.15,-2.1827e-06
94.2,5.9895e-07
94.25,3.3551e-06
94.3,5.9057e-06
94.35,8.1163e-06
94.4,9.8552e-06
94.45,1.1011e-05
94.5,1.1533e-05
94.55,1.1377e-05
94.6,1.0557e-05
94.65,9.1271e-06
94.7,7.156e-06
94.75,4.7765e-06
94.8,2.1158e-06
94.85,-6.723e-07
94.9,-3.4125e-06
94.95,-5.9635e-06
95,-8.1629e-06
95.05,-9.8863e-06
95.1,-1.1043e-05
95.15,-1.1549e-05
95.2,-1.1391e-05
95.25,-1.0571e-05
95.3,-9.1323e-06
95.35,-7.1732e-06
95.4,-4.7903e-06
95.45,-2.1326e-06
95.5,6.4488e-07
95.55,3.3938e-06
95.6,5.9371e-06
95.65,8.1417e-06
95.7,9.8775e-06
95.75,1.1034e-05
95.8,1.1563e-05
95.85,1.1417e-05
95.9,1.0612e-05
95.95,9.2006e-06
96,7.2486e-06
96.05,4.8862e-06
96.1,2.2401e-06
96.15,-5.4005e-07
96.2,-3.2801e-06
96.25,-5.8395e-06
96.3,-8.059e-06
96.35,-9.8117e-06
96.4,-1.1008e-05
96.45,-1.1562e-05
96.5,-1.1456e-05
96.55,-1.0693e-05
96.6,-9.3082e-06
96.65,-7.3982e-06
96.7,-5.057e-06
96.75,-2.4261e-06
96.8,3.3832e-07
96.85,3.0922e-06
96.9,5.661e-06
96.95,7.9075e-06
97,9.7053e-06
97.05,1.0938e-05
97.1,1.1553e-05
97.15,1.1504e-05
97.2,1.0793e-05
97.25,9.472e-06
97.3,7.6013e-06
97.35,5.3011e-06
97.4,2.6997e-06
97.45,-6.2956e-08
97.5,-2.8131e-06
97.55,-5.4082e-06
97.6,-7.6948e-06
97.65,-9.5365e-06
97.7,-1.0843e-05
97.75,-1.1524e-05
97.8,-1.1551e-05
97.85,-1.0924e-05
97.9,-9.6662e-06
97.95,-7.8661e-06
98,-5.6162e-06
98.05,-3.043e-06
98.1,-3.0507e-07
98.15,2.458e-06
98.2,5.0775e-06
98.25,7.4057e-06
98.3,9.3208e-06
98.35,1.0698e-05
98.4,1.1473e-05
98.45,1.1599e-05
98.5,1.106e-05
98.55,9.9017e-06
98.6,8.1776e-06
98.65,5.9897e-06
98.7,3.4689e-06
98.75,7.4372e-07
98.8,-2.0175e-06
98.85,-4.6645e-06
98.9,-7.053e-06
98.95,-9.0343e-06
99,-1.0511e-05
99.05,-1.1393e-05
99.1,-1.1626e-05
99.15,-1.1211e-05
99.2,-1.0156e-05
99.25,-8.5301e-06
99.3,-6.4271e-06
99.35,-3.9542e-06
99.4,-1.266e-06
99.45,1.4963e-06
99.5,4.1771e-06
99.55,6.6148e-06
99.6,8.6875e-06
99.65,1.0268e-05
99.7,1.1267e-05
99.75,1.164e-05
99.8,1.135e-05
99.85,1.0427e-05
99.9,8.9195e-06
99.95,6.9044e-06
100,4.5098e-06
100.05,1.8578e-06
100.1,-8.9964e-07
100.15,-3.5999e-06
100.2,-6.1054e-06
100.25,-8.2637e-06
100.3,-9.9578e-06
100.35,-1.1099e-05
100.4,-1.1611e-05
100.45,-1.1479e-05
100.5,-1.0703e-05
100.55,-9.3234e-06
100.6,-7.4298e-06
100.65,-5.1156e-06
100.7,-2.5159e-06
100.75,2.1905e-07
100.8,2.9489e-06
100.85,5.5078e-06
100.9,7.7595e-06
100.95,9.5826e-06
101,1.0863e-05
101.05,1.1543e-05
101.1,1.1578e-05
101.15,1.0964e-05
101.2,9.745e-06
101.25,7.9776e-06
101.3,5.7674e-06
101.35,3.2405e-06
101.4,5.2638e-07
101.45,-2.2105e-06
101.5,-4.8255e-06
101.55,-7.1756e-06
101.6,-9.1193e-06
101.65,-1.0562e-05
101.7,-1.1416e-05
101.75,-1.1631e-05
101.8,-1.1208e-05
101.85,-1.0156e-05
101.9,-8.5426e-06
101.95,-6.4589e-06
102,-4.0104e-06
102.05,-1.3463e-06
102.1,1.3942e-06
102.15,4.0603e-06
102.2,6.494e-06
102.25,8.5741e-06
102.3,1.0177e-05
102.35,1.1213e-05
102.4,1.1635e-05
102.45,1.1406e-05
102.5,1.055e-05
102.55,9.1127e-06
102.6,7.1657e-06
102.65,4.8294e-06
102.7,2.2245e-06
102.75,-5.0597e-07
102.8,-3.2014e-06
102.85,-5.7256e-06
102.9,-7.9315e-06
102.95,-9.6964e-06
103,-1.0932e-05
103.05,-1.156e-05
103.1,-1.1552e-05
103.15,-1.091e-05
103.2,-9.6615e-06
103.25,-7.8868e-06
103.3,-5.6764e-06
103.35,-3.1508e-06
103.4,-4.5875e-07
103.45,2.2639e-06
103.5,4.8597e-06
103.55,7.1844e-06
103.6,9.1204e-06
103.65,1.0549e-05
103.7,1.14e-05
103.75,1.1627e-05
103.8,1.121e-05
103.85,1.0184e-05
103.9,8.5971e-06
103.95,6.5356e-06
104,4.1226e-06
104.05,1.4788e-06
104.1,-1.2446e-06
104.15,-3.8954e-06
104.2,-6.3385e-06
104.25,-8.429e-06
104.3,-1.0059e-05
104.35,-1.1141e-05
104.4,-1.1607e-05
104.45,-1.1443e-05
104.5,-1.0653e-05
104.55,-9.2766e-06
104.6,-7.3996e-06
104.65,-5.1139e-06
104.7,-2.5497e-06
104.75,1.489e-07
104.8,2.8451e-06
104.85,5.3808e-06
104.9,7.6225e-06
104.95,9.4523e-06
105,1.076e-05
105.05,1.1485e-05
105.1,1.1584e-05
105.15,1.1047e-05
105.2,9.9142e-06
105.25,8.238e-06
105.3,6.1128e-06
105.35,3.6603e-06
105.4,1.0032e-06
105.45,-1.7046e-06
105.5,-4.3178e-06
105.55,-6.7005e-06
105.6,-8.7128e-06
105.65,-1.0254e-05
105.7,-1.1239e-05
105.75,-1.1609e-05
105.8,-1.1353e-05
105.85,-1.0478e-05
105.9,-9.0331e-06
105.95,-7.1034e-06
106,-4.7834e-06
106.05,-2.2067e-06
106.1,4.8673e-07
106.15,3.1586e-06
106.2,5.6533e-06
106.25,7.8429e-06
106.3,9.6101e-06
106.35,1.0851e-05
106.4,1.1508e-05
106.45,1.1542e-05
106.5,1.0948e-05
106.55,9.7668e-06
106.6,8.0536e-06
106.65,5.9057e-06
106.7,3.443e-06
106.75,7.8922e-07
106.8,-1.9027e-06
106.85,-4.491e-06
106.9,-6.8401e-06
106.95,-8.8141e-06
107,-1.0315e-05
107.05,-1.126e-05
107.1,-1.1593e-05
107.15,-1.1305e-05
107.2,-1.0406e-05
107.25,-8.9436e-06
107.3,-7.0048e-06
107.35,-4.6839e-06
107.4,-2.1138e-06
107.45,5.6779e-07
107.5,3.223e-06
107.55,5.699e-06
107.6,7.8696e-06
107.65,9.6188e-06
107.7,1.0845e-05
107.75,1.1492e-05
107.8,1.152e-05
107.85,1.0926e-05
107.9,9.75e-06
107.95,8.0464e-06
108,5.9115e-06
108.05,3.4633e-06
108.1,8.2476e-07
108.15,-1.854e-06
108.2,-4.4321e-06
108.25,-6.7757e-06
108.3,-8.7504e-06
108.35,-1.0258e-05
108.4,-1.1217e-05
108.45,-1.157e-05
108.5,-1.1307e-05
108.55,-1.0437e-05
108.6,-9.0063e-06
108.65,-7.0984e-06
108.7,-4.8064e-06
108.75,-2.2595e-06
108.8,4.0532e-07
108.85,3.0525e-06
108.9,5.5314e-06
108.95,7.715e-06
109,9.4885e-06
109.05,1.0749e-05
109.1,1.144e-05
109.15,1.1518e-05
109.2,1.0978e-05
109.25,9.8571e-06
109.3,8.207e-06
109.35,6.1188e-06
109.4,3.7086e-06
109.45,1.0967e-06
109.5,-1.5707e-06
109.55,-4.1521e-06
109.6,-6.5157e-06
109.65,-8.5272e-06
109.7,-1.0085e-05
109.75,-1.1108e-05
109.8,-1.1534e-05
109.85,-1.135e-05
109.9,-1.0561e-05
109.95,-9.2076e-06
110,-7.3691e-06
110.05,-5.1355e-06
110.1,-2.6297e-06
110.15,1.1911e-08
110.2,2.6568e-06
110.25,5.1567e-06
110.3,7.3813e-06
110.35,9.2171e-06
110.4,1.0558e-05
110.45,1.1341e-05
110.5,1.1522e-05
110.55,1.1088e-05
110.6,1.007e-05
110.65,8.516e-06
110.7,6.509e-06
110.75,4.1617e-06
110.8,1.591e-06
110.85,-1.063e-06
110.9,-3.6569e-06
110.95,-6.0605e-06
111,-8.1397e-06
111.05,-9.7868e-06
111.1,-1.0919e-05
111.15,-1.1468e-05
111.2,-1.1412e-05
111.25,-1.0754e-05
111.3,-9.5235e-06
111.35,-7.7935e-06
111.4,-5.6503e-06
111.45,-3.2072e-06
111.5,-5.9955e-07
111.55,2.0428e-06
111.6,4.5756e-06
111.65,6.8633e-06
111.7,8.7923e-06
111.75,1.0253e-05
111.8,1.1173e-05
111.85,1.1505e-05
111.9,1.1227e-05
111.95,1.0358e-05
112,8.9447e-06
112.05,7.0564e-06
112.1,4.8004e-06
112.15,2.2908e-06
112.2,-3.4071e-07
112.25,-2.9496e-06
112.3,-5.4054e-06
112.35,-7.5756e-06
112.4,-9.3436e-06
112.45,-1.0623e-05
112.5,-1.1341e-05
112.55,-1.1461e-05
112.6,-1.0981e-05
112.65,-9.9202e-06
112.7,-8.3399e-06
112.75,-6.3229e-06
112.8,-3.9706e-06
112.85,-1.414e-06
112.9,1.2173e-06
112.95,3.7859e-06
113,6.1509e-06
113.05,8.1955e-06
113.1,9.8089e-06
113.15,1.0904e-05
113.2,1.1431e-05
113.25,1.1355e-05
113.3,1.0684e-05
113.35,9.4548e-06
113.4,7.7272e-06
113.45,5.5965e-06
113.5,3.1749e-06
113.55,5.8412e-07
113.6,-2.0335e-06
113.65,-4.5442e-06
113.7,-6.8184e-06
113.75,-8.7315e-06
113.8,-1.0189e-05
113.85,-1.1114e-05
113.9,-1.1453e-05
113.95,-1.1197e-05
114,-1.0354e-05
114.05,-8.968e-06
114.1,-7.1172e-06
114.15,-4.8915e-06
114.2,-2.412e-06
114.25,1.908e-07
114.3,2.7864e-06
114.35,5.2328e-06
114.4,7.4053e-06
114.45,9.1932e-06
114.5,1.0497e-05
114.55,1.1255e-05
114.6,1.1426e-05
114.65,1.0997e-05
114.7,9.9988e-06
114.75,8.4781e-06
114.8,6.5141e-06
114.85,4.2144e-06
114.9,1.6934e-06
114.95,-9.1513e-07
115,-3.4726e-06
115.05,-5.8515e-06
115.1,-7.9233e-06
115.15,-9.581e-06
115.2,-1.0742e-05
115.25,-1.1341e-05
115.3,-1.1351e-05
115.35,-1.0771e-05
115.4,-9.6283e-06
115.45,-7.9878e-06
115.5,-5.9322e-06
115.55,-3.5667e-06
115.6,-1.0198e-06
115.65,1.5814e-06
115.7,4.1e-06
115.75,6.402e-06
115.8,8.374e-06
115.85,9.9093e-06
115.9,1.0928e-05
115.95,1.1382e-05
116,1.1243e-05
116.05,1.0521e-05
116.1,9.2552e-06
116.15,7.5069e-06
116.2,5.3716e-06
116.25,2.9593e-06
116.3,3.9164e-07
116.35,-2.1927e-06
116.4,-4.6634e-06
116.45,-6.8933e-06
116.5,-8.7625e-06
116.55,-1.0179e-05
116.6,-1.1069e-05
116.65,-1.1383e-05
116.7,-1.111e-05
116.75,-1.0261e-05
116.8,-8.8802e-06
116.85,-7.0433e-06
116.9,-4.84e-06
116.95,-2.3881e-06
117,1.8497e-07
117.05,2.7506e-06
117.1,5.1708e-06
117.15,7.323e-06
117.2,9.0986e-06
117.25,1.04e-05
117.3,1.1166e-05
117.35,1.1356e-05
117.4,1.0957e-05
117.45,9.9948e-06
117.5,8.5164e-06
117.55,6.5975e-06
117.6,4.3415e-06
117.65,1.8605e-06
117.7,-7.1595e-07
117.75,-3.2523e-06
117.8,-5.6227e-06
117.85,-7.7014e-06
117.9,-9.3814e-06
117.95,-1.058e-05
118,-1.1231e-05
118.05,-1.1303e-05
118.1,-1.0795e-05
118.15,-9.7289e-06
118.2,-8.1637e-06
118.25,-6.1793e-06
118.3,-3.8753e-06
118.35,-1.3752e-06
118.4,1.1959e-06
118.45,3.7057e-06
118.5,6.0215e-06
118.55,8.0291e-06
118.6,9.6231e-06
118.65,1.072e-05
118.7,1.1268e-05
118.75,1.1236e-05
118.8,1.0625e-05
118.85,9.4714e-06
118.9,7.8294e-06
118.95,5.7865e-06
119,3.4487e-06
119.05,9.3237e-07
119.1,-1.6295e-06
119.15,-4.1064e-06
119.2,-6.3737e-06
119.25,-8.3113e-06
119.3,-9.8227e-06
119.35,-1.0831e-05
119.4,-1.1281e-05
119.45,-1.1155e-05
119.5,-1.0457e-05
119.55,-9.2216e-06
119.6,-7.5165e-06
119.65,-5.4256e-06
119.7,-3.0569e-06
119.75,-5.3471e-07
119.8,2.0163e-06
119.85,4.4624e-06
119.9,6.6779e-06
119.95,8.5535e-06
120,9.989e-06
120.05,1.0913e-05
120.1,1.128e-05
120.15,1.1068e-05
120.2,1.0291e-05
120.25,8.9891e-06
120.3,7.2261e-06
120.35,5.0961e-06
120.4,2.7065e-06
120.45,1.7776e-07
120.5,-2.3571e-06
120.55,-4.7716e-06
120.6,-6.9424e-06
120.65,-8.7562e-06
120.7,-1.0124e-05
120.75,-1.0974e-05
120.8,-1.1263e-05
120.85,-1.0979e-05
120.9,-1.0133e-05
120.95,-8.7709e-06
121,-6.9636e-06
121.05,-4.7997e-06
121.1,-2.3927e-06
121.15,1.3433e-07
121.2,2.6558e-06
121.25,5.0394e-06
121.3,7.1653e-06
121.35,8.9274e-06
121.4,1.0232e-05
121.45,1.1016e-05
121.5,1.124e-05
121.55,1.0889e-05
121.6,9.9859e-06
121.65,8.5748e-06
121.7,6.7264e-06
121.75,4.5384e-06
121.8,2.1194e-06
121.85,-4.0723e-07
121.9,-2.9105e-06
121.95,-5.2664e-06
122,-7.3535e-06
122.05,-9.065e-06
122.1,-1.0317e-05
122.15,-1.1043e-05
122.2,-1.1208e-05
122.25,-1.0805e-05
122.3,-9.8509e-06
122.35,-8.3979e-06
122.4,-6.5202e-06
122.45,-4.3102e-06
122.5,-1.8837e-06
122.55,6.3749e-07
122.6,3.127e-06
122.65,5.455e-06
122.7,7.5064e-06
122.75,9.1773e-06
122.8,1.038e-05
122.85,1.1058e-05
122.9,1.1175e-05
122.95,1.0724e-05
123,9.7314e-06
123.05,8.2454e-06
123.1,6.3414e-06
123.15,4.1185e-06
123.2,1.6865e-06
123.25,-8.2999e-07
123.3,-3.3023e-06
123.35,-5.6081e-06
123.4,-7.6285e-06
123.45,-9.2616e-06
123.5,-1.0427e-05
123.55,-1.1063e-05
123.6,-1.1139e-05
123.65,-1.0653e-05
123.7,-9.6269e-06
123.75,-8.1153e-06
123.8,-6.1944e-06
123.85,-3.9594e-06
123.9,-1.5267e-06
123.95,9.8272e-07
124,3.4426e-06
124.05,5.7259e-06
124.1,7.7204e-06
124.15,9.3246e-06
124.2,1.0456e-05
124.25,1.106e-05
124.3,1.1106e-05
124.35,1.059e-05
124.4,9.5411e-06
124.45,8.0103e-06
124.5,6.0757e-06
124.55,3.8366e-06
124.6,1.4034e-06
124.65,-1.0992e-06
124.7,-3.5446e-06
124.75,-5.8119e-06
124.8,-7.7845e-06
124.85,-9.3639e-06
124.9,-1.0472e-05
124.95,-1.1051e-05
125,-1.1073e-05
125.05,-1.0538e-05
125.1,-9.4714e-06
125.15,-7.9292e-06
125.2,-5.9884e-06
125.25,-3.7455e-06
125.3,-1.3165e-06
125.35,1.1787e-06
125.4,3.6142e-06
125.45,5.8655e-06
125.5,7.8222e-06
125.55,9.3848e-06
125.6,1.0474e-05
125.65,1.1037e-05
125.7,1.1044e-05
125.75,1.0496e-05
125.8,9.4215e-06
125.85,7.8729e-06
125.9,5.9294e-06
125.95,3.6896e-06
126,1.264e-06
126.05,-1.2236e-06
126.1,-3.6482e-06
126.15,-5.89e-06
126.2,-7.8344e-06
126.25,-9.3848e-06
126.3,-1.0465e-05
126.35,-1.1017e-05
126.4,-1.1018e-05
126.45,-1.0466e-05
126.5,-9.388e-06
126.55,-7.8407e-06
126.6,-5.9005e-06
126.65,-3.6642e-06
126.7,-1.2464e-06
126.75,1.2338e-06
126.8,3.6517e-06
126.85,5.8844e-06
126.9,7.8226e-06
126.95,9.3681e-06
127,1.0443e-05
127.05,1.0995e-05
127.1,1.0996e-05
127.15,1.0446e-05
127.2,9.374e-06
127.25,7.8323e-06
127.3,5.8991e-06
127.35,3.6723e-06
127.4,1.2615e-06
127.45,-1.2112e-06
127.5,-3.6218e-06
127.55,-5.8514e-06
127.6,-7.7868e-06
127.65,-9.332e-06
127.7,-1.0411e-05
127.75,-1.0968e-05
127.8,-1.0977e-05
127.85,-1.0438e-05
127.9,-9.3757e-06
127.95,-7.8467e-06
128,-5.9262e-06
128.05,-3.7094e-06
128.1,-1.3094e-06
128.15,1.1558e-06
128.2,3.5628e-06
128.25,5.7898e-06
128.3,7.728e-06
128.35,9.2798e-06
128.4,1.0367e-05
128.45,1.0937e-05
128.5,1.0961e-05
128.55,1.0438e-05
128.6,9.3953e-06
128.65,7.8835e-06
128.7,5.9791e-06
128.75,3.778e-06
128.8,1.3884e-06
128.85,-1.0692e-06
128.9,-3.472e-06
128.95,-5.7018e-06
129,-7.6462e-06
129.05,-9.2087e-06
129.1,-1.0313e-05
129.15,-1.0902e-05
129.2,-1.0948e-05
129.25,-1.0449e-05
129.3,-9.4292e-06
129.35,-7.9411e-06
129.4,-6.0583e-06
129.45,-3.8738e-06
129.5,-1.4982e-06
129.55,9.5136e-07
129.6,3.3532e-06
129.65,5.5864e-06
129.7,7.5416e-06
129.75,9.1212e-06
129.8,1.0246e-05
129.85,1.0861e-05
129.9,1.0936e-05
129.95,1.0467e-05
130,9.4786e-06
130.05,8.0189e-06
130.1,6.1611e-06
130.15,3.9985e-06
130.2,1.6375e-06
130.25,-8.0393e-07
130.3,-3.204e-06
130.35,-5.4447e-06
130.4,-7.414e-06
130.45,-9.0143e-06
130.5,-1.0167e-05
130.55,-1.0814e-05
130.6,-1.0924e-05
130.65,-1.0493e-05
130.7,-9.54e-06
130.75,-8.1147e-06
130.8,-6.2877e-06
130.85,-4.1486e-06
130.9,-1.8053e-06
130.95,6.2676e-07
131,3.0275e-06
131.05,5.2763e-06
131.1,7.2632e-06
131.15,8.8899e-06
131.2,1.0074e-05
131.25,1.076e-05
131.3,1.0912e-05
131.35,1.0523e-05
131.4,9.6135e-06
131.45,8.228e-06
131.5,6.4351e-06
131.55,4.3248e-06
131.6,2.0008e-06
131.65,-4.2151e-07
131.7,-2.8216e-06
131.75,-5.0815e-06
131.8,-7.0891e-06
131.85,-8.7449e-06
131.9,-9.9679e-06
131.95,-1.0697e-05
132,-1.0897e-05
132.05,-1.0558e-05
132.1,-9.6962e-06
132.15,-8.3557e-06
132.2,-6.6031e-06
132.25,-4.5239e-06
132.3,-2.2224e-06
132.35,1.88e-07
132.4,2.5889e-06
132.45,4.8603e-06
132.5,6.8908e-06
132.55,8.5808e-06
132.6,9.8456e-06
132.65,1.0624e-05
132.7,1.0878e-05
132.75,1.0594e-05
132.8,9.787e-06
132.85,8.4976e-06
132.9,6.7888e-06
132.95,4.746e-06
133,2.4697e-06
133.05,7.2032e-08
133.1,-2.3279e-06
133.15,-4.6122e-06
133.2,-6.6684e-06
133.25,-8.3946e-06
133.3,-9.7065e-06
133.35,-1.0539e-05
133.4,-1.0852e-05
133.45,-1.063e-05
133.5,-9.8833e-06
133.55,-8.65e-06
133.6,-6.9913e-06
133.65,-4.9883e-06
133.7,-2.7403e-06
133.75,-3.5855e-07
133.8,2.0406e-06
133.85,4.338e-06
133.9,6.4207e-06
133.95,8.1872e-06
134,9.5494e-06
134.05,1.0441e-05
134.1,1.0819e-05
134.15,1.0663e-05
134.2,9.9832e-06
134.25,8.8123e-06
134.3,7.208e-06
134.35,5.2498e-06
134.4,3.0343e-06
134.45,6.6992e-07
134.5,-1.7262e-06
134.55,-4.0365e-06
134.6,-6.1478e-06
134.65,-7.9558e-06
134.7,-9.3721e-06
134.75,-1.0327e-05
134.8,-1.0774e-05
134.85,-1.0692e-05
134.9,-1.0084e-05
134.95,-8.9807e-06
135,-7.4369e-06
135.05,-5.5283e-06
135.1,-3.3485e-06
135.15,-1.0055e-06
135.2,1.3863e-06
135.25,3.7091e-06
135.3,5.8487e-06
135.35,7.7008e-06
135.4,9.1741e-06
135.45,1.0196e-05
135.5,1.0718e-05
135.55,1.0714e-05
135.6,1.0184e-05
135.65,9.1542e-06
135.7,7.6759e-06
135.75,5.8218e-06
135.8,3.6829e-06
135.85,1.364e-06
135.9,-1.0208e-06
135.95,-3.3545e-06
136,-5.5231e-06
136.05,-7.4202e-06
136.1,-8.9529e-06
136.15,-1.0046e-05
136.2,-1.0647e-05
136.25,-1.0726e-05
136.3,-1.0279e-05
136.35,-9.3288e-06
136.4,-7.9221e-06
136.45,-6.1281e-06
136.5,-4.0342e-06
136.55,-1.744e-06
136.6,6.3093e-07
136.65,2.9743e-06
136.7,5.1708e-06
136.75,7.1136e-06
136.8,8.7079e-06
136.85,9.875e-06
136.9,1.0559e-05
136.95,1.0726e-05
137,1.0368e-05
137.05,9.5028e-06
137.1,8.1735e-06
137.15,6.4448e-06
137.2,4.4017e-06
137.25,2.1442e-06
137.3,-2.1744e-07
137.35,-2.5675e-06
137.4,-4.7911e-06
137.45,-6.7798e-06
137.5,-8.4366e-06
137.55,-9.6804e-06
137.6,-1.0451e-05
137.65,-1.071e-05
137.7,-1.0447e-05
137.75,-9.6726e-06
137.8,-8.4264e-06
137.85,-6.7694e-06
137.9,-4.7822e-06
137.95,-2.5624e-06
138,-2.1834e-07
138.05,2.1357e-06
138.1,4.3844e-06
138.15,6.4183e-06
138.2,8.1386e-06
138.25,9.4609e-06
138.3,1.0321e-05
138.35,1.0678e-05
138.4,1.0513e-05
138.45,9.8356e-06
138.5,8.6789e-06
138.55,7.0993e-06
138.6,5.1741e-06
138.65,2.9974e-06
138.7,6.7536e-07
138.75,-1.6788e-06
138.8,-3.9501e-06
138.85,-6.0281e-06
138.9,-7.8118e-06
138.95,-9.214e-06
139,-1.0167e-05
139.05,-1.0624e-05
139.1,-1.0563e-05
139.15,-9.9883e-06
139.2,-8.9269e-06
139.25,-7.4312e-06
139.3,-5.5742e-06
139.35,-3.4464e-06
139.4,-1.1517e-06
139.45,1.1983e-06
139.5,3.4891e-06
139.55,5.6092e-06
139.6,7.4556e-06
139.65,8.9386e-06
139.7,9.9861e-06
139.75,1.0547e-05
139.8,1.0595e-05
139.85,1.0128e-05
139.9,9.1679e-06
139.95,7.7626e-06
140,5.9803e-06
140.05,3.9076e-06
140.1,1.646e-06
140.15,-6.9486e-07
140.2,-3.0012e-06
140.25,-5.1606e-06
140.3,-7.0685e-06
140.35,-8.6325e-06
140.4,-9.7761e-06
140.45,-1.0444e-05
140.5,-1.0605e-05
140.55,-1.0251e-05
140.6,-9.398e-06
140.65,-8.0895e-06
140.7,-6.3886e-06
140.75,-4.378e-06
140.8,-2.1557e-06
140.85,1.705e-07
140.9,2.4877e-06
140.95,4.683e-06
141,6.6504e-06
141.05,8.2945e-06
141.1,9.5353e-06
141.15,1.0313e-05
141.2,1.059e-05
141.25,1.0353e-05
141.3,9.6143e-06
141.35,8.4092e-06
141.4,6.7968e-06
141.45,4.8552e-06
141.5,2.679e-06
141.55,3.7381e-07
141.6,-1.9489e-06
141.65,-4.176e-06
141.7,-6.1999e-06
141.75,-7.9229e-06
141.8,-9.261e-06
141.85,-1.015e-05
141.9,-1.0547e-05
141.95,-1.0432e-05
142,-9.8124e-06
142.05,-8.7174e-06
142.1,-7.2005e-06
142.15,-5.3356e-06
142.2,-3.2128e-06
142.25,-9.3521e-07
142.3,1.3868e-06
142.35,3.6407e-06
142.4,5.7177e-06
142.45,7.5171e-06
142.5,8.9521e-06
142.55,9.9533e-06
142.6,1.0472e-05
142.65,1.0484e-05
142.7,9.9894e-06
142.75,9.0109e-06
142.8,7.5971e-06
142.85,5.8163e-06
142.9,3.7546e-06
142.95,1.5123e-06
143,-8.0232e-07
143.05,-3.0775e-06
143.1,-5.2027e-06
143.15,-7.0758e-06
143.2,-8.6064e-06
143.25,-9.72e-06
143.3,-1.0364e-05
143.35,-1.0506e-05
143.4,-1.0141e-05
143.45,-9.2854e-06
143.5,-7.9819e-06
143.55,-6.293e-06
143.6,-4.3009e-06
143.65,-2.1017e-06
143.7,1.9832e-07
143.75,2.4878e-06
143.8,4.6563e-06
143.85,6.5992e-06
143.9,8.2228e-06
143.95,9.4489e-06
144,1.0218e-05
144.05,1.0494e-05
144.1,1.0264e-05
144.15,9.5374e-06
144.2,8.3513e-06
144.25,6.7629e-06
144.3,4.8484e-06
144.35,2.7008e-06
144.4,4.2397e-07
144.45,-1.8729e-06
144.5,-4.0783e-06
144.55,-6.0861e-06
144.6,-7.8002e-06
144.65,-9.1372e-06
144.7,-1.0033e-05
144.75,-1.0445e-05
144.8,-1.0353e-05
144.85,-9.7623e-06
144.9,-8.7011e-06
144.95,-7.2207e-06
145,-5.3931e-06
145.05,-3.3062e-06
145.1,-1.0606e-06
145.15,1.2351e-06
145.2,3.4705e-06
145.25,5.538e-06
145.3,7.3379e-06
145.35,8.7838e-06
145.4,9.8063e-06
145.45,1.0356e-05
145.5,1.0407e-05
145.55,9.9567e-06
145.6,9.0269e-06
145.65,7.6633e-06
145.7,5.9314e-06
145.75,3.9141e-06
145.8,1.7097e-06
145.85,-5.7628e-07
145.9,-2.8341e-06
145.95,-4.9541e-06
146,-6.8353e-06
146.05,-8.3874e-06
146.1,-9.5348e-06
146.15,-1.0223e-05
146.2,-1.042e-05
146.25,-1.0115e-05
146.3,-9.3246e-06
146.35,-8.0856e-06
146.4,-6.458e-06
146.45,-4.5208e-06
146.5,-2.367e-06
146.55,-9.9823e-08
146.6,2.171e-06
146.65,4.3366e-06
146.7,6.2933e-06
146.75,7.9467e-06
146.8,9.2179e-06
146.85,1.0046e-05
146.9,1.039e-05
146.95,1.0236e-05
147,9.5898e-06
147.05,8.483e-06
147.1,6.9697e-06
147.15,5.122e-06
147.2,3.0288e-06
147.25,7.9144e-07
147.3,-1.4836e-06
147.35,-3.6864e-06
147.4,-5.7111e-06
147.45,-7.4616e-06
147.5,-8.8531e-06
147.55,-9.8188e-06
147.6,-1.0314e-05
147.65,-1.0313e-05
147.7,-9.8173e-06
147.75,-8.8512e-06
147.8,-7.4604e-06
147.85,-5.7124e-06
147.9,-3.6912e-06
147.95,-1.4933e-06
148,7.7519e-07
148.05,3.0056e-06
148.1,5.0913e-06
148.15,6.932e-06
148.2,8.4397e-06
148.25,9.5426e-06
148.3,1.0187e-05
148.35,1.0343e-05
148.4,1.0004e-05
148.45,9.185e-06
148.5,7.9262e-06
148.55,6.2884e-06
148.6,4.3492e-06
148.65,2.2028e-06
148.7,-4.827e-08
148.75,-2.2968e-06
148.8,-4.4338e-06
148.85,-6.3579e-06
148.9,-7.9774e-06
148.95,-9.2135e-06
149,-1.0008e-05
149.05,-1.0324e-05
149.1,-1.0144e-05
149.15,-9.4797e-06
149.2,-8.3616e-06
149.25,-6.8431e-06
149.3,-4.9981e-06
149.35,-2.9146e-06
149.4,-6.918e-07
149.45,1.5628e-06
149.5,3.7418e-06
149.55,5.7414e-06
149.6,7.4653e-06
149.65,8.8316e-06
149.7,9.7751e-06
149.75,1.025e-05
149.8,1.0235e-05
149.85,9.7313e-06
149.9,8.7611e-06
149.95,7.3732e-06
150,5.6331e-06
150.05,3.6237e-06
150.1,1.4426e-06
150.15,-8.0705e-07
150.2,-3.0176e-06
150.25,-5.0824e-06
150.3,-6.9041e-06
150.35,-8.3955e-06
150.4,-9.4844e-06
150.45,-1.012e-05
150.5,-1.0273e-05
150.55,-9.9334e-06
150.6,-9.1203e-06
150.65,-7.8717e-06
150.7,-6.2473e-06
150.75,-4.3256e-06
150.8,-2.1977e-06
150.85,3.457e-08
150.9,2.2639e-06
150.95,4.3847e-06
151,6.2954e-06
151.05,7.9047e-06
151.1,9.1364e-06
151.15,9.9315e-06
151.2,1.0252e-05
151.25,1.0084e-05
151.3,9.4337e-06
151.35,8.3336e-06
151.4,6.837e-06
151.45,5.0141e-06
151.5,2.9527e-06
151.55,7.5172e-07
151.6,-1.485e-06
151.65,-3.6498e-06
151.7,-5.6394e-06
151.75,-7.3601e-06
151.8,-8.7289e-06
151.85,-9.6805e-06
151.9,-1.0171e-05
151.95,-1.0176e-05
152,-9.6956e-06
152.05,-8.7536e-06
152.1,-7.3943e-06
152.15,-5.6832e-06
152.2,-3.7021e-06
152.25,-1.5447e-06
152.3,6.8521e-07
152.35,2.8814e-06
152.4,4.9401e-06
152.45,6.7624e-06
152.5,8.2618e-06
152.55,9.3677e-06
152.6,1.0026e-05
152.65,1.0207e-05
152.7,9.9026e-06
152.75,9.1256e-06
152.8,7.9146e-06
152.85,6.3277e-06
152.9,4.4392e-06
152.95,2.3405e-06
153,1.314e-07
153.05,-2.084e-06
153.1,-4.1986e-06
153.15,-6.1127e-06
153.2,-7.736e-06
153.25,-8.9897e-06
153.3,-9.8153e-06
153.35,-1.0174e-05
153.4,-1.0048e-05
153.45,-9.4442e-06
153.5,-8.3915e-06
153.55,-6.9394e-06
153.6,-5.1582e-06
153.65,-3.1323e-06
153.7,-9.5755e-07
153.75,1.2614e-06
153.8,3.4195e-06
153.85,5.4149e-06
153.9,7.1515e-06
153.95,8.5477e-06
154,9.5375e-06
154.05,1.0073e-05
154.1,1.0129e-05
154.15,9.705e-06
154.2,8.8184e-06
154.25,7.5138e-06
154.3,5.8527e-06
154.35,3.9133e-06
154.4,1.7894e-06
154.45,-4.1887e-07
154.5,-2.6072e-06
154.55,-4.6698e-06
154.6,-6.5104e-06
154.65,-8.0416e-06
154.7,-9.1893e-06
154.75,-9.9008e-06
154.8,-1.0142e-05
154.85,-9.9009e-06
154.9,-9.1902e-06
154.95,-8.0434e-06
155,-6.5145e-06
155.05,-4.6776e-06
155.1,-2.619e-06
155.15,-4.3637e-07
155.2,1.7655e-06
155.25,3.883e-06
155.3,5.8159e-06
155.35,7.4715e-06
155.4,8.7725e-06
155.45,9.6569e-06
155.5,1.0082e-05
155.55,1.003e-05
155.6,9.5011e-06
155.65,8.5213e-06
155.7,7.1387e-06
155.75,5.4176e-06
155.8,3.4396e-06
155.85,1.3002e-06
155.9,-9.0075e-07
155.95,-3.0585e-06
156,-5.0694e-06
156.05,-6.8402e-06
156.1,-8.2862e-06
156.15,-9.3379e-06
156.2,-9.9474e-06
156.25,-1.0085e-05
156.3,-9.7442e-06
156.35,-8.9423e-06
156.4,-7.7165e-06
156.45,-6.1251e-06
156.5,-4.2448e-06
156.55,-2.1635e-06
156.6,1.9825e-08
156.65,2.2007e-06
156.7,4.2771e-06
156.75,6.1502e-06
156.8,7.7309e-06
156.85,8.9455e-06
156.9,9.7357e-06
156.95,1.0064e-05
157,9.9169e-06
157.05,9.2994e-06
157.1,8.2414e-06
157.15,6.7946e-06
157.2,5.0259e-06
157.25,3.0198e-06
157.3,8.7226e-07
157.35,-1.3167e-06
157.4,-3.4423e-06
157.45,-5.4036e-06
157.5,-7.1096e-06
157.55,-8.4781e-06
157.6,-9.4444e-06
157.65,-9.9644e-06
157.7,-1.0012e-05
157.75,-9.5862e-06
157.8,-8.7074e-06
157.85,-7.4164e-06
157.9,-5.7751e-06
157.95,-3.8618e-06
158,-1.7658e-06
158.05,4.1288e-07
158.1,2.5707e-06
158.15,4.6069e-06
158.2,6.4243e-06
158.25,7.9371e-06
158.3,9.0748e-06
158.35,9.7824e-06
158.4,1.0027e-05
158.45,9.799e-06
158.5,9.1067e-06
158.55,7.9842e-06
158.6,6.4856e-06
158.65,4.6801e-06
158.7,2.6543e-06
158.75,5.0445e-07
158.8,-1.6695e-06
158.85,-3.7633e-06
158.9,-5.6781e-06
158.95,-7.3252e-06
159,-8.6249e-06
159.05,-9.5165e-06
159.1,-9.9592e-06
159.15,-9.9307e-06
159.2,-9.4331e-06
159.25,-8.4909e-06
159.3,-7.1472e-06
159.35,-5.4669e-06
159.4,-3.5294e-06
159.45,-1.4252e-06
159.5,7.4518e-07
159.55,2.8793e-06
159.6,4.8775e-06
159.65,6.6443e-06
159.7,8.0968e-06
159.75,9.1675e-06
159.8,9.8042e-06
159.85,9.9783e-06
159.9,9.6822e-06
159.95,8.9282e-06
160,7.7537e-06
160.05,6.2144e-06
160.1,4.3813e-06
160.15,2.3429e-06
160.2,1.9495e-07
160.25,-1.9625e-06
160.3,-4.0257e-06
160.35,-5.8983e-06
160.4,-7.4931e-06
160.45,-8.733e-06
160.5,-9.5608e-06
160.55,-9.9383e-06
160.6,-9.8462e-06
160.65,-9.2901e-06
160.7,-8.2968e-06
160.75,-6.9117e-06
160.8,-5.202e-06
160.85,-3.2478e-06
160.9,-1.1404e-06
160.95,1.0193e-06
161,3.1302e-06
161.05,5.0937e-06
161.1,6.8156e-06
161.15,8.2161e-06
161.2,9.2296e-06
161.25,9.8068e-06
161.3,9.9225e-06
161.35,9.5712e-06
161.4,8.7679e-06
161.45,7.5527e-06
161.5,5.9825e-06
161.55,4.1299e-06
161.6,2.0845e-06
161.65,-5.8383e-08
161.7,-2.1988e-06
161.75,-4.2337e-06
161.8,-6.0689e-06
161.85,-7.6187e-06
161.9,-8.8081e-06
161.95,-9.5828e-06
162,-9.9068e-06
162.05,-9.7633e-06
162.1,-9.1609e-06
162.15,-8.1278e-06
162.2,-6.7116e-06
162.25,-4.9809e-06
162.3,-3.0164e-06
162.35,-9.0967e-07
162.4,1.2381e-06
162.45,3.3271e-06
162.5,5.2596e-06
162.55,6.943e-06
162.6,8.2997e-06
162.65,9.2661e-06
162.7,9.7952e-06
162.75,9.8642e-06
162.8,9.4695e-06
162.85,8.6284e-06
162.9,7.3828e-06
162.95,5.7907e-06
163,3.9256e-06
163.05,1.8778e-06
163.1,-2.5782e-07
163.15,-2.3815e-06
163.2,-4.3912e-06
163.25,-6.1943e-06
163.3,-7.7065e-06
163.35,-8.8546e-06
163.4,-9.5868e-06
163.45,-9.8687e-06
163.5,-9.6856e-06
163.55,-9.0481e-06
163.6,-7.9859e-06
163.65,-6.5478e-06
163.7,-4.8035e-06
163.75,-2.834e-06
163.8,-7.3116e-07
163.85,1.4042e-06
163.9,3.4733e-06
163.95,5.3791e-06
164,7.0306e-06
164.05,8.3521e-06
164.1,9.2811e-06
164.15,9.7729e-06
164.2,9.8066e-06
164.25,9.3799e-06
164.3,8.5116e-06
164.35,7.2452e-06
164.4,5.639e-06
164.45,3.7676e-06
164.5,1.7212e-06
164.55,-4.057e-07
164.6,-2.5137e-06
164.65,-4.5015e-06
164.7,-6.2782e-06
164.75,-7.7603e-06
164.8,-8.8763e-06
164.85,-9.5762e-06
164.9,-9.8269e-06
164.95,-9.6154e-06
165,-8.9536e-06
165.05,-7.8719e-06
165.1,-6.4204e-06
165.15,-4.6693e-06
165.2,-2.6994e-06
165.25,-6.0278e-07
165.3,1.5202e-06
165.35,3.5717e-06
165.4,5.4556e-06
165.45,7.0819e-06
165.5,8.3764e-06
165.55,9.2779e-06
165.6,9.7428e-06
165.65,9.752e-06
165.7,9.3039e-06
165.75,8.4185e-06
165.8,7.1401e-06
165.85,5.5272e-06
165.9,3.6547e-06
165.95,1.6129e-06
166,-5.0432e-07
166.05,-2.5979e-06
166.1,-4.5677e-06
166.15,-6.3236e-06
166.2,-7.7831e-06
166.25,-8.8761e-06
166.3,-9.5537e-06
166.35,-9.7838e-06
166.4,-9.5543e-06
166.45,-8.8782e-06
166.5,-7.7863e-06
166.55,-6.3291e-06
166.6,-4.5772e-06
166.65,-2.611e-06
166.7,-5.2246e-07
166.75,1.5886e-06
166.8,3.6252e-06
166.85,5.4919e-06
166.9,7.0997e-06
166.95,8.3753e-06
167,9.2586e-06
167.05,9.7069e-06
167.1,9.7019e-06
167.15,9.2425e-06
167.2,8.3494e-06
167.25,7.0672e-06
167.3,5.4542e-06
167.35,3.5856e-06
167.4,1.5511e-06
167.45,-5.559e-07
167.5,-2.6368e-06
167.55,-4.5922e-06
167.6,-6.3331e-06
167.65,-7.7774e-06
167.7,-8.8561e-06
167.75,-9.521e-06
167.8,-9.7404e-06
167.85,-9.503e-06
167.9,-8.8222e-06
167.95,-7.7287e-06
168,-6.2732e-06
168.05,-4.5259e-06
168.1,-2.5671e-06
168.15,-4.8815e-07
168.2,1.6117e-06
168.25,3.6361e-06
168.3,5.4903e-06
168.35,7.086e-06
168.4,8.3509e-06
168.45,9.2249e-06
168.5,9.6663e-06
168.55,9.6569e-06
168.6,9.1958e-06
168.65,8.3039e-06
168.7,7.0255e-06
168.75,5.4188e-06
168.8,3.5584e-06
168.85,1.5338e-06
168.9,-5.6254e-07
168.95,-2.6325e-06
169,-4.5773e-06
169.05,-6.3086e-06
169.1,-7.745e-06
169.15,-8.8177e-06
169.2,-9.4791e-06
169.25,-9.6976e-06
169.3,-9.4618e-06
169.35,-8.7852e-06
169.4,-7.6983e-06
169.45,-6.2512e-06
169.5,-4.5139e-06
169.55,-2.5658e-06
169.6,-4.9785e-07
169.65,1.5914e-06
169.7,3.6063e-06
169.75,5.4527e-06
169.8,7.0427e-06
169.85,8.3043e-06
169.9,9.1779e-06
169.95,9.6215e-06
170,9.6171e-06
170.05,9.1636e-06
170.1,8.2812e-06
170.15,7.0141e-06
170.2,5.4196e-06
170.25,3.5716e-06
170.3,1.5591e-06
170.35,-5.262e-07
170.4,-2.587e-06
170.45,-4.5247e-06
170.5,-6.2518e-06
170.55,-7.6871e-06
170.6,-8.7618e-06
170.65,-9.4284e-06
170.7,-9.6552e-06
170.75,-9.4302e-06
170.8,-8.7665e-06
170.85,-7.6939e-06
170.9,-6.2618e-06
170.95,-4.5394e-06
171,-2.6053e-06
171.05,-5.4963e-07
171.1,1.5297e-06
171.15,3.5377e-06
171.2,5.3806e-06
171.25,6.9708e-06
171.3,8.2364e-06
171.35,9.1177e-06
171.4,9.5724e-06
171.45,9.582e-06
171.5,9.1448e-06
171.55,8.2801e-06
171.6,7.0312e-06
171.65,5.4546e-06
171.7,3.6232e-06
171.75,1.6251e-06
171.8,-4.4875e-07
171.85,-2.5018e-06
171.9,-4.4359e-06
171.95,-6.1638e-06
172,-7.6045e-06
172.05,-8.6887e-06
172.1,-9.3689e-06
172.15,-9.6126e-06
172.2,-9.4072e-06
172.25,-8.7646e-06
172.3,-7.7138e-06
172.35,-6.303e-06
172.4,-4.6004e-06
172.45,-2.6836e-06
172.5,-6.4161e-07
172.55,1.4282e-06
172.6,3.4315e-06
172.65,5.275e-06
172.7,6.871e-06
172.75,8.1474e-06
172.8,9.0443e-06
172.85,9.5185e-06
172.9,9.5506e-06
172.95,9.138e-06
173,8.2988e-06
173.05,7.075e-06
173.1,5.5219e-06
173.15,3.7112e-06
173.2,1.7298e-06
173.25,-3.3195e-07
173.3,-2.3785e-06
173.35,-4.3121e-06
173.4,-6.0452e-06
173.45,-7.4973e-06
173.5,-8.5983e-06
173.55,-9.2999e-06
173.6,-9.5689e-06
173.65,-9.3913e-06
173.7,-8.7779e-06
173.75,-7.7562e-06
173.8,-6.3729e-06
173.85,-4.6949e-06
173.9,-2.7987e-06
173.95,-7.7197e-07
174,1.2886e-06
174.05,3.2892e-06
174.1,5.1368e-06
174.15,6.7437e-06
174.2,8.0372e-06
174.25,8.9571e-06
174.3,9.4586e-06
174.35,9.5214e-06
174.4,9.1416e-06
174.45,8.3354e-06
174.5,7.1433e-06
174.55,5.6194e-06
174.6,3.8334e-06
174.65,1.8714e-06
174.7,-1.7747e-07
174.75,-2.2185e-06
174.8,-4.154e-06
174.85,-5.8966e-06
174.9,-7.3655e-06
174.95,-8.4899e-06
175,-9.2203e-06
175.05,-9.5226e-06
175.1,-9.3808e-06
175.15,-8.8041e-06
175.2,-7.8187e-06
175.25,-6.4691e-06
175.3,-4.8206e-06
175.35,-2.9485e-06
175.4,-9.3888e-07
175.45,1.1123e-06
175.5,3.1116e-06
175.55,4.9665e-06
175.6,6.5889e-06
175.65,7.9054e-06
175.7,8.8549e-06
175.75,9.3914e-06
175.8,9.4926e-06
175.85,9.1533e-06
175.9,8.3875e-06
175.95,7.2336e-06
176,5.7445e-06
176.05,3.9877e-06
176.1,2.0477e-06
176.15,1.3055e-08
176.2,-2.0228e-06
176.25,-3.9624e-06
176.3,-5.718e-06
176.35,-7.2087e-06
176.4,-8.3627e-06
176.45,-9.1288e-06
176.5,-9.4717e-06
176.55,-9.3735e-06
176.6,-8.841e-06
176.65,-7.8989e-06
176.7,-6.5891e-06
176.75,-4.975e-06
176.8,-3.1308e-06
176.85,-1.1405e-06
176.9,9.007e-07
176.95,2.8996e-06
177,4.7645e-06
177.05,6.4064e-06
177.1,7.751e-06
177.15,8.7366e-06
177.2,9.315e-06
177.25,9.4619e-06
177.3,9.1707e-06
177.35,8.4525e-06
177.4,7.3435e-06
177.45,5.8948e-06
177.5,4.1716e-06
177.55,2.2567e-06
177.6,2.3799e-07
177.65,-1.7926e-06
177.7,-3.7379e-06
177.75,-5.5094e-06
177.8,-7.0263e-06
177.85,-8.2154e-06
177.9,-9.0236e-06
177.95,-9.4142e-06
178,-9.3669e-06
178.05,-8.8859e-06
178.1,-7.9938e-06
178.15,-6.7301e-06
178.2,-5.1557e-06
178.25,-3.3433e-06
178.3,-1.3751e-06
178.35,6.5516e-07
178.4,2.6542e-06
178.45,4.5308e-06
178.5,6.1957e-06
178.55,7.5732e-06
178.6,8.6004e-06
178.65,9.2273e-06
178.7,9.427e-06
178.75,9.1909e-06
178.8,8.5275e-06
178.85,7.4698e-06
178.9,6.0673e-06
178.95,4.3827e-06
179,2.4964e-06
179.05,4.9566e-07
179.1,-1.5289e-06
179.15,-3.4809e-06
179.2,-5.2707e-06
179.25,-6.8175e-06
179.3,-8.0467e-06
179.35,-8.9028e-06
179.4,-9.3477e-06
179.45,-9.3582e-06
179.5,-8.9357e-06
179.55,-8.1005e-06
179.6,-6.8892e-06
179.65,-5.3598e-06
179.7,-3.5836e-06
179.75,-1.6405e-06
179.8,3.7709e-07
179.85,2.376e-06
179.9,4.2656e-06
179.95,5.9564e-06
180,7.3706e-06
180.05,8.4446e-06
180.1,9.1262e-06
180.15,9.3851e-06
180.2,9.2111e-06
180.25,8.6094e-06
180.3,7.6095e-06
180.35,6.2592e-06
180.4,4.6182e-06
180.45,2.7644e-06
180.5,7.8433e-07
180.55,-1.233e-06
180.6,-3.1919e-06
180.65,-5.0016e-06
180.7,-6.5812e-06
180.75,-7.8549e-06
180.8,-8.7642e-06
180.85,-9.2694e-06
180.9,-9.3446e-06
180.95,-8.9873e-06
181,-8.2157e-06
181.05,-7.0632e-06
181.1,-5.5844e-06
181.15,-3.8491e-06
181.2,-1.9349e-06
181.25,6.7952e-08
181.3,2.0659e-06
181.35,3.9691e-06
181.4,5.6877e-06
181.45,7.142e-06
181.5,8.2672e-06
181.55,9.009e-06
181.6,9.3334e-06
181.65,9.2279e-06
181.7,8.6948e-06
181.75,7.7593e-06
181.8,6.4672e-06
181.85,4.8753e-06
181.9,3.0584e-06
181.95,1.1021e-06
182,-9.0592e-07
182.05,-2.8713e-06
182.1,-4.702e-06
182.15,-6.3166e-06
182.2,-7.6384e-06
182.25,-8.6056e-06
182.3,-9.1766e-06
182.35,-9.3227e-06
182.4,-9.0373e-06
182.45,-8.3359e-06
182.5,-7.2486e-06
182.55,-5.8264e-06
182.6,-4.137e-06
182.65,-2.2558e-06
182.7,-2.7069e-07
182.75,1.7248e-06
182.8,3.6413e-06
182.85,5.389e-06
182.9,6.8861e-06
182.95,8.0662e-06
183,8.8731e-06
183.05,9.2687e-06
183.1,9.238e-06
183.15,8.7801e-06
183.2,7.9157e-06
183.25,6.688e-06
183.3,5.1509e-06
183.35,3.3757e-06
183.4,1.447e-06
183.45,-5.4907e-07
183.5,-2.5197e-06
183.55,-4.3715e-06
183.6,-6.0226e-06
183.65,-7.3954e-06
183.7,-8.4247e-06
183.75,-9.0663e-06
183.8,-9.2893e-06
183.85,-9.0821e-06
183.9,-8.4573e-06
183.95,-7.442e-06
184,-6.0825e-06
184.05,-4.4444e-06
184.1,-2.6009e-06
184.15,-6.3712e-07
184.2,1.3537e-06
184.25,3.2825e-06
184.3,5.0598e-06
184.35,6.6016e-06
184.4,7.8396e-06
184.45,8.7158e-06
184.5,9.188e-06
184.55,9.2379e-06
184.6,8.8615e-06
184.65,8.0749e-06
184.7,6.9178e-06
184.75,5.4417e-06
184.8,3.7138e-06
184.85,1.8168e-06
184.9,-1.6395e-07
184.95,-2.1377e-06
185,-4.0102e-06
185.05,-5.6983e-06
185.1,-7.1241e-06
185.15,-8.219e-06
185.2,-8.9357e-06
185.25,-9.2408e-06
185.3,-9.1181e-06
185.35,-8.5763e-06
185.4,-7.6394e-06
185.45,-6.3491e-06
185.5,-4.7681e-06
185.55,-2.9676e-06
185.6,-1.0294e-06
185.65,9.5393e-07
185.7,2.8931e-06
185.75,4.6995e-06
185.8,6.2871e-06
185.85,7.5853e-06
185.9,8.5343e-06
185.95,9.0879e-06
186,9.2238e-06
186.05,8.9352e-06
186.1,8.233e-06
186.15,7.153e-06
186.2,5.7442e-06
186.25,4.0694e-06
186.3,2.2091e-06
186.35,2.4769e-07
186.4,-1.7261e-06
186.45,-3.6181e-06
186.5,-5.343e-06
186.55,-6.8229e-06
186.6,-7.9862e-06
186.65,-8.7817e-06
186.7,-9.1737e-06
186.75,-9.1413e-06
186.8,-8.6886e-06
186.85,-7.8367e-06
186.9,-6.6225e-06
186.95,-5.1047e-06
187,-3.3528e-06
187.05,-1.4454e-06
187.1,5.2681e-07
187.15,2.4738e-06
187.2,4.3078e-06
187.25,5.9416e-06
187.3,7.3014e-06
187.35,8.3259e-06
187.4,8.9653e-06
187.45,9.192e-06
187.5,8.9969e-06
187.55,8.3858e-06
187.6,7.3894e-06
187.65,6.0544e-06
187.7,4.4393e-06
187.75,2.6212e-06
187.8,6.8384e-07
187.85,-1.2862e-06
187.9,-3.1953e-06
187.95,-4.9561e-06
188,-6.4903e-06
188.05,-7.7239e-06
188.1,-8.6014e-06
188.15,-9.0844e-06
188.2,-9.1479e-06
188.25,-8.7903e-06
188.3,-8.0298e-06
188.35,-6.8986e-06
188.4,-5.4505e-06
188.45,-3.7534e-06
188.5,-1.8825e-06
188.55,7.4029e-08
188.6,2.0254e-06
188.65,3.8846e-06
188.7,5.564e-06
188.75,6.9861e-06
188.8,8.0881e-06
188.85,8.8167e-06
188.9,9.139e-06
188.95,9.0427e-06
189,8.5292e-06
189.05,7.6231e-06
189.1,6.3685e-06
189.15,4.82e-06
189.2,3.0501e-06
189.25,1.1422e-06
189.3,-8.1937e-07
189.35,-2.7425e-06
189.4,-4.5373e-06
189.45,-6.125e-06
189.5,-7.4301e-06
189.55,-8.3919e-06
189.6,-8.9694e-06
189.65,-9.1338e-06
189.7,-8.8772e-06
189.75,-8.2143e-06
189.8,-7.1731e-06
189.85,-5.8017e-06
189.9,-4.166e-06
189.95,-2.3379e-06
190,-4.0246e-07
190.05,1.5491e-06
190.1,3.4303e-06
190.15,5.1535e-06
190.2,6.6378e-06
190.25,7.8183e-06
190.3,8.6389e-06
190.35,9.0609e-06
190.4,9.0683e-06
190.45,8.6584e-06
190.5,7.8495e-06
190.55,6.6822e-06
190.6,5.2074e-06
190.65,3.4927e-06
190.7,1.6201e-06
190.75,-3.2748e-07
190.8,-2.2602e-06
190.85,-4.0865e-06
190.9,-5.726e-06
190.95,-7.1026e-06
191,-8.1505e-06
191.05,-8.8253e-06
191.1,-9.0948e-06
191.15,-8.9448e-06
191.2,-8.3857e-06
191.25,-7.4414e-06
191.3,-6.1542e-06
191.35,-4.5867e-06
191.4,-2.8084e-06
191.45,-9.0035e-07
191.5,1.0465e-06
191.55,2.9455e-06
191.6,4.7097e-06
191.65,6.2553e-06
191.7,7.5144e-06
191.75,8.4288e-06
191.8,8.9541e-06
191.85,9.0695e-06
191.9,8.7691e-06
191.95,8.0642e-06
192,6.9909e-06
192.05,5.5973e-06
192.1,3.9454e-06
192.15,2.1146e-06
192.2,1.8722e-07
192.25,-1.7498e-06
192.3,-3.604e-06
192.35,-5.2927e-06
192.4,-6.7396e-06
192.45,-7.8747e-06
192.5,-8.6489e-06
192.55,-9.027e-06
192.6,-8.989e-06
192.65,-8.5394e-06
192.7,-7.6989e-06
192.75,-6.5035e-06
192.8,-5.0114e-06
192.85,-3.2903e-06
192.9,-1.4169e-06
192.95,5.1943e-07
193,2.4312e-06
193.05,4.2324e-06
193.1,5.8375e-06
193.15,7.1745e-06
193.2,8.1835e-06
193.25,8.815e-06
193.3,9.0424e-06
193.35,8.8565e-06
193.4,8.2624e-06
193.45,7.2902e-06
193.5,5.9852e-06
193.55,4.4042e-06
193.6,2.6225e-06
193.65,7.221e-07
193.7,-1.2129e-06
193.75,-3.0904e-06
193.8,-4.825e-06
193.85,-6.3398e-06
193.9,-7.5622e-06
193.95,-8.437e-06
194,-8.9265e-06
194.05,-9.0052e-06
194.1,-8.6708e-06
194.15,-7.9406e-06
194.2,-6.845e-06
194.25,-5.436e-06
194.3,-3.7798e-06
194.35,-1.949e-06
194.4,-2.9832e-08
194.45,1.8888e-06
194.5,3.7221e-06
194.55,5.3837e-06
194.6,6.797e-06
194.65,7.9003e-06
194.7,8.6401e-06
194.75,8.9829e-06
194.8,8.9161e-06
194.85,8.4393e-06
194.9,7.5752e-06
194.95,6.3664e-06
195,4.8647e-06
195.05,3.1401e-06
195.1,1.2741e-06
195.15,-6.5151e-07
195.2,-2.5467e-06
195.25,-4.3228e-06
195.3,-5.9024e-06
195.35,-7.2109e-06
195.4,-8.1869e-06
195.45,-8.7897e-06
195.5,-8.9891e-06
195.55,-8.7754e-06
195.6,-8.1617e-06
195.65,-7.1734e-06
195.7,-5.8559e-06
195.75,-4.2726e-06
195.8,-2.4928e-06
195.85,-5.9865e-07
195.9,1.3203e-06
195.95,3.1797e-06
196,4.8934e-06
196.05,6.3807e-06
196.1,7.577e-06
196.15,8.4261e-06
196.2,8.8873e-06
196.25,8.9434e-06
196.3,8.5898e-06
196.35,7.8411e-06
196.4,6.7358e-06
196.45,5.322e-06
196.5,3.6634e-06
196.55,1.8397e-06
196.6,-6.8531e-08
196.65,-1.9743e-06
196.7,-3.7869e-06
196.75,-5.4268e-06
196.8,-6.8189e-06
196.85,-7.8962e-06
196.9,-8.6131e-06
196.95,-8.9363e-06
197,-8.8484e-06
197.05,-8.3571e-06
197.1,-7.4836e-06
197.15,-6.2661e-06
197.2,-4.764e-06
197.25,-3.0442e-06
197.3,-1.1839e-06
197.35,7.2816e-07
197.4,2.6067e-06
197.45,4.3668e-06
197.5,5.9248e-06
197.55,7.2119e-06
197.6,8.17e-06
197.65,8.7518e-06
197.7,8.9341e-06
197.75,8.7088e-06
197.8,8.0828e-06
197.85,7.0885e-06
197.9,5.7711e-06
197.95,4.1879e-06
198,2.4151e-06
198.05,5.3284e-07
198.1,-1.3753e-06
198.15,-3.2182e-06
198.2,-4.9132e-06
198.25,-6.385e-06
198.3,-7.5625e-06
198.35,-8.3938e-06
198.4,-8.8428e-06
198.45,-8.8853e-06
198.5,-8.5219e-06
198.55,-7.7702e-06
198.6,-6.6615e-06
198.65,-5.2492e-06
198.7,-3.5986e-06
198.75,-1.7818e-06
198.8,1.1508e-07
198.85,2.005e-06
198.9,3.8048e-06
198.95,5.4289e-06
199,6.8037e-06
199.05,7.8691e-06
199.1,8.573e-06
199.15,8.8842e-06
199.2,8.7914e-06
199.25,8.2949e-06
199.3,7.4191e-06
199.35,6.2065e-06
199.4,4.7087e-06
199.45,2.996e-06
199.5,1.1488e-06
199.55,-7.5238e-07
199.6,-2.6183e-06
199.65,-4.3623e-06
199.7,-5.9087e-06
199.75,-7.184e-06
199.8,-8.1291e-06
199.85,-8.7047e-06
199.9,-8.8815e-06
199.95,-8.6512e-06
200,-8.0278e-06
200.05,-7.0365e-06
200.1,-5.7232e-06
200.15,-4.1509e-06
200.2,-2.3879e-06
200.25,-5.1569e-07
200.3,1.3774e-06
200.35,3.2087e-06
200.4,4.8931e-06
200.45,6.3517e-06
200.5,7.5216e-06
200.55,8.3474e-06
200.6,8.7899e-06
200.65,8.8329e-06
200.7,8.472e-06
200.75,7.7224e-06
200.8,6.6227e-06
200.85,5.2201e-06
200.9,3.578e-06
200.95,1.7753e-06
201,-1.0911e-07
201.05,-1.9891e-06
201.1,-3.7753e-06
201.15,-5.3901e-06
201.2,-6.7592e-06
201.25,-7.8169e-06
201.3,-8.5189e-06
201.35,-8.8324e-06
201.4,-8.7403e-06
201.45,-8.251e-06
201.5,-7.3851e-06
201.55,-6.1804e-06
201.6,-4.6959e-06
201.65,-2.9972e-06
201.7,-1.1603e-06
201.75,7.2686e-07
201.8,2.5808e-06
201.85,4.3179e-06
201.9,5.8554e-06
201.95,7.126e-06
202,8.0722e-06
202.05,8.6475e-06
202.1,8.829e-06
202.15,8.6087e-06
202.2,7.9931e-06
202.25,7.0142e-06
202.3,5.7164e-06
202.35,4.1558e-06
202.4,2.4075e-06
202.45,5.5044e-07
202.5,-1.3334e-06
202.55,-3.154e-06
202.6,-4.8299e-06
202.65,-6.2872e-06
202.7,-7.4552e-06
202.75,-8.2826e-06
202.8,-8.7338e-06
202.85,-8.7844e-06
202.9,-8.4345e-06
202.95,-7.7015e-06
203,-6.6152e-06
203.05,-5.2281e-06
203.1,-3.6043e-06
203.15,-1.8143e-06
203.2,5.7042e-08
203.25,1.924e-06
203.3,3.7049e-06
203.35,5.3151e-06
203.4,6.6816e-06
203.45,7.7452e-06
203.5,8.4536e-06
203.55,8.7757e-06
203.6,8.6997e-06
203.65,8.2252e-06
203.7,7.3752e-06
203.75,6.1914e-06
203.8,4.7236e-06
203.85,3.0406e-06
203.9,1.2216e-06
203.95,-6.5479e-07
204,-2.5005e-06
204.05,-4.2297e-06
204.1,-5.768e-06
204.15,-7.0424e-06
204.2,-7.9935e-06
204.25,-8.5822e-06
204.3,-8.7787e-06
204.35,-8.5735e-06
204.4,-7.9798e-06
204.45,-7.0212e-06
204.5,-5.7418e-06
204.55,-4.2034e-06
204.6,-2.4722e-06
204.65,-6.2806e-07
204.7,1.2419e-06
204.75,3.0564e-06
